Date, Time, Open, High, Low, Last, Volume, NumberOfTrades, BidVolume, AskVolume
2026/2/18, 08:00:00, 60.32, 60.32, 60.32, 60.32, 2, 2, 0, 2
2026/2/18, 09:00:00, 60.31, 60.31, 60.31, 60.31, 1, 1, 1, 0
2026/2/18, 10:00:00, 60.51, 60.88, 60.51, 60.88, 2, 2, 0, 2
2026/2/18, 11:00:00, 60.99, 60.99, 60.99, 60.99, 1, 1, 0, 1
2026/2/18, 12:00:00, 61.56, 61.56, 61.51, 61.51, 10, 3, 5, 5
2026/2/18, 13:00:00, 61.35, 61.35, 61.26, 61.34, 41, 18, 10, 31
2026/2/18, 14:00:00, 61.30, 61.53, 61.30, 61.53, 5, 5, 4, 1
2026/2/18, 15:00:00, 61.53, 61.58, 61.53, 61.58, 2, 2, 1, 1
2026/2/18, 16:00:00, 61.52, 61.65, 61.52, 61.65, 14, 12, 2, 12
2026/2/18, 17:00:00, 61.62, 61.80, 61.62, 61.77, 13, 11, 1, 12
2026/2/18, 18:00:00, 61.92, 61.94, 61.83, 61.83, 10, 9, 2, 8
2026/2/18, 19:00:00, 62.00, 62.02, 61.91, 61.91, 17, 8, 9, 8
2026/2/18, 20:00:00, 62.04, 62.04, 62.04, 62.04, 1, 1, 0, 1
2026/2/18, 21:00:00, 61.88, 61.88, 61.77, 61.77, 3, 3, 2, 1
2026/2/19, 08:00:00, 62.33, 62.60, 62.33, 62.60, 9, 6, 8, 1
2026/2/19, 09:00:00, 62.38, 62.38, 62.37, 62.37, 2, 2, 2, 0
2026/2/19, 10:00:00, 62.29, 62.29, 62.29, 62.29, 1, 1, 0, 1
2026/2/19, 11:00:00, 62.49, 62.50, 62.48, 62.48, 16, 10, 0, 16
2026/2/19, 12:00:00, 62.49, 62.49, 62.49, 62.49, 5, 3, 0, 5
2026/2/19, 13:00:00, 62.55, 62.58, 62.47, 62.54, 25, 14, 3, 22
2026/2/19, 14:00:00, 62.48, 62.62, 62.44, 62.62, 8, 4, 2, 6
2026/2/19, 15:00:00, 62.50, 62.72, 62.28, 62.72, 55, 32, 11, 44
2026/2/19, 16:00:00, 62.74, 62.74, 62.74, 62.74, 1, 1, 0, 1
2026/2/19, 17:00:00, 62.68, 62.68, 62.68, 62.68, 1, 1, 1, 0
2026/2/19, 18:00:00, 62.51, 62.72, 62.51, 62.72, 3, 3, 1, 2
2026/2/19, 19:00:00, 62.68, 62.71, 62.63, 62.69, 11, 7, 9, 2
2026/2/19, 20:00:00, 62.71, 62.76, 62.69, 62.73, 8, 5, 8, 0
2026/2/19, 21:00:00, 62.67, 62.78, 62.32, 62.78, 6, 6, 3, 3
2026/2/20, 01:00:00, 62.78, 62.78, 62.78, 62.78, 1, 1, 1, 0
2026/2/20, 02:00:00, 62.71, 62.71, 62.71, 62.71, 1, 1, 0, 1
2026/2/20, 03:00:00, 62.70, 62.71, 62.70, 62.71, 3, 3, 0, 3
2026/2/20, 04:00:00, 62.75, 62.75, 62.75, 62.75, 1, 1, 0, 1
2026/2/20, 05:00:00, 62.85, 62.85, 62.85, 62.85, 1, 1, 1, 0
2026/2/20, 06:00:00, 62.90, 62.90, 62.85, 62.85, 2, 2, 2, 0
2026/2/20, 07:00:00, 62.53, 62.53, 62.52, 62.52, 2, 2, 2, 0
2026/2/20, 08:00:00, 62.52, 62.54, 62.38, 62.38, 19, 16, 19, 0
2026/2/20, 09:00:00, 62.54, 62.72, 62.43, 62.43, 4, 4, 2, 2
2026/2/20, 10:00:00, 62.42, 62.42, 62.42, 62.42, 1, 1, 0, 1
2026/2/20, 11:00:00, 62.38, 62.38, 62.36, 62.36, 2, 2, 1, 1
2026/2/20, 13:00:00, 62.53, 62.60, 62.53, 62.60, 2, 2, 2, 0
2026/2/20, 14:00:00, 62.58, 62.58, 62.35, 62.58, 8, 8, 3, 5
2026/2/20, 15:00:00, 62.82, 62.82, 62.53, 62.59, 5, 5, 4, 1
2026/2/20, 18:00:00, 62.78, 62.78, 62.62, 62.62, 2, 2, 1, 1
2026/2/20, 19:00:00, 62.61, 62.74, 62.61, 62.74, 6, 6, 3, 3
2026/2/20, 20:00:00, 62.62, 62.62, 62.62, 62.62, 1, 1, 0, 1
2026/2/20, 21:00:00, 62.58, 62.60, 62.58, 62.60, 2, 2, 2, 0
2026/2/23, 02:00:00, 62.47, 62.47, 62.47, 62.47, 2, 1, 2, 0
2026/2/23, 08:00:00, 62.44, 62.44, 62.33, 62.33, 13, 9, 13, 0
2026/2/23, 09:00:00, 62.71, 62.72, 62.70, 62.72, 3, 3, 1, 2
2026/2/23, 10:00:00, 62.61, 62.61, 62.61, 62.61, 1, 1, 0, 1
2026/2/23, 12:00:00, 63.00, 63.00, 63.00, 63.00, 3, 2, 1, 2
2026/2/23, 13:00:00, 62.98, 62.98, 62.98, 62.98, 1, 1, 1, 0
2026/2/23, 14:00:00, 63.11, 63.24, 63.11, 63.24, 6, 3, 1, 5
2026/2/23, 15:00:00, 63.30, 63.30, 63.01, 63.01, 3, 3, 3, 0
2026/2/23, 16:00:00, 63.00, 63.05, 62.83, 62.83, 6, 3, 1, 5
2026/2/23, 19:00:00, 62.83, 62.88, 62.83, 62.88, 2, 2, 1, 1
2026/2/24, 10:00:00, 63.04, 63.07, 63.04, 63.07, 2, 2, 0, 2
2026/2/24, 13:00:00, 63.32, 63.32, 63.32, 63.32, 10, 1, 10, 0
2026/2/24, 14:00:00, 63.29, 63.29, 63.16, 63.16, 9, 3, 0, 9
2026/2/24, 15:00:00, 63.12, 63.12, 62.70, 62.85, 13, 11, 5, 8
2026/2/24, 16:00:00, 63.03, 63.03, 63.03, 63.03, 1, 1, 0, 1
2026/2/24, 17:00:00, 63.17, 63.17, 63.16, 63.16, 2, 2, 2, 0
2026/2/24, 19:00:00, 62.83, 62.84, 62.83, 62.83, 4, 4, 3, 1
2026/2/24, 20:00:00, 63.28, 63.28, 63.21, 63.21, 3, 3, 3, 0
2026/2/24, 21:00:00, 63.04, 63.04, 63.04, 63.04, 2, 2, 2, 0
2026/2/25, 03:00:00, 63.35, 63.35, 63.34, 63.34, 3, 3, 2, 1
2026/2/25, 09:00:00, 62.80, 62.80, 62.80, 62.80, 1, 1, 1, 0
2026/2/25, 12:00:00, 63.00, 63.00, 63.00, 63.00, 1, 1, 1, 0
2026/2/25, 14:00:00, 62.86, 62.86, 62.86, 62.86, 1, 1, 0, 1
2026/2/25, 19:00:00, 62.75, 62.75, 62.75, 62.75, 1, 1, 1, 0
2026/2/25, 20:00:00, 62.91, 62.91, 62.71, 62.71, 31, 11, 7, 24
2026/2/26, 00:00:00, 63.00, 63.00, 63.00, 63.00, 3, 3, 0, 3
2026/2/26, 02:00:00, 62.83, 62.83, 62.70, 62.70, 3, 3, 1, 2
2026/2/26, 06:00:00, 62.70, 62.70, 62.70, 62.70, 1, 1, 1, 0
2026/2/26, 10:00:00, 62.24, 62.24, 62.00, 62.00, 11, 3, 11, 0
2026/2/26, 12:00:00, 61.78, 61.78, 61.76, 61.76, 2, 2, 2, 0
2026/2/26, 13:00:00, 61.48, 61.48, 61.40, 61.40, 2, 2, 1, 1
2026/2/26, 14:00:00, 61.80, 61.98, 61.69, 61.98, 4, 4, 3, 1
2026/2/26, 15:00:00, 62.14, 63.28, 62.14, 63.28, 29, 22, 12, 17
2026/2/26, 16:00:00, 63.21, 63.23, 62.96, 62.96, 24, 21, 3, 21
2026/2/26, 17:00:00, 62.95, 62.98, 62.95, 62.98, 3, 3, 3, 0
2026/2/26, 18:00:00, 62.86, 62.86, 62.26, 62.26, 2, 2, 1, 1
2026/2/26, 19:00:00, 62.13, 62.28, 62.13, 62.26, 5, 5, 5, 0
2026/2/26, 20:00:00, 62.44, 62.44, 62.44, 62.44, 1, 1, 1, 0
2026/2/26, 23:00:00, 62.32, 62.32, 62.28, 62.28, 4, 4, 0, 4
2026/2/27, 01:00:00, 62.13, 62.13, 62.13, 62.13, 1, 1, 0, 1
2026/2/27, 02:00:00, 62.11, 62.11, 62.11, 62.11, 1, 1, 1, 0
2026/2/27, 08:00:00, 62.63, 62.63, 62.63, 62.63, 2, 2, 0, 2
2026/2/27, 09:00:00, 62.59, 62.95, 62.59, 62.95, 2, 2, 0, 2
2026/2/27, 11:00:00, 63.10, 63.11, 63.10, 63.11, 4, 4, 2, 2
2026/2/27, 12:00:00, 63.26, 63.26, 63.24, 63.26, 3, 3, 2, 1
2026/2/27, 13:00:00, 63.65, 63.82, 63.65, 63.82, 18, 16, 5, 13
2026/2/27, 14:00:00, 63.75, 63.75, 63.33, 63.33, 4, 4, 0, 4
2026/2/27, 15:00:00, 63.29, 63.29, 63.13, 63.13, 4, 4, 0, 4
2026/2/27, 16:00:00, 63.20, 63.20, 63.17, 63.17, 3, 3, 0, 3
2026/2/27, 17:00:00, 63.18, 63.18, 62.88, 62.98, 27, 11, 14, 13
2026/2/27, 18:00:00, 63.07, 63.07, 63.07, 63.07, 4, 1, 4, 0
2026/2/27, 19:00:00, 63.31, 63.37, 63.31, 63.33, 7, 7, 4, 3
2026/2/27, 20:00:00, 63.39, 63.47, 63.39, 63.47, 27, 24, 2, 25
2026/2/27, 21:00:00, 63.47, 63.47, 63.35, 63.40, 194, 179, 50, 144
2026/3/1, 23:00:00, 65.50, 66.17, 65.50, 65.89, 21, 19, 4, 17
2026/3/2, 00:00:00, 65.87, 65.87, 65.87, 65.87, 4, 1, 0, 4
2026/3/2, 01:00:00, 65.00, 65.00, 64.94, 64.94, 3, 3, 3, 0
2026/3/2, 02:00:00, 64.48, 64.56, 64.48, 64.50, 3, 3, 0, 3
2026/3/2, 03:00:00, 64.44, 64.51, 64.44, 64.51, 2, 2, 0, 2
2026/3/2, 04:00:00, 64.72, 64.72, 64.72, 64.72, 1, 1, 1, 0
2026/3/2, 07:00:00, 65.40, 65.55, 65.40, 65.54, 3, 3, 3, 0
2026/3/2, 08:00:00, 65.44, 65.44, 65.25, 65.25, 2, 2, 1, 1
2026/3/2, 09:00:00, 65.02, 65.14, 65.02, 65.14, 2, 2, 1, 1
2026/3/2, 10:00:00, 65.06, 65.06, 65.04, 65.04, 5, 3, 5, 0
2026/3/2, 11:00:00, 65.02, 65.02, 64.99, 65.00, 8, 6, 0, 8
2026/3/2, 12:00:00, 65.31, 65.31, 65.31, 65.31, 1, 1, 1, 0
2026/3/2, 13:00:00, 65.00, 65.06, 65.00, 65.06, 2, 2, 1, 1
2026/3/2, 14:00:00, 65.33, 65.56, 64.50, 64.50, 103, 84, 32, 71
2026/3/2, 15:00:00, 64.64, 64.96, 64.55, 64.65, 166, 137, 45, 121
2026/3/2, 16:00:00, 64.57, 64.58, 63.88, 64.33, 78, 62, 41, 37
2026/3/2, 17:00:00, 64.31, 64.42, 64.13, 64.13, 9, 6, 7, 2
2026/3/2, 18:00:00, 64.16, 64.19, 64.16, 64.19, 2, 2, 1, 1
2026/3/2, 19:00:00, 64.00, 64.25, 63.94, 63.97, 44, 33, 9, 35
2026/3/2, 20:00:00, 63.99, 65.00, 63.99, 64.45, 34, 20, 23, 11
2026/3/2, 21:00:00, 64.30, 64.36, 64.16, 64.18, 10, 9, 4, 6
2026/3/3, 00:00:00, 64.37, 64.61, 64.34, 64.61, 4, 4, 3, 1
2026/3/3, 01:00:00, 64.68, 64.80, 64.66, 64.76, 349, 185, 302, 47
2026/3/3, 02:00:00, 64.84, 65.00, 64.84, 64.86, 6, 6, 0, 6
2026/3/3, 03:00:00, 64.97, 64.97, 64.85, 64.89, 7, 7, 5, 2
2026/3/3, 05:00:00, 64.90, 65.32, 64.84, 65.00, 6, 6, 4, 2
2026/3/3, 06:00:00, 64.97, 64.97, 64.97, 64.97, 1, 1, 0, 1
2026/3/3, 07:00:00, 65.30, 65.52, 65.13, 65.52, 5, 5, 0, 5
2026/3/3, 08:00:00, 65.52, 65.52, 65.39, 65.39, 5, 4, 0, 5
2026/3/3, 09:00:00, 65.71, 66.27, 65.71, 66.00, 30, 29, 4, 26
2026/3/3, 10:00:00, 66.16, 66.50, 66.15, 66.50, 9, 9, 1, 8
2026/3/3, 12:00:00, 66.36, 66.36, 65.70, 65.70, 12, 12, 4, 8
2026/3/3, 13:00:00, 65.80, 65.80, 65.34, 65.34, 44, 42, 5, 39
2026/3/3, 14:00:00, 65.58, 65.64, 65.20, 65.32, 25, 25, 5, 20
2026/3/3, 15:00:00, 65.20, 65.41, 65.05, 65.18, 22, 18, 8, 14
2026/3/3, 16:00:00, 65.24, 65.25, 64.21, 64.35, 12, 12, 6, 6
2026/3/3, 17:00:00, 64.74, 64.82, 64.60, 64.62, 15, 12, 6, 9
2026/3/3, 18:00:00, 64.59, 64.59, 63.99, 64.37, 6, 6, 1, 5
2026/3/3, 19:00:00, 64.51, 64.65, 63.65, 64.09, 43, 28, 33, 10
2026/3/3, 20:00:00, 64.23, 64.23, 64.23, 64.23, 1, 1, 0, 1
2026/3/3, 21:00:00, 64.32, 64.63, 64.32, 64.63, 2, 2, 1, 1
2026/3/3, 23:00:00, 64.85, 64.85, 64.85, 64.85, 1, 1, 0, 1
2026/3/4, 00:00:00, 64.34, 64.34, 64.34, 64.34, 1, 1, 1, 0
2026/3/4, 01:00:00, 64.41, 64.50, 64.41, 64.50, 3, 3, 0, 3
2026/3/4, 02:00:00, 64.70, 64.70, 64.54, 64.61, 5, 5, 0, 5
2026/3/4, 03:00:00, 64.35, 64.53, 64.35, 64.52, 3, 3, 0, 3
2026/3/4, 04:00:00, 64.56, 64.64, 64.56, 64.62, 5, 5, 3, 2
2026/3/4, 08:00:00, 65.36, 65.44, 65.36, 65.38, 3, 3, 2, 1
2026/3/4, 09:00:00, 65.05, 65.05, 64.71, 64.76, 5, 5, 4, 1
2026/3/4, 12:00:00, 64.55, 64.55, 64.55, 64.55, 1, 1, 0, 1
2026/3/4, 14:00:00, 64.88, 64.88, 64.78, 64.78, 2, 2, 0, 2
2026/3/4, 15:00:00, 64.65, 64.75, 64.61, 64.75, 16, 8, 15, 1
2026/3/4, 16:00:00, 64.96, 64.96, 64.68, 64.70, 5, 5, 1, 4
2026/3/4, 17:00:00, 65.09, 65.25, 65.06, 65.16, 21, 18, 15, 6
2026/3/4, 18:00:00, 64.99, 65.08, 64.99, 65.08, 3, 3, 3, 0
2026/3/4, 19:00:00, 64.95, 65.10, 64.95, 65.00, 5, 5, 2, 3
2026/3/4, 20:00:00, 65.13, 65.13, 64.90, 64.90, 7, 3, 1, 6
2026/3/4, 21:00:00, 65.10, 65.10, 65.10, 65.10, 1, 1, 0, 1
2026/3/4, 23:00:00, 65.14, 65.14, 65.14, 65.14, 11, 10, 11, 0
2026/3/5, 01:00:00, 65.49, 65.50, 65.49, 65.50, 2, 2, 0, 2
2026/3/5, 02:00:00, 65.62, 65.76, 65.62, 65.74, 6, 6, 2, 4
2026/3/5, 05:00:00, 65.99, 65.99, 65.99, 65.99, 1, 1, 0, 1
2026/3/5, 06:00:00, 65.90, 65.90, 65.23, 65.23, 7, 6, 1, 6
2026/3/5, 08:00:00, 65.71, 65.85, 65.69, 65.85, 5, 5, 5, 0
2026/3/5, 09:00:00, 65.77, 65.87, 65.50, 65.87, 5, 5, 4, 1
2026/3/5, 10:00:00, 65.89, 65.89, 65.89, 65.89, 1, 1, 1, 0
2026/3/5, 12:00:00, 66.00, 66.08, 66.00, 66.08, 2, 2, 2, 0
2026/3/5, 13:00:00, 65.87, 65.87, 65.87, 65.87, 1, 1, 1, 0
2026/3/5, 14:00:00, 66.04, 66.25, 66.01, 66.05, 32, 25, 28, 4
2026/3/5, 15:00:00, 66.06, 66.23, 66.06, 66.20, 29, 23, 4, 25
2026/3/5, 16:00:00, 66.00, 66.37, 65.91, 66.37, 100, 75, 10, 90
2026/3/5, 17:00:00, 66.28, 66.65, 66.28, 66.65, 22, 17, 10, 12
2026/3/5, 18:00:00, 66.58, 66.80, 66.58, 66.71, 25, 24, 4, 21
2026/3/5, 19:00:00, 66.81, 66.83, 66.36, 66.53, 57, 34, 44, 13
2026/3/5, 20:00:00, 66.77, 66.77, 66.20, 66.49, 12, 10, 9, 3
2026/3/5, 21:00:00, 66.00, 66.00, 66.00, 66.00, 2, 2, 2, 0
2026/3/6, 01:00:00, 66.55, 66.55, 66.55, 66.55, 1, 1, 1, 0
2026/3/6, 02:00:00, 66.53, 66.53, 66.42, 66.42, 3, 2, 0, 3
2026/3/6, 06:00:00, 66.78, 66.78, 66.68, 66.72, 7, 7, 4, 3
2026/3/6, 08:00:00, 66.77, 66.99, 66.76, 66.82, 4, 4, 3, 1
2026/3/6, 09:00:00, 66.83, 67.47, 66.83, 67.47, 5, 5, 3, 2
2026/3/6, 10:00:00, 67.51, 67.65, 67.50, 67.61, 56, 48, 3, 53
2026/3/6, 11:00:00, 67.70, 68.17, 67.70, 68.08, 19, 18, 11, 8
2026/3/6, 12:00:00, 68.00, 68.19, 68.00, 68.19, 31, 21, 13, 18
2026/3/6, 13:00:00, 68.00, 68.65, 68.00, 68.50, 5, 5, 5, 0
2026/3/6, 14:00:00, 68.48, 68.48, 68.45, 68.45, 2, 2, 1, 1
2026/3/6, 15:00:00, 68.35, 68.44, 67.75, 67.75, 35, 21, 23, 12
2026/3/6, 16:00:00, 67.61, 67.65, 67.38, 67.43, 18, 11, 17, 1
2026/3/6, 17:00:00, 67.65, 67.92, 67.65, 67.78, 28, 12, 17, 11
2026/3/6, 18:00:00, 67.60, 67.90, 67.59, 67.89, 22, 16, 13, 9
2026/3/6, 19:00:00, 67.68, 68.43, 67.67, 68.37, 26, 25, 13, 13
2026/3/6, 20:00:00, 68.37, 68.37, 68.01, 68.01, 9, 7, 4, 5
2026/3/6, 21:00:00, 67.87, 68.24, 67.87, 68.13, 8, 8, 1, 7
2026/3/8, 22:00:00, 68.99, 73.26, 68.99, 72.88, 59, 43, 22, 37
2026/3/8, 23:00:00, 72.51, 72.74, 71.89, 72.60, 7, 7, 3, 4
2026/3/9, 00:00:00, 72.60, 72.73, 72.41, 72.41, 5, 5, 3, 2
2026/3/9, 01:00:00, 72.22, 73.14, 72.22, 73.14, 18, 18, 12, 6
2026/3/9, 02:00:00, 73.32, 74.58, 73.20, 74.52, 11, 10, 4, 7
2026/3/9, 03:00:00, 73.85, 74.95, 73.85, 74.95, 3, 3, 2, 1
2026/3/9, 04:00:00, 74.77, 74.77, 73.95, 73.95, 12, 12, 7, 5
2026/3/9, 05:00:00, 73.63, 73.63, 71.88, 71.99, 15, 15, 7, 8
2026/3/9, 06:00:00, 71.37, 71.56, 70.81, 71.56, 10, 9, 2, 8
2026/3/9, 07:00:00, 71.71, 71.71, 70.91, 70.91, 4, 4, 3, 1
2026/3/9, 08:00:00, 71.98, 72.16, 71.98, 72.16, 2, 2, 1, 1
2026/3/9, 09:00:00, 72.55, 72.75, 70.56, 70.94, 13, 12, 8, 5
2026/3/9, 10:00:00, 71.23, 71.23, 71.06, 71.23, 4, 4, 4, 0
2026/3/9, 11:00:00, 70.60, 70.60, 70.60, 70.60, 1, 1, 1, 0
2026/3/9, 12:00:00, 70.36, 70.75, 70.00, 70.74, 11, 11, 8, 3
2026/3/9, 13:00:00, 70.28, 70.33, 69.40, 69.67, 27, 26, 3, 24
2026/3/9, 14:00:00, 69.55, 71.00, 69.44, 69.71, 49, 43, 32, 17
2026/3/9, 15:00:00, 69.27, 69.27, 68.14, 68.60, 32, 22, 25, 7
2026/3/9, 16:00:00, 69.10, 69.37, 68.40, 69.37, 94, 68, 23, 71
2026/3/9, 17:00:00, 69.34, 69.54, 69.00, 69.30, 14, 14, 2, 12
2026/3/9, 18:00:00, 69.39, 70.37, 69.39, 70.27, 47, 39, 15, 32
2026/3/9, 19:00:00, 69.98, 69.98, 66.25, 67.92, 345, 246, 64, 281
2026/3/9, 20:00:00, 68.41, 69.71, 67.41, 68.22, 25, 24, 10, 15
2026/3/9, 22:00:00, 68.93, 68.93, 68.32, 68.32, 3, 3, 0, 3
2026/3/9, 23:00:00, 68.68, 68.68, 68.44, 68.44, 5, 5, 3, 2
2026/3/10, 00:00:00, 68.28, 68.53, 67.80, 68.12, 6, 5, 2, 4
2026/3/10, 01:00:00, 67.84, 68.03, 67.80, 67.80, 5, 5, 3, 2
2026/3/10, 02:00:00, 68.00, 68.98, 67.75, 68.98, 11, 11, 2, 9
2026/3/10, 03:00:00, 68.84, 68.84, 68.64, 68.72, 6, 6, 0, 6
2026/3/10, 07:00:00, 67.84, 67.84, 67.31, 67.76, 7, 7, 6, 1
2026/3/10, 08:00:00, 67.79, 69.00, 67.79, 68.80, 11, 9, 7, 4
2026/3/10, 09:00:00, 68.42, 68.59, 68.31, 68.59, 10, 10, 6, 4
2026/3/10, 10:00:00, 68.83, 69.23, 68.78, 69.16, 10, 10, 6, 4
2026/3/10, 11:00:00, 68.85, 69.29, 68.85, 69.28, 6, 4, 4, 2
2026/3/10, 12:00:00, 69.04, 69.52, 69.04, 69.50, 14, 12, 4, 10
2026/3/10, 13:00:00, 69.31, 69.54, 68.50, 69.14, 45, 38, 27, 18
2026/3/10, 14:00:00, 69.08, 69.08, 68.00, 68.14, 26, 26, 18, 8
2026/3/10, 15:00:00, 67.78, 68.51, 67.78, 68.51, 13, 13, 8, 5
2026/3/10, 16:00:00, 68.61, 68.85, 68.46, 68.54, 30, 30, 8, 22
2026/3/10, 17:00:00, 67.95, 68.00, 66.69, 67.26, 33, 26, 9, 24
2026/3/10, 18:00:00, 67.29, 68.78, 67.25, 68.29, 154, 129, 25, 129
2026/3/10, 19:00:00, 69.20, 69.50, 68.85, 69.30, 21, 17, 6, 15
2026/3/10, 20:00:00, 69.00, 69.16, 68.78, 68.85, 14, 14, 8, 6
2026/3/10, 22:00:00, 69.46, 69.65, 69.26, 69.62, 6, 6, 6, 0
2026/3/10, 23:00:00, 69.57, 69.57, 68.77, 68.86, 14, 14, 14, 0
2026/3/11, 00:00:00, 68.50, 68.72, 67.94, 68.64, 21, 21, 14, 7
2026/3/11, 01:00:00, 68.60, 68.77, 68.60, 68.70, 3, 3, 3, 0
2026/3/11, 02:00:00, 68.76, 69.32, 68.76, 69.23, 6, 6, 4, 2
2026/3/11, 03:00:00, 69.39, 69.39, 69.15, 69.15, 5, 5, 3, 2
2026/3/11, 04:00:00, 68.95, 69.07, 68.95, 69.07, 2, 2, 0, 2
2026/3/11, 05:00:00, 69.66, 69.66, 69.65, 69.65, 2, 2, 2, 0
2026/3/11, 06:00:00, 69.53, 69.53, 69.40, 69.40, 2, 2, 2, 0
2026/3/11, 07:00:00, 69.00, 69.63, 69.00, 69.35, 32, 31, 6, 26
2026/3/11, 08:00:00, 69.42, 69.77, 69.10, 69.53, 10, 10, 4, 6
2026/3/11, 09:00:00, 69.70, 69.95, 69.67, 69.78, 34, 29, 0, 34
2026/3/11, 10:00:00, 69.50, 69.50, 69.09, 69.09, 8, 7, 5, 3
2026/3/11, 11:00:00, 68.96, 69.74, 68.93, 69.45, 33, 30, 2, 31
2026/3/11, 12:00:00, 69.45, 69.69, 69.45, 69.68, 7, 6, 0, 7
2026/3/11, 13:00:00, 69.56, 69.58, 68.85, 68.99, 35, 28, 12, 23
2026/3/11, 14:00:00, 68.69, 69.40, 68.50, 69.40, 9, 9, 2, 7
2026/3/11, 15:00:00, 69.63, 69.85, 69.54, 69.85, 9, 9, 5, 4
2026/3/11, 16:00:00, 69.90, 69.97, 69.43, 69.78, 57, 49, 27, 30
2026/3/11, 17:00:00, 69.61, 70.24, 69.61, 70.24, 9, 9, 4, 5
2026/3/11, 18:00:00, 70.80, 71.32, 70.80, 71.07, 25, 21, 7, 18
2026/3/11, 19:00:00, 71.27, 71.27, 71.27, 71.27, 1, 1, 1, 0
2026/3/11, 20:00:00, 71.58, 71.75, 71.23, 71.23, 31, 22, 8, 23
2026/3/11, 22:00:00, 71.71, 72.54, 71.69, 72.54, 10, 8, 4, 6
2026/3/11, 23:00:00, 72.29, 73.82, 72.25, 73.34, 13, 11, 7, 6
2026/3/12, 00:00:00, 73.09, 73.27, 72.24, 72.34, 58, 56, 24, 34
2026/3/12, 01:00:00, 72.00, 72.00, 71.58, 71.85, 23, 20, 22, 1
2026/3/12, 02:00:00, 72.00, 72.87, 72.00, 72.82, 4, 4, 3, 1
2026/3/12, 03:00:00, 72.63, 72.87, 72.50, 72.60, 18, 17, 9, 9
2026/3/12, 04:00:00, 72.61, 72.73, 72.55, 72.73, 6, 5, 6, 0
2026/3/12, 05:00:00, 72.49, 72.55, 72.21, 72.28, 8, 8, 4, 4
2026/3/12, 06:00:00, 72.28, 72.28, 71.36, 71.36, 7, 7, 2, 5
2026/3/12, 07:00:00, 71.65, 71.68, 71.21, 71.28, 17, 17, 7, 10
2026/3/12, 08:00:00, 71.49, 72.25, 71.49, 71.89, 8, 8, 3, 5
2026/3/12, 09:00:00, 72.07, 72.07, 72.07, 72.07, 1, 1, 0, 1
2026/3/12, 10:00:00, 71.50, 72.10, 71.50, 71.62, 11, 11, 7, 4
2026/3/12, 11:00:00, 72.00, 72.48, 71.79, 72.48, 9, 9, 2, 7
2026/3/12, 12:00:00, 72.49, 72.80, 72.23, 72.23, 11, 11, 2, 9
2026/3/12, 13:00:00, 72.37, 73.01, 72.24, 72.28, 115, 103, 74, 41
2026/3/12, 14:00:00, 72.68, 72.76, 72.03, 72.57, 84, 69, 72, 12
2026/3/12, 15:00:00, 72.90, 73.00, 72.05, 72.49, 33, 31, 23, 10
2026/3/12, 16:00:00, 72.75, 72.88, 72.29, 72.54, 16, 16, 11, 5
2026/3/12, 17:00:00, 72.77, 73.15, 72.77, 73.04, 8, 8, 1, 7
2026/3/12, 18:00:00, 73.05, 74.47, 72.93, 74.47, 82, 73, 38, 44
2026/3/12, 19:00:00, 74.44, 74.44, 74.12, 74.12, 7, 6, 5, 2
2026/3/12, 20:00:00, 74.23, 74.23, 73.89, 74.04, 11, 11, 2, 9
2026/3/12, 22:00:00, 74.59, 74.90, 74.59, 74.90, 4, 4, 1, 3
2026/3/12, 23:00:00, 74.55, 74.55, 74.21, 74.25, 36, 35, 1, 35
2026/3/13, 00:00:00, 74.26, 74.26, 73.81, 73.81, 16, 15, 5, 11
2026/3/13, 01:00:00, 73.78, 74.26, 73.78, 74.26, 5, 5, 1, 4
2026/3/13, 02:00:00, 74.28, 74.29, 74.28, 74.29, 2, 2, 1, 1
2026/3/13, 03:00:00, 74.23, 74.23, 74.23, 74.23, 1, 1, 1, 0
2026/3/13, 06:00:00, 73.64, 73.70, 73.64, 73.70, 3, 3, 1, 2
2026/3/13, 07:00:00, 74.26, 74.86, 74.25, 74.86, 23, 20, 4, 19
2026/3/13, 08:00:00, 74.80, 74.87, 74.50, 74.50, 10, 10, 8, 2
2026/3/13, 09:00:00, 73.89, 74.26, 73.83, 74.26, 5, 5, 1, 4
2026/3/13, 10:00:00, 74.00, 74.21, 73.86, 73.94, 9, 9, 9, 0
2026/3/13, 11:00:00, 74.00, 74.30, 74.00, 74.30, 5, 5, 5, 0
2026/3/13, 12:00:00, 74.09, 74.09, 73.06, 73.63, 43, 42, 20, 23
2026/3/13, 13:00:00, 73.74, 73.93, 73.29, 73.57, 121, 92, 97, 24
2026/3/13, 14:00:00, 73.79, 73.87, 73.44, 73.57, 79, 68, 58, 21
2026/3/13, 15:00:00, 74.00, 74.20, 73.91, 74.20, 27, 22, 6, 21
2026/3/13, 16:00:00, 74.21, 74.35, 73.74, 73.74, 18, 16, 16, 2
2026/3/13, 17:00:00, 73.74, 74.37, 73.67, 74.31, 17, 17, 7, 10
2026/3/13, 18:00:00, 74.40, 74.99, 74.26, 74.27, 109, 100, 90, 19
2026/3/13, 19:00:00, 74.12, 74.51, 74.10, 74.45, 6, 6, 4, 2
2026/3/15, 22:00:00, 75.47, 75.47, 75.38, 75.38, 8, 8, 0, 8
2026/3/15, 23:00:00, 75.19, 75.19, 74.92, 74.92, 4, 4, 2, 2
2026/3/16, 01:00:00, 74.47, 74.63, 74.47, 74.50, 10, 10, 1, 9
2026/3/16, 02:00:00, 74.53, 75.00, 74.53, 75.00, 5, 5, 0, 5
2026/3/16, 07:00:00, 74.66, 75.36, 74.66, 75.01, 14, 13, 7, 7
2026/3/16, 08:00:00, 75.02, 75.23, 75.02, 75.02, 8, 8, 2, 6
2026/3/16, 09:00:00, 75.00, 75.03, 75.00, 75.00, 3, 3, 2, 1
2026/3/16, 10:00:00, 74.98, 74.98, 74.03, 74.03, 9, 9, 6, 3
2026/3/16, 11:00:00, 74.28, 74.28, 74.10, 74.10, 2, 2, 0, 2
2026/3/16, 12:00:00, 74.23, 74.34, 73.65, 73.82, 25, 24, 17, 8
2026/3/16, 13:00:00, 73.83, 73.95, 73.03, 73.03, 24, 23, 21, 3
2026/3/16, 14:00:00, 73.25, 74.46, 73.25, 74.39, 23, 18, 11, 12
2026/3/16, 15:00:00, 74.38, 74.51, 74.13, 74.39, 18, 17, 12, 6
2026/3/16, 16:00:00, 74.32, 74.78, 74.31, 74.56, 24, 24, 17, 7
2026/3/16, 17:00:00, 74.21, 74.44, 73.72, 73.90, 17, 17, 15, 2
2026/3/16, 18:00:00, 73.67, 73.80, 73.50, 73.65, 35, 19, 12, 23
2026/3/16, 19:00:00, 73.75, 73.94, 73.75, 73.94, 7, 7, 3, 4
2026/3/16, 20:00:00, 73.87, 73.87, 73.83, 73.83, 2, 2, 2, 0
2026/3/16, 22:00:00, 74.36, 74.88, 74.36, 74.88, 8, 8, 6, 2
2026/3/16, 23:00:00, 74.95, 74.95, 74.64, 74.64, 4, 4, 0, 4
2026/3/17, 00:00:00, 74.59, 74.84, 74.54, 74.84, 10, 10, 0, 10
2026/3/17, 01:00:00, 74.60, 74.62, 74.57, 74.57, 3, 3, 0, 3
2026/3/17, 02:00:00, 74.60, 74.60, 74.60, 74.60, 1, 1, 0, 1
2026/3/17, 03:00:00, 74.70, 74.89, 74.70, 74.84, 5, 5, 3, 2
2026/3/17, 05:00:00, 74.55, 75.50, 74.55, 75.50, 5, 5, 2, 3
2026/3/17, 06:00:00, 75.49, 75.52, 75.49, 75.52, 5, 4, 0, 5
2026/3/17, 07:00:00, 75.17, 75.25, 75.00, 75.25, 4, 4, 2, 2
2026/3/17, 08:00:00, 75.67, 75.81, 75.53, 75.81, 9, 9, 8, 1
2026/3/17, 09:00:00, 75.66, 75.76, 75.49, 75.68, 22, 22, 22, 0
2026/3/17, 12:00:00, 76.08, 76.08, 75.28, 75.28, 4, 4, 0, 4
2026/3/17, 13:00:00, 75.00, 75.31, 74.50, 74.79, 86, 72, 76, 10
2026/3/17, 14:00:00, 74.99, 75.12, 74.57, 74.62, 7, 7, 4, 3
2026/3/17, 15:00:00, 74.89, 74.89, 74.89, 74.89, 2, 2, 0, 2
2026/3/17, 16:00:00, 75.07, 75.10, 74.74, 74.74, 5, 5, 5, 0
2026/3/17, 17:00:00, 74.87, 74.96, 74.87, 74.96, 2, 2, 0, 2
2026/3/17, 18:00:00, 75.01, 75.01, 74.79, 74.97, 6, 6, 4, 2
2026/3/17, 19:00:00, 75.42, 75.52, 75.34, 75.34, 8, 8, 1, 7
2026/3/17, 20:00:00, 75.35, 75.45, 75.35, 75.45, 2, 2, 2, 0
2026/3/18, 00:00:00, 75.64, 75.64, 75.31, 75.31, 3, 3, 1, 2
2026/3/18, 01:00:00, 75.20, 75.20, 75.12, 75.12, 5, 5, 0, 5
2026/3/18, 02:00:00, 74.92, 74.92, 74.65, 74.65, 7, 7, 6, 1
2026/3/18, 03:00:00, 74.92, 74.92, 74.51, 74.51, 8, 8, 4, 4
2026/3/18, 05:00:00, 74.23, 74.23, 74.16, 74.16, 3, 3, 2, 1
2026/3/18, 06:00:00, 74.23, 74.23, 74.00, 74.11, 9, 8, 2, 7
2026/3/18, 07:00:00, 74.33, 74.37, 74.33, 74.37, 4, 4, 0, 4
2026/3/18, 08:00:00, 74.65, 75.00, 74.65, 74.87, 8, 7, 0, 8
2026/3/18, 09:00:00, 74.80, 75.01, 74.77, 74.79, 14, 11, 11, 3
2026/3/18, 10:00:00, 74.75, 74.92, 74.75, 74.92, 3, 3, 1, 2
2026/3/18, 11:00:00, 74.81, 75.72, 74.77, 75.23, 22, 21, 14, 8
2026/3/18, 12:00:00, 75.64, 76.57, 75.63, 76.49, 78, 68, 13, 65
2026/3/18, 13:00:00, 76.61, 76.83, 76.46, 76.78, 49, 42, 46, 3
2026/3/18, 14:00:00, 76.45, 76.75, 76.45, 76.75, 9, 8, 6, 3
2026/3/18, 15:00:00, 76.51, 76.87, 76.49, 76.80, 17, 11, 10, 7
2026/3/18, 16:00:00, 76.74, 76.91, 76.57, 76.57, 15, 13, 13, 2
2026/3/18, 17:00:00, 76.62, 76.99, 76.29, 76.42, 169, 131, 91, 78
2026/3/18, 18:00:00, 76.01, 76.81, 75.96, 76.61, 153, 142, 51, 102
2026/3/18, 19:00:00, 76.63, 77.35, 76.63, 77.35, 12, 12, 10, 2
2026/3/18, 20:00:00, 77.57, 77.75, 77.45, 77.66, 30, 27, 21, 9
2026/3/18, 22:00:00, 77.65, 77.68, 77.65, 77.68, 3, 3, 2, 1
2026/3/18, 23:00:00, 77.57, 77.72, 77.50, 77.72, 6, 6, 0, 6
2026/3/19, 01:00:00, 77.19, 77.33, 77.19, 77.33, 2, 2, 0, 2
2026/3/19, 02:00:00, 77.14, 77.14, 77.09, 77.09, 2, 2, 2, 0
2026/3/19, 03:00:00, 77.03, 77.03, 77.03, 77.03, 1, 1, 0, 1
2026/3/19, 04:00:00, 77.15, 77.22, 77.10, 77.22, 3, 3, 1, 2
