Date, Time, Open, High, Low, Last, Volume, NumberOfTrades, BidVolume, AskVolume
2026/2/18, 08:55:00, 60.32, 60.32, 60.32, 60.32, 2, 2, 0, 2
2026/2/18, 09:50:00, 60.31, 60.31, 60.31, 60.31, 1, 1, 1, 0
2026/2/18, 10:00:00, 60.51, 60.51, 60.51, 60.51, 1, 1, 0, 1
2026/2/18, 10:55:00, 60.88, 60.88, 60.88, 60.88, 1, 1, 0, 1
2026/2/18, 11:10:00, 60.99, 60.99, 60.99, 60.99, 1, 1, 0, 1
2026/2/18, 12:25:00, 61.56, 61.56, 61.51, 61.51, 10, 3, 5, 5
2026/2/18, 13:05:00, 61.35, 61.35, 61.26, 61.26, 40, 17, 10, 30
2026/2/18, 13:25:00, 61.34, 61.34, 61.34, 61.34, 1, 1, 0, 1
2026/2/18, 14:00:00, 61.30, 61.37, 61.30, 61.36, 3, 3, 3, 0
2026/2/18, 14:20:00, 61.40, 61.40, 61.40, 61.40, 1, 1, 1, 0
2026/2/18, 14:55:00, 61.53, 61.53, 61.53, 61.53, 1, 1, 0, 1
2026/2/18, 15:20:00, 61.53, 61.53, 61.53, 61.53, 1, 1, 0, 1
2026/2/18, 15:50:00, 61.58, 61.58, 61.58, 61.58, 1, 1, 1, 0
2026/2/18, 16:05:00, 61.52, 61.52, 61.52, 61.52, 1, 1, 0, 1
2026/2/18, 16:20:00, 61.56, 61.56, 61.55, 61.55, 2, 2, 2, 0
2026/2/18, 16:55:00, 61.65, 61.65, 61.65, 61.65, 11, 9, 0, 11
2026/2/18, 17:00:00, 61.62, 61.65, 61.62, 61.65, 10, 8, 0, 10
2026/2/18, 17:15:00, 61.78, 61.80, 61.78, 61.80, 2, 2, 0, 2
2026/2/18, 17:20:00, 61.77, 61.77, 61.77, 61.77, 1, 1, 1, 0
2026/2/18, 18:20:00, 61.92, 61.92, 61.92, 61.92, 1, 1, 1, 0
2026/2/18, 18:25:00, 61.90, 61.90, 61.90, 61.90, 1, 1, 1, 0
2026/2/18, 18:35:00, 61.88, 61.89, 61.88, 61.89, 5, 5, 0, 5
2026/2/18, 18:40:00, 61.94, 61.94, 61.94, 61.94, 1, 1, 0, 1
2026/2/18, 18:45:00, 61.83, 61.83, 61.83, 61.83, 2, 1, 0, 2
2026/2/18, 19:25:00, 62.00, 62.02, 61.91, 61.91, 17, 8, 9, 8
2026/2/18, 20:35:00, 62.04, 62.04, 62.04, 62.04, 1, 1, 0, 1
2026/2/18, 21:20:00, 61.88, 61.88, 61.88, 61.88, 1, 1, 0, 1
2026/2/18, 21:25:00, 61.84, 61.84, 61.84, 61.84, 1, 1, 1, 0
2026/2/18, 21:55:00, 61.77, 61.77, 61.77, 61.77, 1, 1, 1, 0
2026/2/19, 08:10:00, 62.33, 62.33, 62.33, 62.33, 5, 3, 5, 0
2026/2/19, 08:15:00, 62.36, 62.36, 62.36, 62.36, 3, 2, 3, 0
2026/2/19, 08:55:00, 62.60, 62.60, 62.60, 62.60, 1, 1, 0, 1
2026/2/19, 09:55:00, 62.38, 62.38, 62.37, 62.37, 2, 2, 2, 0
2026/2/19, 10:00:00, 62.29, 62.29, 62.29, 62.29, 1, 1, 0, 1
2026/2/19, 11:55:00, 62.49, 62.50, 62.48, 62.48, 16, 10, 0, 16
2026/2/19, 12:00:00, 62.49, 62.49, 62.49, 62.49, 5, 3, 0, 5
2026/2/19, 13:20:00, 62.55, 62.55, 62.55, 62.55, 1, 1, 0, 1
2026/2/19, 13:50:00, 62.47, 62.47, 62.47, 62.47, 10, 2, 0, 10
2026/2/19, 13:55:00, 62.58, 62.58, 62.53, 62.54, 14, 11, 3, 11
2026/2/19, 14:05:00, 62.48, 62.48, 62.48, 62.48, 1, 1, 1, 0
2026/2/19, 14:25:00, 62.44, 62.44, 62.44, 62.44, 5, 1, 0, 5
2026/2/19, 14:35:00, 62.56, 62.56, 62.56, 62.56, 1, 1, 1, 0
2026/2/19, 14:45:00, 62.62, 62.62, 62.62, 62.62, 1, 1, 0, 1
2026/2/19, 15:00:00, 62.50, 62.50, 62.28, 62.35, 31, 17, 8, 23
2026/2/19, 15:05:00, 62.48, 62.48, 62.35, 62.35, 21, 12, 1, 20
2026/2/19, 15:25:00, 62.58, 62.58, 62.58, 62.58, 1, 1, 1, 0
2026/2/19, 15:35:00, 62.60, 62.60, 62.60, 62.60, 1, 1, 1, 0
2026/2/19, 15:55:00, 62.72, 62.72, 62.72, 62.72, 1, 1, 0, 1
2026/2/19, 16:50:00, 62.74, 62.74, 62.74, 62.74, 1, 1, 0, 1
2026/2/19, 17:35:00, 62.68, 62.68, 62.68, 62.68, 1, 1, 1, 0
2026/2/19, 18:05:00, 62.51, 62.51, 62.51, 62.51, 1, 1, 0, 1
2026/2/19, 18:15:00, 62.56, 62.56, 62.56, 62.56, 1, 1, 1, 0
2026/2/19, 18:50:00, 62.72, 62.72, 62.72, 62.72, 1, 1, 0, 1
2026/2/19, 19:00:00, 62.68, 62.68, 62.68, 62.68, 1, 1, 1, 0
2026/2/19, 19:25:00, 62.63, 62.69, 62.63, 62.69, 4, 4, 2, 2
2026/2/19, 19:40:00, 62.71, 62.71, 62.71, 62.71, 5, 1, 5, 0
2026/2/19, 19:55:00, 62.69, 62.69, 62.69, 62.69, 1, 1, 1, 0
2026/2/19, 20:00:00, 62.71, 62.71, 62.69, 62.69, 2, 2, 2, 0
2026/2/19, 20:10:00, 62.76, 62.76, 62.76, 62.76, 4, 2, 4, 0
2026/2/19, 20:35:00, 62.73, 62.73, 62.73, 62.73, 2, 1, 2, 0
2026/2/19, 21:20:00, 62.67, 62.67, 62.32, 62.48, 4, 4, 2, 2
2026/2/19, 21:25:00, 62.63, 62.63, 62.63, 62.63, 1, 1, 0, 1
2026/2/19, 21:55:00, 62.78, 62.78, 62.78, 62.78, 1, 1, 1, 0
2026/2/20, 01:10:00, 62.78, 62.78, 62.78, 62.78, 1, 1, 1, 0
2026/2/20, 02:40:00, 62.71, 62.71, 62.71, 62.71, 1, 1, 0, 1
2026/2/20, 03:35:00, 62.70, 62.70, 62.70, 62.70, 2, 2, 0, 2
2026/2/20, 03:40:00, 62.71, 62.71, 62.71, 62.71, 1, 1, 0, 1
2026/2/20, 04:40:00, 62.75, 62.75, 62.75, 62.75, 1, 1, 0, 1
2026/2/20, 05:50:00, 62.85, 62.85, 62.85, 62.85, 1, 1, 1, 0
2026/2/20, 06:25:00, 62.90, 62.90, 62.90, 62.90, 1, 1, 1, 0
2026/2/20, 06:50:00, 62.85, 62.85, 62.85, 62.85, 1, 1, 1, 0
2026/2/20, 07:55:00, 62.53, 62.53, 62.52, 62.52, 2, 2, 2, 0
2026/2/20, 08:15:00, 62.52, 62.52, 62.52, 62.52, 5, 2, 5, 0
2026/2/20, 08:20:00, 62.54, 62.54, 62.54, 62.54, 3, 3, 3, 0
2026/2/20, 08:25:00, 62.54, 62.54, 62.53, 62.53, 7, 7, 7, 0
2026/2/20, 08:30:00, 62.50, 62.50, 62.50, 62.50, 2, 2, 2, 0
2026/2/20, 08:35:00, 62.47, 62.47, 62.47, 62.47, 1, 1, 1, 0
2026/2/20, 08:50:00, 62.38, 62.38, 62.38, 62.38, 1, 1, 1, 0
2026/2/20, 09:20:00, 62.54, 62.54, 62.54, 62.54, 1, 1, 0, 1
2026/2/20, 09:25:00, 62.68, 62.72, 62.68, 62.72, 2, 2, 1, 1
2026/2/20, 09:55:00, 62.43, 62.43, 62.43, 62.43, 1, 1, 1, 0
2026/2/20, 10:15:00, 62.42, 62.42, 62.42, 62.42, 1, 1, 0, 1
2026/2/20, 11:55:00, 62.38, 62.38, 62.36, 62.36, 2, 2, 1, 1
2026/2/20, 13:00:00, 62.53, 62.53, 62.53, 62.53, 1, 1, 1, 0
2026/2/20, 13:55:00, 62.60, 62.60, 62.60, 62.60, 1, 1, 1, 0
2026/2/20, 14:30:00, 62.58, 62.58, 62.58, 62.58, 1, 1, 0, 1
2026/2/20, 14:35:00, 62.41, 62.58, 62.35, 62.58, 7, 7, 3, 4
2026/2/20, 15:00:00, 62.82, 62.82, 62.82, 62.82, 1, 1, 1, 0
2026/2/20, 15:10:00, 62.62, 62.62, 62.62, 62.62, 1, 1, 1, 0
2026/2/20, 15:20:00, 62.58, 62.58, 62.58, 62.58, 1, 1, 1, 0
2026/2/20, 15:30:00, 62.53, 62.53, 62.53, 62.53, 1, 1, 1, 0
2026/2/20, 15:50:00, 62.59, 62.59, 62.59, 62.59, 1, 1, 0, 1
2026/2/20, 18:00:00, 62.78, 62.78, 62.78, 62.78, 1, 1, 0, 1
2026/2/20, 18:20:00, 62.62, 62.62, 62.62, 62.62, 1, 1, 1, 0
2026/2/20, 19:25:00, 62.61, 62.74, 62.61, 62.74, 6, 6, 3, 3
2026/2/20, 20:25:00, 62.62, 62.62, 62.62, 62.62, 1, 1, 0, 1
2026/2/20, 21:10:00, 62.58, 62.58, 62.58, 62.58, 1, 1, 1, 0
2026/2/20, 21:15:00, 62.60, 62.60, 62.60, 62.60, 1, 1, 1, 0
2026/2/23, 02:10:00, 62.47, 62.47, 62.47, 62.47, 2, 1, 2, 0
2026/2/23, 08:05:00, 62.44, 62.44, 62.44, 62.44, 2, 1, 2, 0
2026/2/23, 08:10:00, 62.41, 62.41, 62.41, 62.41, 5, 3, 5, 0
2026/2/23, 08:15:00, 62.41, 62.41, 62.39, 62.39, 5, 4, 5, 0
2026/2/23, 08:25:00, 62.33, 62.33, 62.33, 62.33, 1, 1, 1, 0
2026/2/23, 09:30:00, 62.71, 62.71, 62.71, 62.71, 1, 1, 0, 1
2026/2/23, 09:35:00, 62.70, 62.70, 62.70, 62.70, 1, 1, 1, 0
2026/2/23, 09:55:00, 62.72, 62.72, 62.72, 62.72, 1, 1, 0, 1
2026/2/23, 10:25:00, 62.61, 62.61, 62.61, 62.61, 1, 1, 0, 1
2026/2/23, 12:45:00, 63.00, 63.00, 63.00, 63.00, 2, 1, 0, 2
2026/2/23, 12:55:00, 63.00, 63.00, 63.00, 63.00, 1, 1, 1, 0
2026/2/23, 13:25:00, 62.98, 62.98, 62.98, 62.98, 1, 1, 1, 0
2026/2/23, 14:20:00, 63.11, 63.11, 63.11, 63.11, 5, 2, 0, 5
2026/2/23, 14:45:00, 63.24, 63.24, 63.24, 63.24, 1, 1, 1, 0
2026/2/23, 15:05:00, 63.30, 63.30, 63.30, 63.30, 1, 1, 1, 0
2026/2/23, 15:50:00, 63.19, 63.19, 63.19, 63.19, 1, 1, 1, 0
2026/2/23, 15:55:00, 63.01, 63.01, 63.01, 63.01, 1, 1, 1, 0
2026/2/23, 16:00:00, 63.00, 63.00, 63.00, 63.00, 1, 1, 1, 0
2026/2/23, 16:10:00, 63.05, 63.05, 63.05, 63.05, 4, 1, 0, 4
2026/2/23, 16:45:00, 62.83, 62.83, 62.83, 62.83, 1, 1, 0, 1
2026/2/23, 19:25:00, 62.83, 62.88, 62.83, 62.88, 2, 2, 1, 1
2026/2/24, 10:10:00, 63.04, 63.07, 63.04, 63.07, 2, 2, 0, 2
2026/2/24, 13:40:00, 63.32, 63.32, 63.32, 63.32, 10, 1, 10, 0
2026/2/24, 14:20:00, 63.29, 63.29, 63.29, 63.29, 2, 1, 0, 2
2026/2/24, 14:55:00, 63.25, 63.25, 63.16, 63.16, 7, 2, 0, 7
2026/2/24, 15:25:00, 63.12, 63.12, 62.70, 62.71, 9, 9, 2, 7
2026/2/24, 15:35:00, 62.77, 62.77, 62.77, 62.77, 3, 1, 3, 0
2026/2/24, 15:45:00, 62.85, 62.85, 62.85, 62.85, 1, 1, 0, 1
2026/2/24, 16:20:00, 63.03, 63.03, 63.03, 63.03, 1, 1, 0, 1
2026/2/24, 17:20:00, 63.17, 63.17, 63.16, 63.16, 2, 2, 2, 0
2026/2/24, 19:25:00, 62.83, 62.84, 62.83, 62.83, 4, 4, 3, 1
2026/2/24, 20:20:00, 63.28, 63.28, 63.28, 63.28, 1, 1, 1, 0
2026/2/24, 20:55:00, 63.22, 63.22, 63.21, 63.21, 2, 2, 2, 0
2026/2/24, 21:55:00, 63.04, 63.04, 63.04, 63.04, 2, 2, 2, 0
2026/2/25, 03:30:00, 63.35, 63.35, 63.34, 63.34, 3, 3, 2, 1
2026/2/25, 09:40:00, 62.80, 62.80, 62.80, 62.80, 1, 1, 1, 0
2026/2/25, 12:20:00, 63.00, 63.00, 63.00, 63.00, 1, 1, 1, 0
2026/2/25, 14:30:00, 62.86, 62.86, 62.86, 62.86, 1, 1, 0, 1
2026/2/25, 19:25:00, 62.75, 62.75, 62.75, 62.75, 1, 1, 1, 0
2026/2/25, 20:05:00, 62.91, 62.91, 62.91, 62.91, 1, 1, 1, 0
2026/2/25, 20:45:00, 62.74, 62.74, 62.72, 62.72, 14, 3, 0, 14
2026/2/25, 20:50:00, 62.71, 62.71, 62.71, 62.71, 16, 7, 6, 10
2026/2/26, 00:25:00, 63.00, 63.00, 63.00, 63.00, 3, 3, 0, 3
2026/2/26, 02:00:00, 62.83, 62.83, 62.82, 62.82, 2, 2, 0, 2
2026/2/26, 02:30:00, 62.70, 62.70, 62.70, 62.70, 1, 1, 1, 0
2026/2/26, 06:50:00, 62.70, 62.70, 62.70, 62.70, 1, 1, 1, 0
2026/2/26, 10:05:00, 62.24, 62.24, 62.24, 62.24, 10, 2, 10, 0
2026/2/26, 10:30:00, 62.00, 62.00, 62.00, 62.00, 1, 1, 1, 0
2026/2/26, 12:20:00, 61.78, 61.78, 61.78, 61.78, 1, 1, 1, 0
2026/2/26, 12:50:00, 61.76, 61.76, 61.76, 61.76, 1, 1, 1, 0
2026/2/26, 13:10:00, 61.48, 61.48, 61.40, 61.40, 2, 2, 1, 1
2026/2/26, 14:05:00, 61.80, 61.80, 61.80, 61.80, 1, 1, 0, 1
2026/2/26, 14:45:00, 61.69, 61.69, 61.69, 61.69, 2, 2, 2, 0
2026/2/26, 14:55:00, 61.98, 61.98, 61.98, 61.98, 1, 1, 1, 0
2026/2/26, 15:00:00, 62.14, 62.14, 62.14, 62.14, 1, 1, 0, 1
2026/2/26, 15:15:00, 62.55, 62.55, 62.55, 62.55, 3, 3, 0, 3
2026/2/26, 15:45:00, 62.99, 62.99, 62.99, 62.99, 10, 3, 10, 0
2026/2/26, 15:50:00, 63.19, 63.19, 63.19, 63.19, 1, 1, 1, 0
2026/2/26, 15:55:00, 63.17, 63.28, 63.17, 63.28, 14, 14, 1, 13
2026/2/26, 16:05:00, 63.21, 63.23, 63.21, 63.23, 2, 2, 1, 1
2026/2/26, 16:10:00, 63.13, 63.13, 63.09, 63.11, 4, 4, 0, 4
2026/2/26, 16:15:00, 63.15, 63.18, 63.15, 63.18, 9, 6, 1, 8
2026/2/26, 16:20:00, 63.16, 63.16, 63.16, 63.16, 2, 2, 0, 2
2026/2/26, 16:25:00, 63.12, 63.23, 63.12, 63.23, 5, 5, 0, 5
2026/2/26, 16:40:00, 62.97, 62.97, 62.97, 62.97, 1, 1, 1, 0
2026/2/26, 16:55:00, 62.96, 62.96, 62.96, 62.96, 1, 1, 0, 1
2026/2/26, 17:10:00, 62.95, 62.95, 62.95, 62.95, 1, 1, 1, 0
2026/2/26, 17:25:00, 62.96, 62.98, 62.96, 62.98, 2, 2, 2, 0
2026/2/26, 18:20:00, 62.86, 62.86, 62.86, 62.86, 1, 1, 0, 1
2026/2/26, 18:35:00, 62.26, 62.26, 62.26, 62.26, 1, 1, 1, 0
2026/2/26, 19:15:00, 62.13, 62.13, 62.13, 62.13, 1, 1, 1, 0
2026/2/26, 19:25:00, 62.21, 62.28, 62.21, 62.26, 4, 4, 4, 0
2026/2/26, 20:55:00, 62.44, 62.44, 62.44, 62.44, 1, 1, 1, 0
2026/2/26, 23:10:00, 62.32, 62.32, 62.32, 62.32, 1, 1, 0, 1
2026/2/26, 23:45:00, 62.30, 62.30, 62.30, 62.30, 2, 2, 0, 2
2026/2/26, 23:50:00, 62.28, 62.28, 62.28, 62.28, 1, 1, 0, 1
2026/2/27, 01:55:00, 62.13, 62.13, 62.13, 62.13, 1, 1, 0, 1
2026/2/27, 02:20:00, 62.11, 62.11, 62.11, 62.11, 1, 1, 1, 0
2026/2/27, 08:05:00, 62.63, 62.63, 62.63, 62.63, 2, 2, 0, 2
2026/2/27, 09:00:00, 62.59, 62.59, 62.59, 62.59, 1, 1, 0, 1
2026/2/27, 09:50:00, 62.95, 62.95, 62.95, 62.95, 1, 1, 0, 1
2026/2/27, 11:25:00, 63.10, 63.11, 63.10, 63.11, 4, 4, 2, 2
2026/2/27, 12:10:00, 63.26, 63.26, 63.26, 63.26, 1, 1, 0, 1
2026/2/27, 12:35:00, 63.24, 63.24, 63.24, 63.24, 1, 1, 1, 0
2026/2/27, 12:40:00, 63.26, 63.26, 63.26, 63.26, 1, 1, 1, 0
2026/2/27, 13:25:00, 63.65, 63.65, 63.65, 63.65, 1, 1, 1, 0
2026/2/27, 13:30:00, 63.72, 63.72, 63.72, 63.72, 1, 1, 0, 1
2026/2/27, 13:45:00, 63.75, 63.75, 63.75, 63.75, 14, 12, 4, 10
2026/2/27, 13:50:00, 63.77, 63.77, 63.77, 63.77, 1, 1, 0, 1
2026/2/27, 13:55:00, 63.82, 63.82, 63.82, 63.82, 1, 1, 0, 1
2026/2/27, 14:00:00, 63.75, 63.75, 63.75, 63.75, 1, 1, 0, 1
2026/2/27, 14:50:00, 63.33, 63.33, 63.33, 63.33, 3, 3, 0, 3
2026/2/27, 15:20:00, 63.29, 63.29, 63.27, 63.27, 3, 3, 0, 3
2026/2/27, 15:35:00, 63.13, 63.13, 63.13, 63.13, 1, 1, 0, 1
2026/2/27, 16:00:00, 63.20, 63.20, 63.17, 63.17, 3, 3, 0, 3
2026/2/27, 17:10:00, 63.18, 63.18, 63.17, 63.17, 14, 5, 14, 0
2026/2/27, 17:30:00, 62.97, 62.97, 62.97, 62.97, 1, 1, 0, 1
2026/2/27, 17:40:00, 62.90, 62.90, 62.88, 62.88, 2, 2, 0, 2
2026/2/27, 17:45:00, 62.95, 62.96, 62.95, 62.96, 5, 2, 0, 5
2026/2/27, 17:50:00, 62.98, 62.98, 62.98, 62.98, 5, 1, 0, 5
2026/2/27, 18:20:00, 63.07, 63.07, 63.07, 63.07, 4, 1, 4, 0
2026/2/27, 19:05:00, 63.31, 63.31, 63.31, 63.31, 1, 1, 0, 1
2026/2/27, 19:25:00, 63.33, 63.37, 63.33, 63.37, 4, 4, 3, 1
2026/2/27, 19:35:00, 63.32, 63.33, 63.32, 63.33, 2, 2, 1, 1
2026/2/27, 20:20:00, 63.39, 63.39, 63.39, 63.39, 1, 1, 1, 0
2026/2/27, 20:40:00, 63.39, 63.40, 63.39, 63.40, 22, 19, 1, 21
2026/2/27, 20:50:00, 63.47, 63.47, 63.47, 63.47, 4, 4, 0, 4
2026/2/27, 21:30:00, 63.47, 63.47, 63.47, 63.47, 17, 17, 0, 17
2026/2/27, 21:35:00, 63.47, 63.47, 63.47, 63.47, 27, 24, 0, 27
2026/2/27, 21:40:00, 63.47, 63.47, 63.47, 63.47, 83, 78, 0, 83
2026/2/27, 21:50:00, 63.35, 63.35, 63.35, 63.35, 17, 17, 0, 17
2026/2/27, 21:55:00, 63.37, 63.40, 63.37, 63.40, 50, 43, 50, 0
2026/3/1, 23:10:00, 65.50, 65.50, 65.50, 65.50, 4, 2, 4, 0
2026/3/1, 23:35:00, 66.17, 66.17, 66.17, 66.17, 16, 16, 0, 16
2026/3/1, 23:45:00, 65.89, 65.89, 65.89, 65.89, 1, 1, 0, 1
2026/3/2, 00:00:00, 65.87, 65.87, 65.87, 65.87, 4, 1, 0, 4
2026/3/2, 01:00:00, 65.00, 65.00, 64.94, 64.94, 3, 3, 3, 0
2026/3/2, 02:50:00, 64.48, 64.56, 64.48, 64.56, 2, 2, 0, 2
2026/3/2, 02:55:00, 64.50, 64.50, 64.50, 64.50, 1, 1, 0, 1
2026/3/2, 03:00:00, 64.44, 64.44, 64.44, 64.44, 1, 1, 0, 1
2026/3/2, 03:10:00, 64.51, 64.51, 64.51, 64.51, 1, 1, 0, 1
2026/3/2, 04:25:00, 64.72, 64.72, 64.72, 64.72, 1, 1, 1, 0
2026/3/2, 07:00:00, 65.40, 65.40, 65.40, 65.40, 1, 1, 1, 0
2026/3/2, 07:15:00, 65.55, 65.55, 65.55, 65.55, 1, 1, 1, 0
2026/3/2, 07:20:00, 65.54, 65.54, 65.54, 65.54, 1, 1, 1, 0
2026/3/2, 08:35:00, 65.44, 65.44, 65.44, 65.44, 1, 1, 1, 0
2026/3/2, 08:55:00, 65.25, 65.25, 65.25, 65.25, 1, 1, 0, 1
2026/3/2, 09:40:00, 65.02, 65.02, 65.02, 65.02, 1, 1, 1, 0
2026/3/2, 09:50:00, 65.14, 65.14, 65.14, 65.14, 1, 1, 0, 1
2026/3/2, 10:10:00, 65.06, 65.06, 65.04, 65.04, 5, 3, 5, 0
2026/3/2, 11:00:00, 65.02, 65.02, 65.02, 65.02, 1, 1, 0, 1
2026/3/2, 11:05:00, 64.99, 64.99, 64.99, 64.99, 5, 3, 0, 5
2026/3/2, 11:25:00, 65.00, 65.00, 65.00, 65.00, 2, 2, 0, 2
2026/3/2, 12:50:00, 65.31, 65.31, 65.31, 65.31, 1, 1, 1, 0
2026/3/2, 13:00:00, 65.00, 65.00, 65.00, 65.00, 1, 1, 1, 0
2026/3/2, 13:05:00, 65.06, 65.06, 65.06, 65.06, 1, 1, 0, 1
2026/3/2, 14:00:00, 65.33, 65.33, 65.33, 65.33, 1, 1, 0, 1
2026/3/2, 14:10:00, 65.46, 65.46, 65.41, 65.46, 83, 70, 21, 62
2026/3/2, 14:15:00, 65.50, 65.56, 65.50, 65.56, 9, 9, 1, 8
2026/3/2, 14:50:00, 64.61, 64.61, 64.50, 64.50, 10, 4, 10, 0
2026/3/2, 15:00:00, 64.64, 64.74, 64.64, 64.74, 9, 7, 0, 9
2026/3/2, 15:05:00, 64.69, 64.69, 64.69, 64.69, 1, 1, 0, 1
2026/3/2, 15:10:00, 64.83, 64.87, 64.74, 64.75, 10, 5, 5, 5
2026/3/2, 15:15:00, 64.96, 64.96, 64.76, 64.81, 21, 19, 4, 17
2026/3/2, 15:20:00, 64.82, 64.95, 64.82, 64.91, 86, 75, 9, 77
2026/3/2, 15:25:00, 64.77, 64.77, 64.71, 64.71, 4, 2, 3, 1
2026/3/2, 15:40:00, 64.64, 64.64, 64.57, 64.57, 13, 11, 8, 5
2026/3/2, 15:45:00, 64.55, 64.67, 64.55, 64.67, 7, 6, 5, 2
2026/3/2, 15:50:00, 64.67, 64.68, 64.61, 64.61, 12, 9, 10, 2
2026/3/2, 15:55:00, 64.65, 64.65, 64.65, 64.65, 3, 2, 1, 2
2026/3/2, 16:00:00, 64.57, 64.57, 64.27, 64.27, 5, 5, 2, 3
2026/3/2, 16:05:00, 64.33, 64.34, 64.32, 64.32, 20, 20, 0, 20
2026/3/2, 16:10:00, 64.32, 64.32, 64.25, 64.25, 3, 2, 3, 0
2026/3/2, 16:15:00, 64.36, 64.36, 64.31, 64.31, 6, 3, 5, 1
2026/3/2, 16:20:00, 64.53, 64.55, 64.53, 64.55, 9, 5, 8, 1
2026/3/2, 16:25:00, 64.57, 64.58, 64.54, 64.54, 3, 3, 1, 2
2026/3/2, 16:30:00, 64.46, 64.46, 64.00, 64.10, 13, 8, 11, 2
2026/3/2, 16:35:00, 64.28, 64.28, 64.28, 64.28, 1, 1, 0, 1
2026/3/2, 16:45:00, 64.22, 64.22, 63.88, 63.88, 11, 8, 10, 1
2026/3/2, 16:50:00, 64.23, 64.28, 64.23, 64.28, 4, 4, 1, 3
2026/3/2, 16:55:00, 64.28, 64.33, 64.28, 64.33, 3, 3, 0, 3
2026/3/2, 17:00:00, 64.31, 64.31, 64.30, 64.30, 5, 2, 5, 0
2026/3/2, 17:10:00, 64.42, 64.42, 64.42, 64.42, 1, 1, 0, 1
2026/3/2, 17:15:00, 64.26, 64.26, 64.26, 64.26, 2, 2, 2, 0
2026/3/2, 17:40:00, 64.13, 64.13, 64.13, 64.13, 1, 1, 0, 1
2026/3/2, 18:25:00, 64.16, 64.19, 64.16, 64.19, 2, 2, 1, 1
2026/3/2, 19:10:00, 64.00, 64.00, 64.00, 64.00, 1, 1, 1, 0
2026/3/2, 19:15:00, 64.08, 64.08, 64.08, 64.08, 1, 1, 0, 1
2026/3/2, 19:25:00, 64.16, 64.25, 64.15, 64.21, 32, 25, 2, 30
2026/3/2, 19:45:00, 64.05, 64.06, 64.05, 64.06, 2, 2, 2, 0
2026/3/2, 19:50:00, 63.94, 63.94, 63.94, 63.94, 2, 2, 2, 0
2026/3/2, 19:55:00, 63.96, 63.97, 63.96, 63.97, 6, 2, 2, 4
2026/3/2, 20:05:00, 63.99, 64.06, 63.99, 64.06, 6, 3, 0, 6
2026/3/2, 20:20:00, 65.00, 65.00, 65.00, 65.00, 4, 4, 0, 4
2026/3/2, 20:45:00, 64.74, 64.74, 64.65, 64.65, 19, 8, 19, 0
2026/3/2, 20:50:00, 64.65, 64.65, 64.65, 64.65, 1, 1, 0, 1
2026/3/2, 20:55:00, 64.50, 64.50, 64.40, 64.45, 4, 4, 4, 0
2026/3/2, 21:00:00, 64.30, 64.30, 64.30, 64.30, 1, 1, 1, 0
2026/3/2, 21:20:00, 64.36, 64.36, 64.36, 64.36, 2, 2, 1, 1
2026/3/2, 21:40:00, 64.16, 64.16, 64.16, 64.16, 5, 4, 0, 5
2026/3/2, 21:45:00, 64.17, 64.18, 64.17, 64.18, 2, 2, 2, 0
2026/3/3, 00:15:00, 64.37, 64.37, 64.37, 64.37, 1, 1, 0, 1
2026/3/3, 00:20:00, 64.34, 64.34, 64.34, 64.34, 2, 2, 2, 0
2026/3/3, 00:55:00, 64.61, 64.61, 64.61, 64.61, 1, 1, 1, 0
2026/3/3, 01:00:00, 64.68, 64.77, 64.66, 64.77, 25, 25, 25, 0
2026/3/3, 01:05:00, 64.70, 64.70, 64.70, 64.70, 1, 1, 0, 1
2026/3/3, 01:15:00, 64.67, 64.75, 64.67, 64.74, 160, 81, 135, 25
2026/3/3, 01:20:00, 64.74, 64.76, 64.74, 64.76, 32, 18, 23, 9
2026/3/3, 01:30:00, 64.74, 64.75, 64.74, 64.74, 129, 58, 118, 11
2026/3/3, 01:40:00, 64.80, 64.80, 64.80, 64.80, 1, 1, 0, 1
2026/3/3, 01:55:00, 64.76, 64.76, 64.76, 64.76, 1, 1, 1, 0
2026/3/3, 02:15:00, 64.84, 65.00, 64.84, 65.00, 3, 3, 0, 3
2026/3/3, 02:35:00, 64.90, 64.90, 64.86, 64.86, 3, 3, 0, 3
2026/3/3, 03:05:00, 64.97, 64.97, 64.93, 64.93, 4, 4, 4, 0
2026/3/3, 03:25:00, 64.93, 64.93, 64.93, 64.93, 1, 1, 0, 1
2026/3/3, 03:30:00, 64.85, 64.85, 64.85, 64.85, 1, 1, 0, 1
2026/3/3, 03:35:00, 64.89, 64.89, 64.89, 64.89, 1, 1, 1, 0
2026/3/3, 05:15:00, 64.90, 64.91, 64.84, 64.84, 3, 3, 2, 1
2026/3/3, 05:35:00, 65.32, 65.32, 65.32, 65.32, 1, 1, 0, 1
2026/3/3, 05:50:00, 65.00, 65.00, 65.00, 65.00, 2, 2, 2, 0
2026/3/3, 06:00:00, 64.97, 64.97, 64.97, 64.97, 1, 1, 0, 1
2026/3/3, 07:00:00, 65.30, 65.30, 65.30, 65.30, 2, 2, 0, 2
2026/3/3, 07:10:00, 65.13, 65.13, 65.13, 65.13, 1, 1, 0, 1
2026/3/3, 07:15:00, 65.21, 65.21, 65.21, 65.21, 1, 1, 0, 1
2026/3/3, 07:45:00, 65.52, 65.52, 65.52, 65.52, 1, 1, 0, 1
2026/3/3, 08:10:00, 65.52, 65.52, 65.52, 65.52, 4, 3, 0, 4
2026/3/3, 08:20:00, 65.39, 65.39, 65.39, 65.39, 1, 1, 0, 1
2026/3/3, 09:05:00, 65.71, 65.75, 65.71, 65.75, 6, 6, 0, 6
2026/3/3, 09:10:00, 65.83, 65.89, 65.83, 65.89, 4, 4, 1, 3
2026/3/3, 09:15:00, 65.80, 65.80, 65.80, 65.80, 1, 1, 1, 0
2026/3/3, 09:30:00, 65.93, 65.93, 65.93, 65.93, 2, 2, 0, 2
2026/3/3, 09:35:00, 65.90, 65.99, 65.90, 65.99, 2, 2, 1, 1
2026/3/3, 09:50:00, 66.13, 66.27, 66.13, 66.23, 14, 13, 0, 14
2026/3/3, 09:55:00, 66.00, 66.00, 66.00, 66.00, 1, 1, 1, 0
2026/3/3, 10:15:00, 66.16, 66.16, 66.16, 66.16, 1, 1, 0, 1
2026/3/3, 10:20:00, 66.15, 66.15, 66.15, 66.15, 1, 1, 0, 1
2026/3/3, 10:35:00, 66.38, 66.39, 66.36, 66.39, 4, 4, 0, 4
2026/3/3, 10:45:00, 66.43, 66.43, 66.43, 66.43, 2, 2, 0, 2
2026/3/3, 10:55:00, 66.50, 66.50, 66.50, 66.50, 1, 1, 1, 0
2026/3/3, 12:00:00, 66.36, 66.36, 66.31, 66.35, 5, 5, 2, 3
2026/3/3, 12:05:00, 66.26, 66.26, 66.26, 66.26, 1, 1, 0, 1
2026/3/3, 12:35:00, 66.22, 66.22, 66.20, 66.20, 2, 2, 0, 2
2026/3/3, 12:40:00, 66.14, 66.14, 66.12, 66.12, 2, 2, 0, 2
2026/3/3, 12:45:00, 65.90, 65.90, 65.90, 65.90, 1, 1, 1, 0
2026/3/3, 12:55:00, 65.70, 65.70, 65.70, 65.70, 1, 1, 1, 0
2026/3/3, 13:25:00, 65.80, 65.80, 65.80, 65.80, 6, 6, 0, 6
2026/3/3, 13:30:00, 65.73, 65.77, 65.72, 65.72, 3, 3, 1, 2
2026/3/3, 13:35:00, 65.65, 65.65, 65.50, 65.57, 24, 24, 0, 24
2026/3/3, 13:40:00, 65.42, 65.63, 65.35, 65.63, 9, 7, 3, 6
2026/3/3, 13:45:00, 65.42, 65.42, 65.42, 65.42, 1, 1, 1, 0
2026/3/3, 13:55:00, 65.34, 65.34, 65.34, 65.34, 1, 1, 0, 1
2026/3/3, 14:10:00, 65.58, 65.64, 65.50, 65.50, 4, 4, 0, 4
2026/3/3, 14:20:00, 65.50, 65.50, 65.50, 65.50, 1, 1, 1, 0
2026/3/3, 14:30:00, 65.54, 65.54, 65.54, 65.54, 1, 1, 1, 0
2026/3/3, 14:40:00, 65.33, 65.33, 65.28, 65.28, 3, 3, 0, 3
2026/3/3, 14:45:00, 65.38, 65.38, 65.20, 65.20, 2, 2, 0, 2
2026/3/3, 14:50:00, 65.30, 65.30, 65.25, 65.25, 3, 3, 1, 2
2026/3/3, 14:55:00, 65.24, 65.32, 65.21, 65.32, 11, 11, 2, 9
2026/3/3, 15:00:00, 65.20, 65.41, 65.20, 65.38, 3, 3, 0, 3
2026/3/3, 15:05:00, 65.05, 65.05, 65.05, 65.05, 1, 1, 1, 0
2026/3/3, 15:10:00, 65.38, 65.38, 65.35, 65.35, 6, 6, 1, 5
2026/3/3, 15:15:00, 65.28, 65.28, 65.28, 65.28, 1, 1, 0, 1
2026/3/3, 15:20:00, 65.27, 65.27, 65.27, 65.27, 2, 2, 0, 2
2026/3/3, 15:25:00, 65.20, 65.20, 65.19, 65.19, 6, 2, 6, 0
2026/3/3, 15:35:00, 65.34, 65.34, 65.34, 65.34, 1, 1, 0, 1
2026/3/3, 15:55:00, 65.18, 65.18, 65.18, 65.18, 2, 2, 0, 2
2026/3/3, 16:00:00, 65.24, 65.25, 65.24, 65.24, 4, 4, 0, 4
2026/3/3, 16:15:00, 65.13, 65.13, 65.13, 65.13, 1, 1, 1, 0
2026/3/3, 16:20:00, 65.00, 65.00, 65.00, 65.00, 1, 1, 1, 0
2026/3/3, 16:25:00, 64.98, 64.98, 64.77, 64.77, 2, 2, 1, 1
2026/3/3, 16:30:00, 64.69, 64.69, 64.69, 64.69, 1, 1, 1, 0
2026/3/3, 16:40:00, 64.50, 64.50, 64.50, 64.50, 1, 1, 1, 0
2026/3/3, 16:45:00, 64.21, 64.21, 64.21, 64.21, 1, 1, 1, 0
2026/3/3, 16:50:00, 64.35, 64.35, 64.35, 64.35, 1, 1, 0, 1
2026/3/3, 17:25:00, 64.74, 64.82, 64.74, 64.81, 9, 9, 0, 9
2026/3/3, 17:55:00, 64.60, 64.62, 64.60, 64.62, 6, 3, 6, 0
2026/3/3, 18:00:00, 64.59, 64.59, 64.59, 64.59, 1, 1, 0, 1
2026/3/3, 18:30:00, 64.49, 64.49, 63.99, 63.99, 2, 2, 0, 2
2026/3/3, 18:35:00, 64.13, 64.13, 64.02, 64.02, 2, 2, 1, 1
2026/3/3, 18:50:00, 64.37, 64.37, 64.37, 64.37, 1, 1, 0, 1
2026/3/3, 19:25:00, 64.51, 64.65, 64.50, 64.64, 8, 6, 4, 4
2026/3/3, 19:35:00, 64.00, 64.00, 64.00, 64.00, 1, 1, 1, 0
2026/3/3, 19:40:00, 63.90, 64.00, 63.90, 64.00, 26, 14, 23, 3
2026/3/3, 19:45:00, 63.65, 64.06, 63.65, 64.06, 3, 3, 1, 2
2026/3/3, 19:50:00, 63.88, 64.09, 63.88, 64.09, 5, 4, 4, 1
2026/3/3, 20:40:00, 64.23, 64.23, 64.23, 64.23, 1, 1, 0, 1
2026/3/3, 21:20:00, 64.32, 64.32, 64.32, 64.32, 1, 1, 1, 0
2026/3/3, 21:55:00, 64.63, 64.63, 64.63, 64.63, 1, 1, 0, 1
2026/3/3, 23:40:00, 64.85, 64.85, 64.85, 64.85, 1, 1, 0, 1
2026/3/4, 00:20:00, 64.34, 64.34, 64.34, 64.34, 1, 1, 1, 0
2026/3/4, 01:00:00, 64.41, 64.41, 64.41, 64.41, 2, 2, 0, 2
2026/3/4, 01:15:00, 64.50, 64.50, 64.50, 64.50, 1, 1, 0, 1
2026/3/4, 02:10:00, 64.70, 64.70, 64.70, 64.70, 1, 1, 0, 1
2026/3/4, 02:35:00, 64.56, 64.56, 64.54, 64.54, 2, 2, 0, 2
2026/3/4, 02:40:00, 64.61, 64.61, 64.61, 64.61, 2, 2, 0, 2
2026/3/4, 03:25:00, 64.35, 64.35, 64.35, 64.35, 1, 1, 0, 1
2026/3/4, 03:35:00, 64.53, 64.53, 64.53, 64.53, 1, 1, 0, 1
2026/3/4, 03:40:00, 64.52, 64.52, 64.52, 64.52, 1, 1, 0, 1
2026/3/4, 04:40:00, 64.56, 64.60, 64.56, 64.59, 3, 3, 3, 0
2026/3/4, 04:45:00, 64.64, 64.64, 64.62, 64.62, 2, 2, 0, 2
2026/3/4, 08:30:00, 65.36, 65.36, 65.36, 65.36, 1, 1, 1, 0
2026/3/4, 08:35:00, 65.44, 65.44, 65.44, 65.44, 1, 1, 0, 1
2026/3/4, 08:40:00, 65.38, 65.38, 65.38, 65.38, 1, 1, 1, 0
2026/3/4, 09:00:00, 65.05, 65.05, 65.05, 65.05, 1, 1, 0, 1
2026/3/4, 09:05:00, 65.03, 65.03, 65.03, 65.03, 1, 1, 1, 0
2026/3/4, 09:15:00, 64.76, 64.76, 64.76, 64.76, 1, 1, 1, 0
2026/3/4, 09:20:00, 64.71, 64.71, 64.71, 64.71, 1, 1, 1, 0
2026/3/4, 09:30:00, 64.76, 64.76, 64.76, 64.76, 1, 1, 1, 0
2026/3/4, 12:25:00, 64.55, 64.55, 64.55, 64.55, 1, 1, 0, 1
2026/3/4, 14:35:00, 64.88, 64.88, 64.88, 64.88, 1, 1, 0, 1
2026/3/4, 14:40:00, 64.78, 64.78, 64.78, 64.78, 1, 1, 0, 1
2026/3/4, 15:20:00, 64.65, 64.70, 64.64, 64.65, 12, 4, 11, 1
2026/3/4, 15:25:00, 64.61, 64.63, 64.61, 64.63, 2, 2, 2, 0
2026/3/4, 15:30:00, 64.74, 64.74, 64.74, 64.74, 1, 1, 1, 0
2026/3/4, 15:55:00, 64.75, 64.75, 64.75, 64.75, 1, 1, 1, 0
2026/3/4, 16:05:00, 64.96, 64.96, 64.96, 64.96, 2, 2, 0, 2
2026/3/4, 16:15:00, 64.69, 64.69, 64.69, 64.69, 1, 1, 0, 1
2026/3/4, 16:40:00, 64.68, 64.70, 64.68, 64.70, 2, 2, 1, 1
2026/3/4, 17:20:00, 65.09, 65.09, 65.07, 65.09, 3, 3, 3, 0
2026/3/4, 17:25:00, 65.07, 65.07, 65.06, 65.07, 5, 3, 5, 0
2026/3/4, 17:30:00, 65.17, 65.18, 65.17, 65.18, 2, 2, 0, 2
2026/3/4, 17:35:00, 65.23, 65.25, 65.14, 65.14, 10, 9, 6, 4
2026/3/4, 17:55:00, 65.16, 65.16, 65.16, 65.16, 1, 1, 1, 0
2026/3/4, 18:00:00, 64.99, 64.99, 64.99, 64.99, 1, 1, 1, 0
2026/3/4, 18:55:00, 65.06, 65.08, 65.06, 65.08, 2, 2, 2, 0
2026/3/4, 19:05:00, 64.95, 64.95, 64.95, 64.95, 1, 1, 0, 1
2026/3/4, 19:25:00, 65.08, 65.10, 65.05, 65.05, 3, 3, 2, 1
2026/3/4, 19:40:00, 65.00, 65.00, 65.00, 65.00, 1, 1, 0, 1
2026/3/4, 20:25:00, 65.13, 65.13, 65.13, 65.13, 6, 2, 0, 6
2026/3/4, 20:55:00, 64.90, 64.90, 64.90, 64.90, 1, 1, 1, 0
2026/3/4, 21:10:00, 65.10, 65.10, 65.10, 65.10, 1, 1, 0, 1
2026/3/4, 23:50:00, 65.14, 65.14, 65.14, 65.14, 11, 10, 11, 0
2026/3/5, 01:15:00, 65.49, 65.50, 65.49, 65.50, 2, 2, 0, 2
2026/3/5, 02:15:00, 65.62, 65.64, 65.62, 65.64, 3, 3, 0, 3
2026/3/5, 02:20:00, 65.73, 65.76, 65.73, 65.76, 2, 2, 2, 0
2026/3/5, 02:25:00, 65.74, 65.74, 65.74, 65.74, 1, 1, 0, 1
2026/3/5, 05:40:00, 65.99, 65.99, 65.99, 65.99, 1, 1, 0, 1
2026/3/5, 06:45:00, 65.90, 65.90, 65.90, 65.90, 6, 5, 0, 6
2026/3/5, 06:50:00, 65.23, 65.23, 65.23, 65.23, 1, 1, 1, 0
2026/3/5, 08:00:00, 65.71, 65.85, 65.69, 65.85, 5, 5, 5, 0
2026/3/5, 09:00:00, 65.77, 65.77, 65.77, 65.77, 1, 1, 1, 0
2026/3/5, 09:05:00, 65.50, 65.50, 65.50, 65.50, 2, 2, 2, 0
2026/3/5, 09:15:00, 65.57, 65.57, 65.57, 65.57, 1, 1, 1, 0
2026/3/5, 09:45:00, 65.87, 65.87, 65.87, 65.87, 1, 1, 0, 1
2026/3/5, 10:40:00, 65.89, 65.89, 65.89, 65.89, 1, 1, 1, 0
2026/3/5, 12:10:00, 66.00, 66.00, 66.00, 66.00, 1, 1, 1, 0
2026/3/5, 12:55:00, 66.08, 66.08, 66.08, 66.08, 1, 1, 1, 0
2026/3/5, 13:35:00, 65.87, 65.87, 65.87, 65.87, 1, 1, 1, 0
2026/3/5, 14:05:00, 66.04, 66.04, 66.01, 66.01, 5, 4, 5, 0
2026/3/5, 14:20:00, 66.25, 66.25, 66.25, 66.25, 1, 1, 1, 0
2026/3/5, 14:25:00, 66.22, 66.22, 66.14, 66.14, 8, 8, 4, 4
2026/3/5, 14:30:00, 66.04, 66.04, 66.04, 66.04, 1, 1, 1, 0
2026/3/5, 14:45:00, 66.13, 66.13, 66.13, 66.13, 2, 1, 2, 0
2026/3/5, 14:50:00, 66.09, 66.09, 66.07, 66.07, 9, 4, 9, 0
2026/3/5, 14:55:00, 66.07, 66.07, 66.05, 66.05, 6, 6, 6, 0
2026/3/5, 15:05:00, 66.06, 66.06, 66.06, 66.06, 1, 1, 1, 0
2026/3/5, 15:35:00, 66.17, 66.23, 66.17, 66.20, 28, 22, 3, 25
2026/3/5, 16:00:00, 66.00, 66.00, 65.91, 65.91, 2, 2, 1, 1
2026/3/5, 16:10:00, 66.13, 66.13, 66.11, 66.11, 2, 2, 1, 1
2026/3/5, 16:20:00, 66.19, 66.19, 66.17, 66.17, 2, 2, 1, 1
2026/3/5, 16:30:00, 66.14, 66.14, 66.14, 66.14, 1, 1, 0, 1
2026/3/5, 16:35:00, 66.13, 66.19, 66.13, 66.19, 2, 2, 1, 1
2026/3/5, 16:45:00, 66.30, 66.30, 66.27, 66.28, 90, 65, 6, 84
2026/3/5, 16:50:00, 66.37, 66.37, 66.37, 66.37, 1, 1, 0, 1
2026/3/5, 17:00:00, 66.28, 66.28, 66.28, 66.28, 1, 1, 1, 0
2026/3/5, 17:45:00, 66.60, 66.60, 66.57, 66.60, 19, 14, 8, 11
2026/3/5, 17:55:00, 66.64, 66.65, 66.64, 66.65, 2, 2, 1, 1
2026/3/5, 18:00:00, 66.58, 66.58, 66.58, 66.58, 1, 1, 1, 0
2026/3/5, 18:45:00, 66.75, 66.80, 66.75, 66.80, 19, 18, 0, 19
2026/3/5, 18:50:00, 66.74, 66.78, 66.70, 66.70, 4, 4, 2, 2
2026/3/5, 18:55:00, 66.71, 66.71, 66.71, 66.71, 1, 1, 1, 0
2026/3/5, 19:10:00, 66.81, 66.83, 66.81, 66.83, 4, 4, 0, 4
2026/3/5, 19:15:00, 66.82, 66.82, 66.82, 66.82, 1, 1, 0, 1
2026/3/5, 19:20:00, 66.63, 66.63, 66.63, 66.63, 1, 1, 1, 0
2026/3/5, 19:25:00, 66.68, 66.68, 66.52, 66.52, 42, 19, 39, 3
2026/3/5, 19:30:00, 66.47, 66.50, 66.47, 66.50, 2, 2, 1, 1
2026/3/5, 19:35:00, 66.36, 66.36, 66.36, 66.36, 1, 1, 0, 1
2026/3/5, 19:40:00, 66.44, 66.44, 66.44, 66.44, 1, 1, 1, 0
2026/3/5, 19:50:00, 66.50, 66.50, 66.50, 66.50, 1, 1, 0, 1
2026/3/5, 19:55:00, 66.54, 66.54, 66.53, 66.53, 4, 4, 2, 2
2026/3/5, 20:00:00, 66.77, 66.77, 66.62, 66.62, 3, 3, 3, 0
2026/3/5, 20:05:00, 66.20, 66.36, 66.20, 66.36, 2, 2, 0, 2
2026/3/5, 20:10:00, 66.26, 66.26, 66.26, 66.26, 1, 1, 0, 1
2026/3/5, 20:25:00, 66.25, 66.25, 66.25, 66.25, 1, 1, 1, 0
2026/3/5, 20:40:00, 66.60, 66.60, 66.60, 66.60, 1, 1, 1, 0
2026/3/5, 20:45:00, 66.42, 66.42, 66.42, 66.42, 3, 1, 3, 0
2026/3/5, 20:50:00, 66.49, 66.49, 66.49, 66.49, 1, 1, 1, 0
2026/3/5, 21:40:00, 66.00, 66.00, 66.00, 66.00, 2, 2, 2, 0
2026/3/6, 01:40:00, 66.55, 66.55, 66.55, 66.55, 1, 1, 1, 0
2026/3/6, 02:00:00, 66.53, 66.53, 66.53, 66.53, 1, 1, 0, 1
2026/3/6, 02:05:00, 66.42, 66.42, 66.42, 66.42, 2, 1, 0, 2
2026/3/6, 06:25:00, 66.78, 66.78, 66.75, 66.75, 3, 3, 2, 1
2026/3/6, 06:50:00, 66.68, 66.68, 66.68, 66.68, 1, 1, 0, 1
2026/3/6, 06:55:00, 66.73, 66.73, 66.69, 66.72, 3, 3, 2, 1
2026/3/6, 08:05:00, 66.77, 66.77, 66.76, 66.76, 2, 2, 2, 0
2026/3/6, 08:10:00, 66.99, 66.99, 66.99, 66.99, 1, 1, 0, 1
2026/3/6, 08:50:00, 66.82, 66.82, 66.82, 66.82, 1, 1, 1, 0
2026/3/6, 09:10:00, 66.83, 66.83, 66.83, 66.83, 1, 1, 1, 0
2026/3/6, 09:15:00, 67.04, 67.04, 67.04, 67.04, 1, 1, 1, 0
2026/3/6, 09:30:00, 67.34, 67.34, 67.34, 67.34, 1, 1, 0, 1
2026/3/6, 09:35:00, 67.43, 67.43, 67.43, 67.43, 1, 1, 0, 1
2026/3/6, 09:40:00, 67.47, 67.47, 67.47, 67.47, 1, 1, 1, 0
2026/3/6, 10:10:00, 67.51, 67.51, 67.51, 67.51, 1, 1, 1, 0
2026/3/6, 10:25:00, 67.50, 67.50, 67.50, 67.50, 1, 1, 1, 0
2026/3/6, 10:50:00, 67.60, 67.60, 67.60, 67.60, 25, 20, 0, 25
2026/3/6, 10:55:00, 67.65, 67.65, 67.61, 67.61, 29, 26, 1, 28
2026/3/6, 11:00:00, 67.70, 67.81, 67.70, 67.81, 6, 6, 1, 5
2026/3/6, 11:05:00, 68.00, 68.17, 68.00, 68.10, 7, 6, 5, 2
2026/3/6, 11:10:00, 67.95, 68.04, 67.95, 68.04, 5, 5, 4, 1
2026/3/6, 11:15:00, 68.08, 68.08, 68.08, 68.08, 1, 1, 1, 0
2026/3/6, 12:05:00, 68.00, 68.13, 68.00, 68.13, 18, 15, 1, 17
2026/3/6, 12:10:00, 68.13, 68.13, 68.13, 68.13, 1, 1, 1, 0
2026/3/6, 12:15:00, 68.18, 68.18, 68.18, 68.18, 1, 1, 1, 0
2026/3/6, 12:25:00, 68.19, 68.19, 68.19, 68.19, 3, 1, 3, 0
2026/3/6, 12:30:00, 68.19, 68.19, 68.17, 68.19, 8, 3, 7, 1
2026/3/6, 13:05:00, 68.00, 68.00, 68.00, 68.00, 1, 1, 1, 0
2026/3/6, 13:30:00, 68.25, 68.25, 68.25, 68.25, 1, 1, 1, 0
2026/3/6, 13:45:00, 68.47, 68.47, 68.47, 68.47, 1, 1, 1, 0
2026/3/6, 13:50:00, 68.65, 68.65, 68.65, 68.65, 1, 1, 1, 0
2026/3/6, 13:55:00, 68.50, 68.50, 68.50, 68.50, 1, 1, 1, 0
2026/3/6, 14:20:00, 68.48, 68.48, 68.48, 68.48, 1, 1, 0, 1
2026/3/6, 14:25:00, 68.45, 68.45, 68.45, 68.45, 1, 1, 1, 0
2026/3/6, 15:00:00, 68.35, 68.35, 68.00, 68.07, 7, 6, 6, 1
2026/3/6, 15:10:00, 68.19, 68.19, 68.19, 68.19, 1, 1, 1, 0
2026/3/6, 15:15:00, 68.44, 68.44, 68.44, 68.44, 1, 1, 1, 0
2026/3/6, 15:20:00, 68.27, 68.27, 68.27, 68.27, 1, 1, 1, 0
2026/3/6, 15:25:00, 68.23, 68.23, 68.23, 68.23, 1, 1, 0, 1
2026/3/6, 15:30:00, 68.19, 68.19, 68.17, 68.17, 10, 3, 10, 0
2026/3/6, 15:35:00, 68.01, 68.01, 67.95, 67.95, 2, 2, 2, 0
2026/3/6, 15:40:00, 68.07, 68.07, 68.07, 68.07, 1, 1, 1, 0
2026/3/6, 15:50:00, 67.89, 67.92, 67.89, 67.92, 10, 4, 0, 10
2026/3/6, 15:55:00, 67.75, 67.75, 67.75, 67.75, 1, 1, 1, 0
2026/3/6, 16:05:00, 67.61, 67.65, 67.53, 67.53, 13, 6, 12, 1
2026/3/6, 16:15:00, 67.45, 67.45, 67.45, 67.45, 1, 1, 1, 0
2026/3/6, 16:20:00, 67.40, 67.52, 67.38, 67.43, 4, 4, 4, 0
2026/3/6, 17:00:00, 67.65, 67.65, 67.65, 67.65, 1, 1, 1, 0
2026/3/6, 17:05:00, 67.73, 67.73, 67.73, 67.73, 12, 7, 1, 11
2026/3/6, 17:25:00, 67.92, 67.92, 67.92, 67.92, 1, 1, 1, 0
2026/3/6, 17:40:00, 67.80, 67.80, 67.78, 67.78, 14, 3, 14, 0
2026/3/6, 18:00:00, 67.60, 67.60, 67.59, 67.59, 8, 2, 8, 0
2026/3/6, 18:10:00, 67.61, 67.61, 67.61, 67.61, 1, 1, 1, 0
2026/3/6, 18:15:00, 67.69, 67.69, 67.66, 67.69, 3, 3, 0, 3
2026/3/6, 18:20:00, 67.67, 67.82, 67.65, 67.82, 4, 4, 0, 4
2026/3/6, 18:25:00, 67.83, 67.90, 67.83, 67.88, 5, 5, 3, 2
2026/3/6, 18:55:00, 67.89, 67.89, 67.89, 67.89, 1, 1, 1, 0
2026/3/6, 19:05:00, 67.68, 67.68, 67.67, 67.67, 2, 2, 2, 0
2026/3/6, 19:10:00, 67.88, 67.88, 67.88, 67.88, 1, 1, 1, 0
2026/3/6, 19:15:00, 68.08, 68.08, 68.08, 68.08, 4, 4, 0, 4
2026/3/6, 19:25:00, 68.28, 68.37, 68.16, 68.37, 11, 10, 6, 5
2026/3/6, 19:30:00, 68.39, 68.43, 68.39, 68.40, 3, 3, 1, 2
2026/3/6, 19:45:00, 68.32, 68.37, 68.32, 68.37, 5, 5, 3, 2
2026/3/6, 20:20:00, 68.37, 68.37, 68.23, 68.23, 7, 5, 3, 4
2026/3/6, 20:25:00, 68.18, 68.18, 68.18, 68.18, 1, 1, 1, 0
2026/3/6, 20:35:00, 68.01, 68.01, 68.01, 68.01, 1, 1, 0, 1
2026/3/6, 21:00:00, 67.87, 67.87, 67.87, 67.87, 1, 1, 1, 0
2026/3/6, 21:30:00, 68.24, 68.24, 68.24, 68.24, 1, 1, 0, 1
2026/3/6, 21:55:00, 68.13, 68.13, 68.13, 68.13, 6, 6, 0, 6
2026/3/8, 22:00:00, 68.99, 68.99, 68.99, 68.99, 1, 1, 0, 1
2026/3/8, 22:05:00, 70.71, 70.71, 70.69, 70.69, 10, 8, 0, 10
2026/3/8, 22:15:00, 73.05, 73.19, 72.84, 72.84, 13, 12, 12, 1
2026/3/8, 22:20:00, 72.64, 73.26, 72.38, 73.26, 11, 10, 4, 7
2026/3/8, 22:25:00, 73.26, 73.26, 72.73, 72.84, 6, 5, 4, 2
2026/3/8, 22:40:00, 73.13, 73.13, 73.08, 73.08, 6, 6, 2, 4
2026/3/8, 22:50:00, 72.88, 72.88, 72.88, 72.88, 12, 1, 0, 12
2026/3/8, 23:00:00, 72.51, 72.51, 72.51, 72.51, 1, 1, 1, 0
2026/3/8, 23:15:00, 72.74, 72.74, 72.74, 72.74, 1, 1, 1, 0
2026/3/8, 23:25:00, 71.89, 71.90, 71.89, 71.90, 2, 2, 1, 1
2026/3/8, 23:40:00, 72.48, 72.52, 72.48, 72.52, 2, 2, 0, 2
2026/3/8, 23:55:00, 72.60, 72.60, 72.60, 72.60, 1, 1, 0, 1
2026/3/9, 00:05:00, 72.60, 72.60, 72.60, 72.60, 1, 1, 0, 1
2026/3/9, 00:15:00, 72.62, 72.73, 72.62, 72.73, 2, 2, 1, 1
2026/3/9, 00:20:00, 72.67, 72.67, 72.67, 72.67, 1, 1, 1, 0
2026/3/9, 00:25:00, 72.41, 72.41, 72.41, 72.41, 1, 1, 1, 0
2026/3/9, 01:05:00, 72.22, 72.22, 72.22, 72.22, 1, 1, 1, 0
2026/3/9, 01:15:00, 72.31, 72.31, 72.31, 72.31, 1, 1, 1, 0
2026/3/9, 01:20:00, 72.76, 72.76, 72.76, 72.76, 2, 2, 2, 0
2026/3/9, 01:25:00, 72.63, 72.70, 72.35, 72.35, 11, 11, 6, 5
2026/3/9, 01:45:00, 73.01, 73.01, 73.01, 73.01, 1, 1, 0, 1
2026/3/9, 01:50:00, 73.09, 73.14, 73.09, 73.14, 2, 2, 2, 0
2026/3/9, 02:05:00, 73.32, 73.32, 73.20, 73.20, 4, 4, 0, 4
2026/3/9, 02:10:00, 73.23, 73.46, 73.23, 73.46, 2, 2, 0, 2
2026/3/9, 02:25:00, 73.67, 73.68, 73.67, 73.68, 3, 2, 3, 0
2026/3/9, 02:30:00, 74.58, 74.58, 74.52, 74.52, 2, 2, 1, 1
2026/3/9, 03:20:00, 73.85, 73.85, 73.85, 73.85, 1, 1, 0, 1
2026/3/9, 03:35:00, 74.02, 74.02, 74.02, 74.02, 1, 1, 1, 0
2026/3/9, 03:55:00, 74.95, 74.95, 74.95, 74.95, 1, 1, 1, 0
2026/3/9, 04:00:00, 74.77, 74.77, 74.77, 74.77, 1, 1, 0, 1
2026/3/9, 04:10:00, 74.76, 74.76, 74.69, 74.69, 3, 3, 1, 2
2026/3/9, 04:30:00, 74.00, 74.00, 74.00, 74.00, 1, 1, 1, 0
2026/3/9, 04:40:00, 74.44, 74.45, 74.32, 74.32, 5, 5, 3, 2
2026/3/9, 04:50:00, 74.33, 74.33, 74.33, 74.33, 1, 1, 1, 0
2026/3/9, 04:55:00, 73.95, 73.95, 73.95, 73.95, 1, 1, 1, 0
2026/3/9, 05:00:00, 73.63, 73.63, 73.59, 73.59, 2, 2, 1, 1
2026/3/9, 05:20:00, 73.16, 73.35, 71.88, 71.88, 12, 12, 6, 6
2026/3/9, 05:25:00, 71.99, 71.99, 71.99, 71.99, 1, 1, 0, 1
2026/3/9, 06:00:00, 71.37, 71.37, 70.81, 70.81, 6, 5, 1, 5
2026/3/9, 06:05:00, 70.91, 70.91, 70.91, 70.91, 2, 2, 0, 2
2026/3/9, 06:10:00, 71.47, 71.56, 71.47, 71.56, 2, 2, 1, 1
2026/3/9, 07:00:00, 71.71, 71.71, 71.71, 71.71, 1, 1, 1, 0
2026/3/9, 07:05:00, 71.41, 71.41, 71.41, 71.41, 1, 1, 1, 0
2026/3/9, 07:50:00, 71.04, 71.04, 70.91, 70.91, 2, 2, 1, 1
2026/3/9, 08:25:00, 71.98, 72.16, 71.98, 72.16, 2, 2, 1, 1
2026/3/9, 09:05:00, 72.55, 72.55, 72.36, 72.52, 7, 6, 5, 2
2026/3/9, 09:10:00, 72.70, 72.75, 72.70, 72.75, 2, 2, 1, 1
2026/3/9, 09:30:00, 70.56, 70.56, 70.56, 70.56, 1, 1, 1, 0
2026/3/9, 09:35:00, 70.93, 70.93, 70.93, 70.93, 1, 1, 0, 1
2026/3/9, 09:45:00, 70.74, 70.74, 70.74, 70.74, 1, 1, 1, 0
2026/3/9, 09:50:00, 70.94, 70.94, 70.94, 70.94, 1, 1, 0, 1
2026/3/9, 10:25:00, 71.23, 71.23, 71.23, 71.23, 1, 1, 1, 0
2026/3/9, 10:35:00, 71.06, 71.23, 71.06, 71.23, 3, 3, 3, 0
2026/3/9, 11:35:00, 70.60, 70.60, 70.60, 70.60, 1, 1, 1, 0
2026/3/9, 12:00:00, 70.36, 70.36, 70.00, 70.05, 5, 5, 4, 1
2026/3/9, 12:10:00, 70.24, 70.24, 70.24, 70.24, 1, 1, 1, 0
2026/3/9, 12:20:00, 70.23, 70.23, 70.23, 70.23, 1, 1, 1, 0
2026/3/9, 12:45:00, 70.65, 70.75, 70.64, 70.74, 4, 4, 2, 2
2026/3/9, 13:00:00, 70.28, 70.31, 70.21, 70.25, 5, 5, 0, 5
2026/3/9, 13:10:00, 70.20, 70.33, 70.20, 70.33, 2, 2, 1, 1
2026/3/9, 13:30:00, 69.88, 69.93, 69.86, 69.86, 17, 16, 1, 16
2026/3/9, 13:35:00, 69.67, 69.67, 69.67, 69.67, 1, 1, 0, 1
2026/3/9, 13:45:00, 69.40, 69.67, 69.40, 69.67, 2, 2, 1, 1
2026/3/9, 14:00:00, 69.55, 69.58, 69.55, 69.55, 10, 10, 8, 2
2026/3/9, 14:05:00, 69.56, 71.00, 69.53, 70.95, 25, 20, 14, 11
2026/3/9, 14:10:00, 70.66, 70.66, 70.60, 70.60, 2, 2, 1, 1
2026/3/9, 14:15:00, 70.00, 70.08, 70.00, 70.08, 2, 2, 2, 0
2026/3/9, 14:20:00, 69.99, 69.99, 69.99, 69.99, 1, 1, 1, 0
2026/3/9, 14:30:00, 69.90, 69.90, 69.90, 69.90, 1, 1, 1, 0
2026/3/9, 14:35:00, 69.89, 69.89, 69.89, 69.89, 1, 1, 0, 1
2026/3/9, 14:40:00, 69.50, 69.67, 69.50, 69.66, 5, 4, 4, 1
2026/3/9, 14:45:00, 69.44, 69.44, 69.44, 69.44, 1, 1, 0, 1
2026/3/9, 14:50:00, 69.71, 69.71, 69.71, 69.71, 1, 1, 1, 0
2026/3/9, 15:05:00, 69.27, 69.27, 69.27, 69.27, 15, 7, 15, 0
2026/3/9, 15:10:00, 69.19, 69.19, 69.09, 69.09, 3, 3, 3, 0
2026/3/9, 15:20:00, 69.00, 69.00, 68.55, 68.55, 6, 4, 5, 1
2026/3/9, 15:30:00, 68.14, 68.14, 68.14, 68.14, 1, 1, 0, 1
2026/3/9, 15:40:00, 69.10, 69.10, 69.10, 69.10, 1, 1, 0, 1
2026/3/9, 15:45:00, 69.00, 69.00, 69.00, 69.00, 1, 1, 0, 1
2026/3/9, 15:50:00, 68.83, 68.86, 68.83, 68.84, 4, 4, 2, 2
2026/3/9, 15:55:00, 68.60, 68.60, 68.60, 68.60, 1, 1, 0, 1
2026/3/9, 16:00:00, 69.10, 69.10, 69.10, 69.10, 1, 1, 0, 1
2026/3/9, 16:05:00, 68.97, 69.10, 68.97, 69.10, 2, 2, 1, 1
2026/3/9, 16:10:00, 68.97, 68.97, 68.97, 68.97, 1, 1, 1, 0
2026/3/9, 16:15:00, 69.02, 69.02, 69.02, 69.02, 1, 1, 1, 0
2026/3/9, 16:20:00, 69.20, 69.23, 69.10, 69.10, 3, 3, 1, 2
2026/3/9, 16:25:00, 68.81, 68.81, 68.65, 68.65, 2, 2, 0, 2
2026/3/9, 16:30:00, 69.08, 69.08, 68.91, 68.91, 74, 49, 15, 59
2026/3/9, 16:35:00, 68.74, 68.83, 68.74, 68.83, 2, 2, 0, 2
2026/3/9, 16:40:00, 69.20, 69.20, 68.77, 68.77, 3, 3, 1, 2
2026/3/9, 16:45:00, 68.66, 68.66, 68.40, 68.40, 2, 2, 1, 1
2026/3/9, 16:55:00, 69.15, 69.37, 69.15, 69.37, 3, 2, 2, 1
2026/3/9, 17:00:00, 69.34, 69.53, 69.34, 69.53, 2, 2, 0, 2
2026/3/9, 17:05:00, 69.45, 69.54, 69.31, 69.31, 6, 6, 0, 6
2026/3/9, 17:10:00, 69.19, 69.19, 69.19, 69.19, 1, 1, 0, 1
2026/3/9, 17:20:00, 69.50, 69.51, 69.33, 69.33, 3, 3, 1, 2
2026/3/9, 17:25:00, 69.00, 69.00, 69.00, 69.00, 1, 1, 1, 0
2026/3/9, 17:35:00, 69.30, 69.30, 69.30, 69.30, 1, 1, 0, 1
2026/3/9, 18:05:00, 69.39, 69.57, 69.39, 69.57, 2, 2, 2, 0
2026/3/9, 18:10:00, 69.68, 69.70, 69.39, 69.39, 4, 4, 4, 0
2026/3/9, 18:15:00, 69.58, 69.58, 69.58, 69.58, 1, 1, 1, 0
2026/3/9, 18:25:00, 70.00, 70.19, 69.96, 70.10, 31, 27, 7, 24
2026/3/9, 18:30:00, 70.01, 70.01, 70.01, 70.01, 1, 1, 0, 1
2026/3/9, 18:45:00, 70.35, 70.37, 70.35, 70.37, 7, 3, 0, 7
2026/3/9, 18:50:00, 70.27, 70.27, 70.27, 70.27, 1, 1, 1, 0
2026/3/9, 19:05:00, 69.98, 69.98, 69.98, 69.98, 1, 1, 0, 1
2026/3/9, 19:10:00, 69.84, 69.84, 69.84, 69.84, 1, 1, 0, 1
2026/3/9, 19:15:00, 69.69, 69.72, 69.47, 69.47, 3, 3, 2, 1
2026/3/9, 19:20:00, 69.34, 69.34, 68.56, 68.71, 11, 11, 10, 1
2026/3/9, 19:25:00, 68.00, 68.00, 67.77, 67.77, 3, 3, 2, 1
2026/3/9, 19:30:00, 68.11, 68.11, 67.50, 67.75, 301, 202, 34, 267
2026/3/9, 19:35:00, 66.55, 67.09, 66.25, 66.69, 18, 18, 14, 4
2026/3/9, 19:40:00, 69.00, 69.50, 69.00, 69.50, 2, 2, 2, 0
2026/3/9, 19:45:00, 68.51, 68.51, 68.51, 68.51, 1, 1, 0, 1
2026/3/9, 19:50:00, 67.83, 67.83, 67.83, 67.83, 2, 2, 0, 2
2026/3/9, 19:55:00, 67.97, 67.97, 67.92, 67.92, 2, 2, 0, 2
2026/3/9, 20:10:00, 68.41, 68.41, 68.40, 68.40, 2, 2, 2, 0
2026/3/9, 20:15:00, 69.71, 69.71, 69.57, 69.70, 3, 3, 2, 1
2026/3/9, 20:20:00, 69.49, 69.49, 69.45, 69.45, 2, 2, 0, 2
2026/3/9, 20:25:00, 69.18, 69.18, 68.27, 68.27, 6, 6, 5, 1
2026/3/9, 20:40:00, 67.41, 67.41, 67.41, 67.41, 1, 1, 1, 0
2026/3/9, 20:45:00, 67.76, 67.76, 67.61, 67.68, 7, 6, 0, 7
2026/3/9, 20:55:00, 67.92, 68.22, 67.92, 68.22, 4, 4, 0, 4
2026/3/9, 22:25:00, 68.93, 68.93, 68.93, 68.93, 1, 1, 0, 1
2026/3/9, 22:40:00, 68.32, 68.32, 68.32, 68.32, 1, 1, 0, 1
2026/3/9, 22:45:00, 68.32, 68.32, 68.32, 68.32, 1, 1, 0, 1
2026/3/9, 23:25:00, 68.68, 68.68, 68.63, 68.63, 3, 3, 3, 0
2026/3/9, 23:35:00, 68.61, 68.61, 68.61, 68.61, 1, 1, 0, 1
2026/3/9, 23:45:00, 68.44, 68.44, 68.44, 68.44, 1, 1, 0, 1
2026/3/10, 00:00:00, 68.28, 68.28, 67.80, 67.80, 2, 2, 0, 2
2026/3/10, 00:05:00, 67.99, 67.99, 67.99, 67.99, 2, 1, 0, 2
2026/3/10, 00:35:00, 68.53, 68.53, 68.53, 68.53, 1, 1, 1, 0
2026/3/10, 00:45:00, 68.12, 68.12, 68.12, 68.12, 1, 1, 1, 0
2026/3/10, 01:40:00, 67.84, 67.84, 67.84, 67.84, 1, 1, 1, 0
2026/3/10, 01:45:00, 68.03, 68.03, 68.03, 68.03, 1, 1, 1, 0
2026/3/10, 01:50:00, 67.82, 67.82, 67.80, 67.80, 3, 3, 1, 2
2026/3/10, 02:00:00, 68.00, 68.00, 68.00, 68.00, 1, 1, 1, 0
2026/3/10, 02:05:00, 68.04, 68.10, 67.90, 67.93, 6, 6, 0, 6
2026/3/10, 02:10:00, 67.75, 67.78, 67.75, 67.78, 3, 3, 1, 2
2026/3/10, 02:55:00, 68.98, 68.98, 68.98, 68.98, 1, 1, 0, 1
2026/3/10, 03:00:00, 68.84, 68.84, 68.64, 68.75, 4, 4, 0, 4
2026/3/10, 03:25:00, 68.68, 68.72, 68.68, 68.72, 2, 2, 0, 2
2026/3/10, 07:05:00, 67.84, 67.84, 67.84, 67.84, 1, 1, 0, 1
2026/3/10, 07:25:00, 67.31, 67.31, 67.31, 67.31, 1, 1, 1, 0
2026/3/10, 07:40:00, 67.73, 67.73, 67.73, 67.73, 1, 1, 1, 0
2026/3/10, 07:45:00, 67.79, 67.79, 67.64, 67.64, 2, 2, 2, 0
2026/3/10, 07:50:00, 67.80, 67.80, 67.80, 67.80, 1, 1, 1, 0
2026/3/10, 07:55:00, 67.76, 67.76, 67.76, 67.76, 1, 1, 1, 0
2026/3/10, 08:00:00, 67.79, 67.79, 67.79, 67.79, 1, 1, 1, 0
2026/3/10, 08:05:00, 68.21, 68.21, 68.21, 68.21, 1, 1, 0, 1
2026/3/10, 08:25:00, 68.31, 68.33, 68.31, 68.33, 2, 2, 1, 1
2026/3/10, 08:30:00, 68.99, 69.00, 68.99, 69.00, 2, 2, 0, 2
2026/3/10, 08:35:00, 68.76, 68.80, 68.75, 68.80, 5, 3, 5, 0
2026/3/10, 09:15:00, 68.42, 68.42, 68.35, 68.35, 2, 2, 1, 1
2026/3/10, 09:20:00, 68.43, 68.43, 68.43, 68.43, 1, 1, 1, 0
2026/3/10, 09:35:00, 68.57, 68.57, 68.39, 68.39, 2, 2, 2, 0
2026/3/10, 09:40:00, 68.31, 68.40, 68.31, 68.40, 2, 2, 1, 1
2026/3/10, 09:50:00, 68.55, 68.59, 68.50, 68.59, 3, 3, 1, 2
2026/3/10, 10:05:00, 68.83, 68.83, 68.78, 68.78, 2, 2, 1, 1
2026/3/10, 10:15:00, 68.90, 68.90, 68.90, 68.90, 1, 1, 1, 0
2026/3/10, 10:25:00, 68.93, 68.93, 68.93, 68.93, 1, 1, 1, 0
2026/3/10, 10:30:00, 69.07, 69.23, 69.07, 69.23, 2, 2, 2, 0
2026/3/10, 10:45:00, 69.11, 69.11, 69.11, 69.11, 1, 1, 1, 0
2026/3/10, 10:50:00, 69.08, 69.16, 69.08, 69.16, 3, 3, 0, 3
2026/3/10, 11:45:00, 68.85, 68.99, 68.85, 68.99, 2, 2, 0, 2
2026/3/10, 11:55:00, 69.29, 69.29, 69.28, 69.28, 4, 2, 4, 0
2026/3/10, 12:00:00, 69.04, 69.04, 69.04, 69.04, 2, 2, 0, 2
2026/3/10, 12:05:00, 69.50, 69.50, 69.50, 69.50, 8, 6, 0, 8
2026/3/10, 12:35:00, 69.50, 69.52, 69.50, 69.50, 3, 3, 3, 0
2026/3/10, 12:40:00, 69.50, 69.50, 69.50, 69.50, 1, 1, 1, 0
2026/3/10, 13:00:00, 69.31, 69.36, 69.00, 69.00, 14, 8, 3, 11
2026/3/10, 13:10:00, 69.17, 69.17, 69.17, 69.17, 1, 1, 1, 0
2026/3/10, 13:15:00, 69.33, 69.54, 69.33, 69.40, 5, 5, 2, 3
2026/3/10, 13:20:00, 69.40, 69.40, 68.97, 68.97, 4, 4, 2, 2
2026/3/10, 13:25:00, 68.97, 69.10, 68.97, 68.99, 14, 13, 14, 0
2026/3/10, 13:30:00, 68.90, 68.90, 68.50, 68.50, 2, 2, 2, 0
2026/3/10, 13:40:00, 69.14, 69.14, 69.01, 69.01, 2, 2, 1, 1
2026/3/10, 13:45:00, 69.03, 69.14, 69.03, 69.14, 3, 3, 2, 1
2026/3/10, 14:05:00, 69.08, 69.08, 69.08, 69.08, 1, 1, 0, 1
2026/3/10, 14:20:00, 69.02, 69.02, 69.02, 69.02, 1, 1, 1, 0
2026/3/10, 14:25:00, 68.80, 68.80, 68.80, 68.80, 1, 1, 1, 0
2026/3/10, 14:30:00, 68.70, 68.71, 68.50, 68.71, 5, 5, 5, 0
2026/3/10, 14:35:00, 68.57, 68.59, 68.47, 68.47, 3, 3, 3, 0
2026/3/10, 14:40:00, 68.46, 68.46, 68.12, 68.29, 10, 10, 7, 3
2026/3/10, 14:45:00, 68.20, 68.20, 68.09, 68.09, 2, 2, 0, 2
2026/3/10, 14:50:00, 68.00, 68.01, 68.00, 68.01, 2, 2, 1, 1
2026/3/10, 14:55:00, 68.14, 68.14, 68.14, 68.14, 1, 1, 0, 1
2026/3/10, 15:15:00, 67.78, 67.78, 67.78, 67.78, 1, 1, 1, 0
2026/3/10, 15:25:00, 68.04, 68.09, 68.00, 68.00, 5, 5, 5, 0
2026/3/10, 15:30:00, 68.29, 68.29, 68.29, 68.29, 4, 4, 0, 4
2026/3/10, 15:40:00, 68.24, 68.26, 68.24, 68.26, 2, 2, 1, 1
2026/3/10, 15:50:00, 68.51, 68.51, 68.51, 68.51, 1, 1, 1, 0
2026/3/10, 16:05:00, 68.61, 68.82, 68.61, 68.81, 10, 10, 0, 10
2026/3/10, 16:10:00, 68.73, 68.80, 68.67, 68.80, 5, 5, 0, 5
2026/3/10, 16:15:00, 68.85, 68.85, 68.78, 68.78, 2, 2, 0, 2
2026/3/10, 16:20:00, 68.82, 68.82, 68.82, 68.82, 2, 2, 0, 2
2026/3/10, 16:25:00, 68.80, 68.80, 68.73, 68.73, 3, 3, 3, 0
2026/3/10, 16:30:00, 68.71, 68.71, 68.46, 68.54, 8, 8, 5, 3
2026/3/10, 17:00:00, 67.95, 68.00, 67.48, 67.52, 9, 9, 7, 2
2026/3/10, 17:10:00, 67.74, 67.74, 67.74, 67.74, 1, 1, 0, 1
2026/3/10, 17:15:00, 66.96, 66.96, 66.96, 66.96, 1, 1, 0, 1
2026/3/10, 17:20:00, 66.80, 66.80, 66.69, 66.69, 14, 10, 1, 13
2026/3/10, 17:25:00, 66.80, 66.80, 66.77, 66.77, 7, 4, 1, 6
2026/3/10, 17:45:00, 67.26, 67.26, 67.26, 67.26, 1, 1, 0, 1
2026/3/10, 18:00:00, 67.29, 67.29, 67.25, 67.25, 3, 3, 3, 0
2026/3/10, 18:05:00, 67.42, 67.42, 67.30, 67.31, 102, 78, 4, 98
2026/3/10, 18:10:00, 67.33, 67.93, 67.29, 67.93, 4, 4, 3, 1
2026/3/10, 18:15:00, 68.38, 68.58, 68.28, 68.31, 8, 8, 1, 7
2026/3/10, 18:25:00, 68.62, 68.75, 68.33, 68.75, 26, 25, 10, 16
2026/3/10, 18:30:00, 68.58, 68.58, 68.21, 68.21, 2, 2, 1, 1
2026/3/10, 18:35:00, 68.61, 68.78, 68.44, 68.44, 6, 6, 3, 3
2026/3/10, 18:40:00, 68.65, 68.65, 68.65, 68.65, 1, 1, 0, 1
2026/3/10, 18:45:00, 68.62, 68.62, 68.62, 68.62, 1, 1, 0, 1
2026/3/10, 18:50:00, 68.29, 68.29, 68.29, 68.29, 1, 1, 0, 1
2026/3/10, 19:25:00, 69.20, 69.32, 69.18, 69.23, 5, 4, 1, 4
2026/3/10, 19:30:00, 69.36, 69.36, 69.36, 69.36, 2, 2, 1, 1
2026/3/10, 19:35:00, 69.04, 69.28, 69.04, 69.28, 2, 2, 2, 0
2026/3/10, 19:40:00, 69.40, 69.50, 68.85, 68.85, 11, 8, 1, 10
2026/3/10, 19:55:00, 69.30, 69.30, 69.30, 69.30, 1, 1, 1, 0
2026/3/10, 20:00:00, 69.00, 69.16, 68.99, 69.11, 5, 5, 4, 1
2026/3/10, 20:20:00, 68.80, 68.89, 68.78, 68.89, 5, 5, 3, 2
2026/3/10, 20:30:00, 69.02, 69.02, 69.02, 69.02, 2, 2, 0, 2
2026/3/10, 20:55:00, 68.87, 68.87, 68.85, 68.85, 2, 2, 1, 1
2026/3/10, 22:10:00, 69.46, 69.46, 69.46, 69.46, 1, 1, 1, 0
2026/3/10, 22:15:00, 69.29, 69.29, 69.29, 69.29, 1, 1, 1, 0
2026/3/10, 22:25:00, 69.26, 69.26, 69.26, 69.26, 1, 1, 1, 0
2026/3/10, 22:35:00, 69.35, 69.35, 69.35, 69.35, 1, 1, 1, 0
2026/3/10, 22:50:00, 69.65, 69.65, 69.62, 69.62, 2, 2, 2, 0
2026/3/10, 23:00:00, 69.57, 69.57, 69.57, 69.57, 1, 1, 1, 0
2026/3/10, 23:05:00, 69.57, 69.57, 69.51, 69.51, 3, 3, 3, 0
2026/3/10, 23:10:00, 69.33, 69.33, 69.33, 69.33, 1, 1, 1, 0
2026/3/10, 23:25:00, 69.02, 69.02, 68.89, 68.89, 5, 5, 5, 0
2026/3/10, 23:30:00, 68.79, 68.79, 68.77, 68.77, 2, 2, 2, 0
2026/3/10, 23:35:00, 68.87, 68.87, 68.87, 68.87, 1, 1, 1, 0
2026/3/10, 23:40:00, 68.86, 68.86, 68.86, 68.86, 1, 1, 1, 0
2026/3/11, 00:05:00, 68.50, 68.52, 68.50, 68.52, 2, 2, 2, 0
2026/3/11, 00:10:00, 68.55, 68.72, 68.55, 68.59, 5, 5, 5, 0
2026/3/11, 00:15:00, 68.38, 68.38, 67.94, 67.94, 2, 2, 2, 0
2026/3/11, 00:30:00, 68.43, 68.43, 68.43, 68.43, 1, 1, 0, 1
2026/3/11, 00:40:00, 68.63, 68.69, 68.63, 68.69, 4, 4, 2, 2
2026/3/11, 00:45:00, 68.68, 68.69, 68.64, 68.64, 7, 7, 3, 4
2026/3/11, 01:15:00, 68.60, 68.60, 68.60, 68.60, 1, 1, 1, 0
2026/3/11, 01:45:00, 68.77, 68.77, 68.77, 68.77, 1, 1, 1, 0
2026/3/11, 01:55:00, 68.70, 68.70, 68.70, 68.70, 1, 1, 1, 0
2026/3/11, 02:00:00, 68.76, 68.76, 68.76, 68.76, 1, 1, 0, 1
2026/3/11, 02:10:00, 68.89, 68.89, 68.89, 68.89, 1, 1, 1, 0
2026/3/11, 02:15:00, 68.94, 68.94, 68.94, 68.94, 1, 1, 1, 0
2026/3/11, 02:45:00, 69.29, 69.29, 69.29, 69.29, 1, 1, 1, 0
2026/3/11, 02:55:00, 69.32, 69.32, 69.23, 69.23, 2, 2, 1, 1
2026/3/11, 03:05:00, 69.39, 69.39, 69.39, 69.39, 1, 1, 1, 0
2026/3/11, 03:20:00, 69.22, 69.22, 69.19, 69.19, 2, 2, 1, 1
2026/3/11, 03:40:00, 69.20, 69.20, 69.15, 69.15, 2, 2, 1, 1
2026/3/11, 04:40:00, 68.95, 68.95, 68.95, 68.95, 1, 1, 0, 1
2026/3/11, 04:55:00, 69.07, 69.07, 69.07, 69.07, 1, 1, 0, 1
2026/3/11, 05:45:00, 69.66, 69.66, 69.66, 69.66, 1, 1, 1, 0
2026/3/11, 05:50:00, 69.65, 69.65, 69.65, 69.65, 1, 1, 1, 0
2026/3/11, 06:00:00, 69.53, 69.53, 69.53, 69.53, 1, 1, 1, 0
2026/3/11, 06:50:00, 69.40, 69.40, 69.40, 69.40, 1, 1, 1, 0
2026/3/11, 07:00:00, 69.00, 69.00, 69.00, 69.00, 1, 1, 1, 0
2026/3/11, 07:10:00, 69.13, 69.13, 69.13, 69.13, 1, 1, 0, 1
2026/3/11, 07:15:00, 69.01, 69.01, 69.01, 69.01, 2, 2, 0, 2
2026/3/11, 07:20:00, 69.03, 69.25, 69.03, 69.25, 7, 7, 1, 6
2026/3/11, 07:25:00, 69.26, 69.40, 69.26, 69.40, 6, 5, 0, 6
2026/3/11, 07:30:00, 69.42, 69.44, 69.42, 69.44, 4, 4, 0, 4
2026/3/11, 07:35:00, 69.63, 69.63, 69.54, 69.57, 6, 6, 1, 5
2026/3/11, 07:40:00, 69.60, 69.60, 69.54, 69.59, 3, 3, 2, 1
2026/3/11, 07:50:00, 69.42, 69.42, 69.42, 69.42, 1, 1, 0, 1
2026/3/11, 07:55:00, 69.35, 69.35, 69.35, 69.35, 1, 1, 1, 0
2026/3/11, 08:00:00, 69.42, 69.42, 69.42, 69.42, 1, 1, 0, 1
2026/3/11, 08:05:00, 69.27, 69.27, 69.10, 69.10, 4, 4, 2, 2
2026/3/11, 08:15:00, 69.19, 69.19, 69.19, 69.19, 1, 1, 0, 1
2026/3/11, 08:20:00, 69.36, 69.36, 69.36, 69.36, 1, 1, 1, 0
2026/3/11, 08:40:00, 69.33, 69.33, 69.33, 69.33, 1, 1, 1, 0
2026/3/11, 08:55:00, 69.77, 69.77, 69.53, 69.53, 2, 2, 0, 2
2026/3/11, 09:00:00, 69.70, 69.70, 69.70, 69.70, 25, 20, 0, 25
2026/3/11, 09:05:00, 69.95, 69.95, 69.95, 69.95, 2, 2, 0, 2
2026/3/11, 09:25:00, 69.92, 69.92, 69.90, 69.91, 4, 4, 0, 4
2026/3/11, 09:30:00, 69.67, 69.67, 69.67, 69.67, 1, 1, 0, 1
2026/3/11, 09:35:00, 69.74, 69.74, 69.74, 69.74, 1, 1, 0, 1
2026/3/11, 09:40:00, 69.78, 69.78, 69.78, 69.78, 1, 1, 0, 1
2026/3/11, 10:05:00, 69.50, 69.50, 69.50, 69.50, 1, 1, 1, 0
2026/3/11, 10:15:00, 69.47, 69.47, 69.47, 69.47, 1, 1, 0, 1
2026/3/11, 10:40:00, 69.28, 69.28, 69.09, 69.09, 6, 5, 4, 2
2026/3/11, 11:00:00, 68.96, 68.96, 68.96, 68.96, 1, 1, 0, 1
2026/3/11, 11:15:00, 68.95, 68.98, 68.93, 68.98, 5, 5, 0, 5
2026/3/11, 11:20:00, 68.94, 68.94, 68.94, 68.94, 1, 1, 0, 1
2026/3/11, 11:30:00, 69.11, 69.11, 69.11, 69.11, 1, 1, 0, 1
2026/3/11, 11:35:00, 69.19, 69.19, 69.16, 69.16, 3, 2, 1, 2
2026/3/11, 11:40:00, 69.46, 69.46, 69.46, 69.46, 1, 1, 0, 1
2026/3/11, 11:45:00, 69.59, 69.59, 69.59, 69.59, 1, 1, 1, 0
2026/3/11, 11:50:00, 69.74, 69.74, 69.74, 69.74, 1, 1, 0, 1
2026/3/11, 11:55:00, 69.43, 69.46, 69.43, 69.45, 19, 17, 0, 19
2026/3/11, 12:00:00, 69.45, 69.45, 69.45, 69.45, 1, 1, 0, 1
2026/3/11, 12:15:00, 69.48, 69.48, 69.48, 69.48, 1, 1, 0, 1
2026/3/11, 12:45:00, 69.58, 69.69, 69.58, 69.68, 5, 4, 0, 5
2026/3/11, 13:00:00, 69.56, 69.58, 69.17, 69.17, 16, 12, 2, 14
2026/3/11, 13:20:00, 69.41, 69.43, 69.41, 69.43, 6, 4, 5, 1
2026/3/11, 13:25:00, 69.30, 69.30, 69.30, 69.30, 1, 1, 0, 1
2026/3/11, 13:30:00, 69.07, 69.07, 68.85, 68.85, 2, 2, 1, 1
2026/3/11, 13:35:00, 69.04, 69.04, 69.02, 69.02, 5, 4, 2, 3
2026/3/11, 13:50:00, 69.34, 69.38, 69.33, 69.38, 3, 3, 0, 3
2026/3/11, 13:55:00, 68.90, 68.99, 68.90, 68.99, 2, 2, 2, 0
2026/3/11, 14:00:00, 68.69, 68.74, 68.50, 68.74, 5, 5, 2, 3
2026/3/11, 14:05:00, 68.92, 68.92, 68.89, 68.89, 2, 2, 0, 2
2026/3/11, 14:20:00, 69.13, 69.13, 69.13, 69.13, 1, 1, 0, 1
2026/3/11, 14:50:00, 69.40, 69.40, 69.40, 69.40, 1, 1, 0, 1
2026/3/11, 15:05:00, 69.63, 69.63, 69.54, 69.54, 5, 5, 4, 1
2026/3/11, 15:10:00, 69.61, 69.61, 69.61, 69.61, 1, 1, 0, 1
2026/3/11, 15:25:00, 69.76, 69.76, 69.76, 69.76, 1, 1, 0, 1
2026/3/11, 15:30:00, 69.71, 69.71, 69.71, 69.71, 1, 1, 1, 0
2026/3/11, 15:45:00, 69.85, 69.85, 69.85, 69.85, 1, 1, 0, 1
2026/3/11, 16:05:00, 69.90, 69.90, 69.90, 69.90, 23, 20, 0, 23
2026/3/11, 16:10:00, 69.97, 69.97, 69.72, 69.72, 2, 2, 1, 1
2026/3/11, 16:15:00, 69.69, 69.69, 69.69, 69.69, 3, 1, 3, 0
2026/3/11, 16:20:00, 69.79, 69.79, 69.79, 69.79, 1, 1, 0, 1
2026/3/11, 16:25:00, 69.77, 69.77, 69.77, 69.77, 15, 15, 15, 0
2026/3/11, 16:40:00, 69.43, 69.59, 69.43, 69.59, 4, 3, 2, 2
2026/3/11, 16:45:00, 69.66, 69.69, 69.66, 69.69, 4, 4, 4, 0
2026/3/11, 16:50:00, 69.71, 69.71, 69.71, 69.71, 1, 1, 1, 0
2026/3/11, 16:55:00, 69.77, 69.78, 69.77, 69.78, 4, 2, 1, 3
2026/3/11, 17:00:00, 69.61, 69.61, 69.61, 69.61, 1, 1, 0, 1
2026/3/11, 17:05:00, 69.66, 69.66, 69.66, 69.66, 1, 1, 0, 1
2026/3/11, 17:10:00, 69.62, 69.62, 69.61, 69.62, 4, 4, 4, 0
2026/3/11, 17:35:00, 70.12, 70.20, 70.12, 70.20, 2, 2, 0, 2
2026/3/11, 17:45:00, 70.24, 70.24, 70.24, 70.24, 1, 1, 0, 1
2026/3/11, 18:05:00, 70.80, 70.80, 70.80, 70.80, 1, 1, 1, 0
2026/3/11, 18:10:00, 71.00, 71.17, 71.00, 71.04, 9, 6, 2, 7
2026/3/11, 18:20:00, 71.17, 71.32, 71.17, 71.32, 6, 5, 1, 5
2026/3/11, 18:25:00, 71.09, 71.25, 71.08, 71.25, 5, 5, 2, 3
2026/3/11, 18:30:00, 71.19, 71.19, 71.19, 71.19, 1, 1, 0, 1
2026/3/11, 18:35:00, 71.22, 71.22, 71.22, 71.22, 2, 2, 0, 2
2026/3/11, 18:55:00, 71.07, 71.07, 71.07, 71.07, 1, 1, 1, 0
2026/3/11, 19:25:00, 71.27, 71.27, 71.27, 71.27, 1, 1, 1, 0
2026/3/11, 20:00:00, 71.58, 71.64, 71.58, 71.64, 6, 3, 1, 5
2026/3/11, 20:05:00, 71.53, 71.53, 71.53, 71.53, 3, 2, 0, 3
2026/3/11, 20:10:00, 71.65, 71.65, 71.65, 71.65, 1, 1, 0, 1
2026/3/11, 20:15:00, 71.75, 71.75, 71.75, 71.75, 1, 1, 0, 1
2026/3/11, 20:20:00, 71.56, 71.56, 71.56, 71.56, 5, 5, 0, 5
2026/3/11, 20:25:00, 71.47, 71.47, 71.47, 71.47, 1, 1, 0, 1
2026/3/11, 20:35:00, 71.26, 71.26, 71.26, 71.26, 2, 2, 0, 2
2026/3/11, 20:40:00, 71.26, 71.31, 71.26, 71.31, 4, 3, 0, 4
2026/3/11, 20:55:00, 71.35, 71.35, 71.23, 71.23, 8, 4, 7, 1
2026/3/11, 22:05:00, 71.71, 71.71, 71.71, 71.71, 4, 4, 0, 4
2026/3/11, 22:10:00, 71.69, 71.69, 71.69, 71.69, 1, 1, 0, 1
2026/3/11, 22:35:00, 72.33, 72.33, 72.32, 72.32, 4, 2, 4, 0
2026/3/11, 22:50:00, 72.54, 72.54, 72.54, 72.54, 1, 1, 0, 1
2026/3/11, 23:05:00, 72.29, 72.30, 72.29, 72.30, 2, 2, 0, 2
2026/3/11, 23:10:00, 72.25, 72.25, 72.25, 72.25, 1, 1, 1, 0
2026/3/11, 23:15:00, 72.38, 72.38, 72.38, 72.38, 1, 1, 0, 1
2026/3/11, 23:35:00, 73.78, 73.82, 73.75, 73.82, 6, 4, 5, 1
2026/3/11, 23:40:00, 73.64, 73.64, 73.64, 73.64, 1, 1, 0, 1
2026/3/11, 23:45:00, 73.56, 73.56, 73.56, 73.56, 1, 1, 0, 1
2026/3/11, 23:50:00, 73.34, 73.34, 73.34, 73.34, 1, 1, 1, 0
2026/3/12, 00:00:00, 73.09, 73.09, 72.98, 73.00, 5, 4, 1, 4
2026/3/12, 00:05:00, 73.19, 73.27, 72.99, 73.14, 9, 9, 3, 6
2026/3/12, 00:10:00, 72.94, 72.94, 72.94, 72.94, 1, 1, 0, 1
2026/3/12, 00:15:00, 72.90, 73.00, 72.81, 72.81, 5, 5, 3, 2
2026/3/12, 00:20:00, 72.73, 72.73, 72.57, 72.57, 16, 16, 12, 4
2026/3/12, 00:25:00, 72.54, 72.55, 72.44, 72.44, 6, 5, 3, 3
2026/3/12, 00:30:00, 72.42, 72.42, 72.42, 72.42, 1, 1, 0, 1
2026/3/12, 00:35:00, 72.33, 72.45, 72.33, 72.35, 6, 6, 0, 6
2026/3/12, 00:40:00, 72.24, 72.35, 72.24, 72.35, 5, 5, 1, 4
2026/3/12, 00:45:00, 72.33, 72.33, 72.33, 72.33, 1, 1, 0, 1
2026/3/12, 00:50:00, 72.32, 72.32, 72.32, 72.32, 2, 2, 0, 2
2026/3/12, 00:55:00, 72.34, 72.34, 72.34, 72.34, 1, 1, 1, 0
2026/3/12, 01:05:00, 72.00, 72.00, 72.00, 72.00, 1, 1, 1, 0
2026/3/12, 01:15:00, 71.95, 71.95, 71.91, 71.91, 3, 3, 2, 1
2026/3/12, 01:20:00, 71.70, 71.70, 71.58, 71.58, 12, 11, 12, 0
2026/3/12, 01:25:00, 71.74, 71.85, 71.65, 71.85, 7, 5, 7, 0
2026/3/12, 02:00:00, 72.00, 72.00, 72.00, 72.00, 1, 1, 1, 0
2026/3/12, 02:50:00, 72.87, 72.87, 72.64, 72.82, 3, 3, 2, 1
2026/3/12, 03:05:00, 72.63, 72.69, 72.63, 72.69, 3, 3, 0, 3
2026/3/12, 03:10:00, 72.87, 72.87, 72.68, 72.68, 7, 7, 3, 4
2026/3/12, 03:15:00, 72.68, 72.68, 72.66, 72.66, 2, 2, 1, 1
2026/3/12, 03:35:00, 72.50, 72.50, 72.50, 72.50, 1, 1, 1, 0
2026/3/12, 03:40:00, 72.52, 72.57, 72.52, 72.55, 3, 3, 2, 1
2026/3/12, 03:55:00, 72.60, 72.60, 72.60, 72.60, 2, 1, 2, 0
2026/3/12, 04:00:00, 72.61, 72.61, 72.55, 72.55, 2, 2, 2, 0
2026/3/12, 04:55:00, 72.73, 72.73, 72.73, 72.73, 4, 3, 4, 0
2026/3/12, 05:00:00, 72.49, 72.49, 72.37, 72.37, 5, 5, 3, 2
2026/3/12, 05:05:00, 72.21, 72.21, 72.21, 72.21, 1, 1, 1, 0
2026/3/12, 05:30:00, 72.55, 72.55, 72.55, 72.55, 1, 1, 0, 1
2026/3/12, 05:45:00, 72.28, 72.28, 72.28, 72.28, 1, 1, 0, 1
2026/3/12, 06:00:00, 72.28, 72.28, 72.24, 72.24, 2, 2, 0, 2
2026/3/12, 06:20:00, 72.05, 72.05, 72.05, 72.05, 1, 1, 1, 0
2026/3/12, 06:25:00, 72.12, 72.12, 71.97, 71.97, 3, 3, 0, 3
2026/3/12, 06:45:00, 71.36, 71.36, 71.36, 71.36, 1, 1, 1, 0
2026/3/12, 07:05:00, 71.65, 71.68, 71.65, 71.68, 5, 5, 2, 3
2026/3/12, 07:10:00, 71.62, 71.62, 71.54, 71.54, 2, 2, 2, 0
2026/3/12, 07:15:00, 71.52, 71.52, 71.52, 71.52, 4, 4, 0, 4
2026/3/12, 07:20:00, 71.53, 71.55, 71.53, 71.55, 2, 2, 1, 1
2026/3/12, 07:25:00, 71.55, 71.55, 71.55, 71.55, 1, 1, 1, 0
2026/3/12, 07:35:00, 71.35, 71.35, 71.35, 71.35, 1, 1, 0, 1
2026/3/12, 07:45:00, 71.21, 71.21, 71.21, 71.21, 1, 1, 0, 1
2026/3/12, 07:50:00, 71.28, 71.28, 71.28, 71.28, 1, 1, 1, 0
2026/3/12, 08:05:00, 71.49, 71.49, 71.49, 71.49, 1, 1, 0, 1
2026/3/12, 08:10:00, 71.53, 71.53, 71.53, 71.53, 1, 1, 0, 1
2026/3/12, 08:20:00, 71.82, 71.82, 71.82, 71.82, 1, 1, 0, 1
2026/3/12, 08:30:00, 72.25, 72.25, 72.25, 72.25, 2, 2, 2, 0
2026/3/12, 08:35:00, 72.09, 72.20, 72.09, 72.20, 2, 2, 1, 1
2026/3/12, 08:50:00, 71.89, 71.89, 71.89, 71.89, 1, 1, 0, 1
2026/3/12, 09:40:00, 72.07, 72.07, 72.07, 72.07, 1, 1, 0, 1
2026/3/12, 10:00:00, 71.50, 71.50, 71.50, 71.50, 1, 1, 1, 0
2026/3/12, 10:10:00, 71.84, 71.87, 71.84, 71.87, 4, 4, 3, 1
2026/3/12, 10:15:00, 72.00, 72.10, 72.00, 72.10, 3, 3, 2, 1
2026/3/12, 10:40:00, 71.64, 71.64, 71.61, 71.62, 3, 3, 1, 2
2026/3/12, 11:20:00, 72.00, 72.00, 72.00, 72.00, 2, 2, 0, 2
2026/3/12, 11:25:00, 72.00, 72.00, 72.00, 72.00, 3, 3, 0, 3
2026/3/12, 11:30:00, 71.79, 71.79, 71.79, 71.79, 1, 1, 0, 1
2026/3/12, 11:55:00, 72.41, 72.48, 72.41, 72.48, 3, 3, 2, 1
2026/3/12, 12:00:00, 72.49, 72.49, 72.49, 72.49, 1, 1, 0, 1
2026/3/12, 12:10:00, 72.78, 72.80, 72.78, 72.80, 7, 7, 1, 6
2026/3/12, 12:15:00, 72.68, 72.68, 72.68, 72.68, 1, 1, 0, 1
2026/3/12, 12:45:00, 72.31, 72.31, 72.23, 72.23, 2, 2, 1, 1
2026/3/12, 13:00:00, 72.37, 72.47, 72.30, 72.47, 16, 11, 0, 16
2026/3/12, 13:15:00, 72.50, 72.65, 72.50, 72.65, 2, 2, 0, 2
2026/3/12, 13:20:00, 72.75, 73.01, 72.75, 73.01, 16, 14, 13, 3
2026/3/12, 13:25:00, 72.68, 72.68, 72.68, 72.68, 5, 5, 0, 5
2026/3/12, 13:30:00, 72.52, 72.52, 72.52, 72.52, 1, 1, 0, 1
2026/3/12, 13:35:00, 72.24, 72.24, 72.24, 72.24, 1, 1, 0, 1
2026/3/12, 13:40:00, 72.32, 72.32, 72.25, 72.28, 74, 69, 61, 13
2026/3/12, 14:00:00, 72.68, 72.68, 72.50, 72.50, 2, 2, 1, 1
2026/3/12, 14:05:00, 72.72, 72.72, 72.70, 72.70, 2, 2, 2, 0
2026/3/12, 14:15:00, 72.64, 72.74, 72.64, 72.70, 14, 12, 14, 0
2026/3/12, 14:20:00, 72.69, 72.76, 72.55, 72.55, 27, 21, 22, 5
2026/3/12, 14:25:00, 72.63, 72.72, 72.63, 72.67, 7, 6, 7, 0
2026/3/12, 14:30:00, 72.67, 72.67, 72.67, 72.67, 1, 1, 1, 0
2026/3/12, 14:40:00, 72.63, 72.63, 72.63, 72.63, 1, 1, 0, 1
2026/3/12, 14:45:00, 72.23, 72.24, 72.03, 72.03, 18, 15, 18, 0
2026/3/12, 14:50:00, 72.35, 72.35, 72.35, 72.35, 3, 3, 0, 3
2026/3/12, 14:55:00, 72.33, 72.57, 72.31, 72.57, 9, 6, 7, 2
2026/3/12, 15:10:00, 72.90, 72.90, 72.90, 72.90, 1, 1, 1, 0
2026/3/12, 15:15:00, 72.89, 72.89, 72.89, 72.89, 1, 1, 1, 0
2026/3/12, 15:20:00, 73.00, 73.00, 73.00, 73.00, 1, 1, 1, 0
2026/3/12, 15:30:00, 72.96, 72.96, 72.96, 72.96, 1, 1, 0, 1
2026/3/12, 15:35:00, 72.90, 72.90, 72.50, 72.50, 11, 9, 11, 0
2026/3/12, 15:40:00, 72.26, 72.26, 72.05, 72.19, 4, 4, 3, 1
2026/3/12, 15:45:00, 72.35, 72.35, 72.12, 72.30, 10, 10, 3, 7
2026/3/12, 15:50:00, 72.18, 72.18, 72.18, 72.18, 1, 1, 1, 0
2026/3/12, 15:55:00, 72.39, 72.50, 72.39, 72.49, 3, 3, 2, 1
2026/3/12, 16:00:00, 72.75, 72.75, 72.75, 72.75, 1, 1, 1, 0
2026/3/12, 16:05:00, 72.75, 72.75, 72.65, 72.67, 4, 4, 3, 1
2026/3/12, 16:15:00, 72.88, 72.88, 72.88, 72.88, 1, 1, 1, 0
2026/3/12, 16:20:00, 72.76, 72.76, 72.75, 72.75, 2, 2, 2, 0
2026/3/12, 16:25:00, 72.79, 72.79, 72.72, 72.72, 2, 2, 1, 1
2026/3/12, 16:30:00, 72.82, 72.82, 72.62, 72.62, 3, 3, 1, 2
2026/3/12, 16:35:00, 72.67, 72.67, 72.29, 72.29, 2, 2, 2, 0
2026/3/12, 16:45:00, 72.54, 72.54, 72.54, 72.54, 1, 1, 0, 1
2026/3/12, 17:05:00, 72.77, 72.77, 72.77, 72.77, 1, 1, 0, 1
2026/3/12, 17:15:00, 72.94, 72.94, 72.94, 72.94, 1, 1, 0, 1
2026/3/12, 17:25:00, 73.15, 73.15, 73.15, 73.15, 1, 1, 0, 1
2026/3/12, 17:30:00, 73.01, 73.04, 73.01, 73.04, 2, 2, 1, 1
2026/3/12, 17:35:00, 73.13, 73.13, 73.13, 73.13, 1, 1, 0, 1
2026/3/12, 17:55:00, 73.02, 73.04, 73.02, 73.04, 2, 2, 0, 2
2026/3/12, 18:00:00, 73.05, 73.05, 72.93, 72.93, 5, 3, 0, 5
2026/3/12, 18:05:00, 72.95, 72.95, 72.95, 72.95, 1, 1, 1, 0
2026/3/12, 18:10:00, 73.09, 73.16, 73.09, 73.16, 3, 3, 0, 3
2026/3/12, 18:15:00, 73.19, 73.21, 73.18, 73.21, 4, 3, 1, 3
2026/3/12, 18:20:00, 73.26, 73.33, 73.26, 73.33, 3, 3, 0, 3
2026/3/12, 18:25:00, 73.38, 73.90, 73.38, 73.87, 47, 42, 31, 16
2026/3/12, 18:30:00, 73.84, 73.84, 73.81, 73.81, 2, 2, 2, 0
2026/3/12, 18:35:00, 73.91, 74.00, 73.89, 73.89, 6, 6, 1, 5
2026/3/12, 18:40:00, 73.86, 73.86, 73.86, 73.86, 1, 1, 0, 1
2026/3/12, 18:50:00, 74.20, 74.20, 74.20, 74.20, 1, 1, 0, 1
2026/3/12, 18:55:00, 74.34, 74.47, 74.34, 74.47, 9, 8, 2, 7
2026/3/12, 19:20:00, 74.44, 74.44, 74.44, 74.44, 2, 1, 0, 2
2026/3/12, 19:25:00, 74.38, 74.38, 74.38, 74.38, 1, 1, 1, 0
2026/3/12, 19:35:00, 74.35, 74.35, 74.12, 74.12, 4, 4, 4, 0
2026/3/12, 20:00:00, 74.23, 74.23, 74.23, 74.23, 1, 1, 0, 1
2026/3/12, 20:05:00, 74.05, 74.05, 74.05, 74.05, 2, 2, 0, 2
2026/3/12, 20:10:00, 73.89, 73.89, 73.89, 73.89, 1, 1, 1, 0
2026/3/12, 20:20:00, 74.21, 74.21, 74.21, 74.21, 1, 1, 0, 1
2026/3/12, 20:30:00, 74.07, 74.07, 74.06, 74.06, 4, 4, 0, 4
2026/3/12, 20:40:00, 74.13, 74.13, 74.13, 74.13, 1, 1, 1, 0
2026/3/12, 20:50:00, 74.04, 74.04, 74.04, 74.04, 1, 1, 0, 1
2026/3/12, 22:00:00, 74.59, 74.59, 74.59, 74.59, 1, 1, 0, 1
2026/3/12, 22:05:00, 74.72, 74.72, 74.72, 74.72, 2, 2, 1, 1
2026/3/12, 22:15:00, 74.90, 74.90, 74.90, 74.90, 1, 1, 0, 1
2026/3/12, 23:25:00, 74.55, 74.55, 74.36, 74.36, 2, 2, 0, 2
2026/3/12, 23:35:00, 74.30, 74.36, 74.25, 74.25, 8, 8, 0, 8
2026/3/12, 23:40:00, 74.25, 74.35, 74.23, 74.23, 14, 14, 1, 13
2026/3/12, 23:45:00, 74.23, 74.25, 74.21, 74.25, 12, 11, 0, 12
2026/3/13, 00:05:00, 74.26, 74.26, 74.26, 74.26, 2, 2, 0, 2
2026/3/13, 00:10:00, 74.24, 74.24, 74.18, 74.18, 5, 4, 0, 5
2026/3/13, 00:15:00, 74.17, 74.17, 73.81, 73.81, 9, 9, 5, 4
2026/3/13, 01:00:00, 73.78, 73.78, 73.78, 73.78, 1, 1, 1, 0
2026/3/13, 01:30:00, 73.80, 73.80, 73.80, 73.80, 1, 1, 0, 1
2026/3/13, 01:35:00, 73.85, 73.85, 73.85, 73.85, 1, 1, 0, 1
2026/3/13, 01:40:00, 74.04, 74.04, 74.04, 74.04, 1, 1, 0, 1
2026/3/13, 01:50:00, 74.26, 74.26, 74.26, 74.26, 1, 1, 0, 1
2026/3/13, 02:35:00, 74.28, 74.29, 74.28, 74.29, 2, 2, 1, 1
2026/3/13, 03:40:00, 74.23, 74.23, 74.23, 74.23, 1, 1, 1, 0
2026/3/13, 06:25:00, 73.64, 73.64, 73.64, 73.64, 1, 1, 0, 1
2026/3/13, 06:45:00, 73.67, 73.70, 73.67, 73.70, 2, 2, 1, 1
2026/3/13, 07:05:00, 74.26, 74.29, 74.25, 74.25, 6, 6, 0, 6
2026/3/13, 07:10:00, 74.33, 74.35, 74.33, 74.35, 5, 4, 0, 5
2026/3/13, 07:15:00, 74.50, 74.50, 74.50, 74.50, 6, 5, 0, 6
2026/3/13, 07:20:00, 74.51, 74.51, 74.51, 74.51, 1, 1, 0, 1
2026/3/13, 07:50:00, 74.84, 74.84, 74.84, 74.84, 1, 1, 0, 1
2026/3/13, 07:55:00, 74.86, 74.86, 74.86, 74.86, 4, 3, 4, 0
2026/3/13, 08:00:00, 74.80, 74.80, 74.80, 74.80, 2, 2, 2, 0
2026/3/13, 08:10:00, 74.87, 74.87, 74.84, 74.84, 5, 5, 5, 0
2026/3/13, 08:15:00, 74.87, 74.87, 74.87, 74.87, 1, 1, 0, 1
2026/3/13, 08:25:00, 74.61, 74.61, 74.50, 74.50, 2, 2, 1, 1
2026/3/13, 09:00:00, 73.89, 73.89, 73.89, 73.89, 1, 1, 0, 1
2026/3/13, 09:05:00, 73.95, 73.95, 73.83, 73.83, 2, 2, 0, 2
2026/3/13, 09:10:00, 74.03, 74.03, 74.03, 74.03, 1, 1, 0, 1
2026/3/13, 09:35:00, 74.26, 74.26, 74.26, 74.26, 1, 1, 1, 0
2026/3/13, 10:00:00, 74.00, 74.00, 74.00, 74.00, 1, 1, 1, 0
2026/3/13, 10:15:00, 74.11, 74.11, 74.11, 74.11, 1, 1, 1, 0
2026/3/13, 10:25:00, 74.21, 74.21, 74.21, 74.21, 1, 1, 1, 0
2026/3/13, 10:45:00, 73.95, 73.95, 73.89, 73.89, 4, 4, 4, 0
2026/3/13, 10:50:00, 73.86, 73.94, 73.86, 73.94, 2, 2, 2, 0
2026/3/13, 11:25:00, 74.00, 74.00, 74.00, 74.00, 1, 1, 1, 0
2026/3/13, 11:40:00, 74.24, 74.30, 74.23, 74.30, 4, 4, 4, 0
2026/3/13, 12:00:00, 74.09, 74.09, 73.96, 74.00, 4, 3, 3, 1
2026/3/13, 12:05:00, 73.93, 73.93, 73.93, 73.93, 1, 1, 0, 1
2026/3/13, 12:10:00, 73.79, 73.79, 73.79, 73.79, 1, 1, 0, 1
2026/3/13, 12:30:00, 73.69, 73.78, 73.66, 73.78, 5, 5, 1, 4
2026/3/13, 12:35:00, 73.86, 73.92, 73.85, 73.86, 5, 5, 0, 5
2026/3/13, 12:40:00, 73.79, 73.79, 73.74, 73.74, 2, 2, 0, 2
2026/3/13, 12:45:00, 73.50, 73.50, 73.06, 73.29, 10, 10, 7, 3
2026/3/13, 12:50:00, 73.35, 73.71, 73.35, 73.71, 11, 11, 8, 3
2026/3/13, 12:55:00, 73.74, 73.75, 73.63, 73.63, 4, 4, 1, 3
2026/3/13, 13:00:00, 73.74, 73.76, 73.54, 73.64, 7, 7, 3, 4
2026/3/13, 13:05:00, 73.68, 73.81, 73.68, 73.79, 3, 3, 1, 2
2026/3/13, 13:10:00, 73.87, 73.93, 73.85, 73.87, 7, 7, 2, 5
2026/3/13, 13:15:00, 73.89, 73.89, 73.88, 73.88, 2, 2, 0, 2
2026/3/13, 13:20:00, 73.80, 73.81, 73.78, 73.81, 3, 3, 0, 3
2026/3/13, 13:25:00, 73.71, 73.71, 73.59, 73.66, 4, 4, 1, 3
2026/3/13, 13:35:00, 73.38, 73.38, 73.31, 73.31, 2, 2, 1, 1
2026/3/13, 13:40:00, 73.48, 73.48, 73.31, 73.31, 5, 5, 3, 2
2026/3/13, 13:45:00, 73.30, 73.47, 73.29, 73.46, 27, 18, 26, 1
2026/3/13, 13:50:00, 73.47, 73.47, 73.29, 73.41, 42, 34, 41, 1
2026/3/13, 13:55:00, 73.57, 73.57, 73.57, 73.57, 19, 7, 19, 0
2026/3/13, 14:00:00, 73.79, 73.87, 73.69, 73.70, 44, 35, 39, 5
2026/3/13, 14:05:00, 73.72, 73.83, 73.70, 73.82, 21, 19, 13, 8
2026/3/13, 14:10:00, 73.83, 73.87, 73.83, 73.83, 6, 6, 1, 5
2026/3/13, 14:35:00, 73.49, 73.51, 73.44, 73.51, 3, 3, 1, 2
2026/3/13, 14:40:00, 73.55, 73.62, 73.55, 73.57, 5, 5, 4, 1
2026/3/13, 15:10:00, 74.00, 74.00, 74.00, 74.00, 20, 16, 0, 20
2026/3/13, 15:20:00, 73.97, 73.97, 73.97, 73.97, 1, 1, 1, 0
2026/3/13, 15:25:00, 73.97, 73.97, 73.97, 73.97, 1, 1, 1, 0
2026/3/13, 15:45:00, 73.91, 74.18, 73.91, 74.18, 3, 2, 3, 0
2026/3/13, 15:55:00, 74.08, 74.20, 74.08, 74.20, 2, 2, 1, 1
2026/3/13, 16:05:00, 74.21, 74.21, 74.15, 74.15, 6, 4, 6, 0
2026/3/13, 16:10:00, 74.17, 74.17, 74.17, 74.17, 1, 1, 0, 1
2026/3/13, 16:15:00, 74.35, 74.35, 74.35, 74.35, 1, 1, 1, 0
2026/3/13, 16:30:00, 74.06, 74.06, 74.06, 74.06, 1, 1, 1, 0
2026/3/13, 16:35:00, 74.03, 74.03, 73.99, 74.03, 4, 4, 4, 0
2026/3/13, 16:45:00, 73.89, 73.92, 73.89, 73.92, 4, 4, 4, 0
2026/3/13, 16:55:00, 73.74, 73.74, 73.74, 73.74, 1, 1, 0, 1
2026/3/13, 17:05:00, 73.74, 73.74, 73.74, 73.74, 1, 1, 1, 0
2026/3/13, 17:10:00, 73.70, 73.70, 73.67, 73.67, 2, 2, 1, 1
2026/3/13, 17:20:00, 73.81, 73.85, 73.81, 73.85, 2, 2, 2, 0
2026/3/13, 17:35:00, 74.06, 74.18, 74.06, 74.18, 2, 2, 2, 0
2026/3/13, 17:40:00, 74.28, 74.28, 74.28, 74.28, 2, 2, 0, 2
2026/3/13, 17:45:00, 74.37, 74.37, 74.31, 74.31, 4, 4, 1, 3
2026/3/13, 17:50:00, 74.35, 74.35, 74.29, 74.31, 3, 3, 0, 3
2026/3/13, 17:55:00, 74.31, 74.31, 74.31, 74.31, 1, 1, 0, 1
2026/3/13, 18:05:00, 74.40, 74.40, 74.40, 74.40, 1, 1, 1, 0
2026/3/13, 18:25:00, 74.50, 74.99, 74.47, 74.88, 83, 82, 72, 11
2026/3/13, 18:30:00, 74.77, 74.77, 74.77, 74.77, 1, 1, 1, 0
2026/3/13, 18:35:00, 74.57, 74.57, 74.54, 74.55, 19, 11, 12, 7
2026/3/13, 18:40:00, 74.50, 74.50, 74.50, 74.50, 2, 2, 2, 0
2026/3/13, 18:45:00, 74.39, 74.39, 74.39, 74.39, 1, 1, 0, 1
2026/3/13, 18:50:00, 74.26, 74.27, 74.26, 74.27, 2, 2, 2, 0
2026/3/13, 19:10:00, 74.12, 74.12, 74.10, 74.10, 2, 2, 1, 1
2026/3/13, 19:25:00, 74.28, 74.28, 74.28, 74.28, 1, 1, 0, 1
2026/3/13, 19:40:00, 74.51, 74.51, 74.51, 74.51, 1, 1, 1, 0
2026/3/13, 19:45:00, 74.40, 74.40, 74.40, 74.40, 1, 1, 1, 0
2026/3/13, 19:55:00, 74.45, 74.45, 74.45, 74.45, 1, 1, 1, 0
2026/3/15, 22:20:00, 75.47, 75.47, 75.47, 75.47, 2, 2, 0, 2
2026/3/15, 22:25:00, 75.47, 75.47, 75.47, 75.47, 5, 5, 0, 5
2026/3/15, 22:45:00, 75.38, 75.38, 75.38, 75.38, 1, 1, 0, 1
2026/3/15, 23:00:00, 75.19, 75.19, 75.19, 75.19, 1, 1, 0, 1
2026/3/15, 23:45:00, 75.19, 75.19, 75.19, 75.19, 2, 2, 1, 1
2026/3/15, 23:50:00, 74.92, 74.92, 74.92, 74.92, 1, 1, 1, 0
2026/3/16, 01:05:00, 74.47, 74.47, 74.47, 74.47, 1, 1, 1, 0
2026/3/16, 01:25:00, 74.51, 74.57, 74.51, 74.57, 3, 3, 0, 3
2026/3/16, 01:35:00, 74.60, 74.60, 74.60, 74.60, 1, 1, 0, 1
2026/3/16, 01:40:00, 74.61, 74.61, 74.61, 74.61, 1, 1, 0, 1
2026/3/16, 01:45:00, 74.63, 74.63, 74.63, 74.63, 1, 1, 0, 1
2026/3/16, 01:50:00, 74.53, 74.53, 74.53, 74.53, 1, 1, 0, 1
2026/3/16, 01:55:00, 74.47, 74.50, 74.47, 74.50, 2, 2, 0, 2
2026/3/16, 02:00:00, 74.53, 74.53, 74.53, 74.53, 1, 1, 0, 1
2026/3/16, 02:50:00, 75.00, 75.00, 75.00, 75.00, 4, 4, 0, 4
2026/3/16, 07:05:00, 74.66, 74.66, 74.66, 74.66, 3, 3, 0, 3
2026/3/16, 07:10:00, 74.71, 75.01, 74.71, 75.01, 4, 3, 1, 3
2026/3/16, 07:15:00, 75.01, 75.01, 75.01, 75.01, 1, 1, 0, 1
2026/3/16, 07:30:00, 75.35, 75.36, 75.35, 75.36, 2, 2, 2, 0
2026/3/16, 07:35:00, 75.28, 75.28, 75.28, 75.28, 1, 1, 1, 0
2026/3/16, 07:50:00, 75.07, 75.07, 75.07, 75.07, 1, 1, 1, 0
2026/3/16, 07:55:00, 75.01, 75.01, 75.01, 75.01, 2, 2, 2, 0
2026/3/16, 08:00:00, 75.02, 75.02, 75.02, 75.02, 1, 1, 1, 0
2026/3/16, 08:10:00, 75.23, 75.23, 75.23, 75.23, 1, 1, 0, 1
2026/3/16, 08:15:00, 75.10, 75.10, 75.10, 75.10, 1, 1, 0, 1
2026/3/16, 08:20:00, 75.02, 75.04, 75.02, 75.04, 3, 3, 0, 3
2026/3/16, 08:35:00, 75.16, 75.16, 75.16, 75.16, 1, 1, 0, 1
2026/3/16, 08:50:00, 75.02, 75.02, 75.02, 75.02, 1, 1, 1, 0
2026/3/16, 09:20:00, 75.00, 75.03, 75.00, 75.03, 2, 2, 1, 1
2026/3/16, 09:35:00, 75.00, 75.00, 75.00, 75.00, 1, 1, 1, 0
2026/3/16, 10:00:00, 74.98, 74.98, 74.98, 74.98, 1, 1, 0, 1
2026/3/16, 10:10:00, 74.90, 74.90, 74.90, 74.90, 1, 1, 1, 0
2026/3/16, 10:25:00, 74.50, 74.50, 74.50, 74.50, 1, 1, 1, 0
2026/3/16, 10:30:00, 74.43, 74.43, 74.36, 74.37, 3, 3, 3, 0
2026/3/16, 10:40:00, 74.31, 74.31, 74.31, 74.31, 1, 1, 0, 1
2026/3/16, 10:45:00, 74.15, 74.15, 74.15, 74.15, 1, 1, 0, 1
2026/3/16, 10:50:00, 74.03, 74.03, 74.03, 74.03, 1, 1, 1, 0
2026/3/16, 11:20:00, 74.28, 74.28, 74.28, 74.28, 1, 1, 0, 1
2026/3/16, 11:45:00, 74.10, 74.10, 74.10, 74.10, 1, 1, 0, 1
2026/3/16, 12:10:00, 74.23, 74.23, 74.23, 74.23, 1, 1, 0, 1
2026/3/16, 12:20:00, 74.23, 74.30, 74.23, 74.30, 4, 4, 4, 0
2026/3/16, 12:25:00, 74.34, 74.34, 74.34, 74.34, 1, 1, 1, 0
2026/3/16, 12:30:00, 74.21, 74.21, 74.09, 74.09, 8, 8, 6, 2
2026/3/16, 12:35:00, 73.77, 73.88, 73.72, 73.88, 6, 5, 3, 3
2026/3/16, 12:45:00, 73.65, 73.65, 73.65, 73.65, 1, 1, 1, 0
2026/3/16, 12:50:00, 73.67, 73.67, 73.67, 73.67, 1, 1, 1, 0
2026/3/16, 12:55:00, 73.85, 73.85, 73.82, 73.82, 3, 3, 1, 2
2026/3/16, 13:00:00, 73.83, 73.84, 73.37, 73.50, 5, 5, 2, 3
2026/3/16, 13:05:00, 73.77, 73.77, 73.77, 73.77, 2, 2, 2, 0
2026/3/16, 13:30:00, 73.84, 73.84, 73.77, 73.77, 3, 3, 3, 0
2026/3/16, 13:35:00, 73.87, 73.95, 73.87, 73.92, 4, 3, 4, 0
2026/3/16, 13:45:00, 73.78, 73.78, 73.75, 73.75, 2, 2, 2, 0
2026/3/16, 13:50:00, 73.53, 73.62, 73.53, 73.62, 2, 2, 2, 0
2026/3/16, 13:55:00, 73.17, 73.17, 73.03, 73.03, 6, 6, 6, 0
2026/3/16, 14:00:00, 73.25, 73.25, 73.25, 73.25, 1, 1, 0, 1
2026/3/16, 14:05:00, 73.25, 73.25, 73.25, 73.25, 2, 2, 1, 1
2026/3/16, 14:15:00, 73.37, 73.50, 73.37, 73.50, 2, 2, 0, 2
2026/3/16, 14:30:00, 73.75, 73.93, 73.75, 73.93, 2, 2, 2, 0
2026/3/16, 14:35:00, 73.85, 74.00, 73.85, 74.00, 8, 3, 1, 7
2026/3/16, 14:45:00, 74.29, 74.29, 74.27, 74.27, 2, 2, 1, 1
2026/3/16, 14:50:00, 74.41, 74.46, 74.41, 74.44, 4, 4, 4, 0
2026/3/16, 14:55:00, 74.46, 74.46, 74.39, 74.39, 2, 2, 2, 0
2026/3/16, 15:00:00, 74.38, 74.38, 74.32, 74.38, 4, 4, 3, 1
2026/3/16, 15:05:00, 74.51, 74.51, 74.46, 74.46, 2, 2, 2, 0
2026/3/16, 15:10:00, 74.46, 74.46, 74.46, 74.46, 1, 1, 0, 1
2026/3/16, 15:15:00, 74.41, 74.47, 74.41, 74.47, 4, 3, 2, 2
2026/3/16, 15:30:00, 74.35, 74.35, 74.33, 74.33, 3, 3, 2, 1
2026/3/16, 15:45:00, 74.13, 74.13, 74.13, 74.13, 1, 1, 0, 1
2026/3/16, 15:50:00, 74.16, 74.16, 74.16, 74.16, 1, 1, 1, 0
2026/3/16, 15:55:00, 74.32, 74.39, 74.32, 74.39, 2, 2, 2, 0
2026/3/16, 16:15:00, 74.32, 74.32, 74.31, 74.31, 2, 2, 1, 1
2026/3/16, 16:20:00, 74.42, 74.65, 74.42, 74.65, 3, 3, 2, 1
2026/3/16, 16:25:00, 74.74, 74.78, 74.72, 74.75, 14, 14, 12, 2
2026/3/16, 16:30:00, 74.63, 74.63, 74.58, 74.58, 3, 3, 0, 3
2026/3/16, 16:50:00, 74.56, 74.56, 74.56, 74.56, 1, 1, 1, 0
2026/3/16, 16:55:00, 74.56, 74.56, 74.56, 74.56, 1, 1, 1, 0
2026/3/16, 17:10:00, 74.21, 74.21, 74.21, 74.21, 1, 1, 1, 0
2026/3/16, 17:15:00, 74.44, 74.44, 74.44, 74.44, 2, 2, 2, 0
2026/3/16, 17:20:00, 74.17, 74.17, 73.94, 73.94, 5, 5, 5, 0
2026/3/16, 17:25:00, 74.00, 74.00, 73.72, 73.72, 7, 7, 6, 1
2026/3/16, 17:35:00, 74.00, 74.00, 74.00, 74.00, 1, 1, 0, 1
2026/3/16, 17:55:00, 73.90, 73.90, 73.90, 73.90, 1, 1, 1, 0
2026/3/16, 18:05:00, 73.67, 73.67, 73.67, 73.67, 1, 1, 0, 1
2026/3/16, 18:15:00, 73.68, 73.68, 73.50, 73.50, 3, 3, 1, 2
2026/3/16, 18:25:00, 73.56, 73.69, 73.56, 73.69, 4, 4, 1, 3
2026/3/16, 18:30:00, 73.74, 73.76, 73.74, 73.76, 6, 2, 0, 6
2026/3/16, 18:35:00, 73.61, 73.61, 73.59, 73.59, 10, 3, 10, 0
2026/3/16, 18:40:00, 73.80, 73.80, 73.80, 73.80, 10, 5, 0, 10
2026/3/16, 18:55:00, 73.65, 73.65, 73.65, 73.65, 1, 1, 0, 1
2026/3/16, 19:00:00, 73.75, 73.75, 73.75, 73.75, 1, 1, 0, 1
2026/3/16, 19:05:00, 73.80, 73.88, 73.80, 73.88, 2, 2, 0, 2
2026/3/16, 19:25:00, 73.86, 73.86, 73.86, 73.86, 1, 1, 0, 1
2026/3/16, 19:40:00, 73.86, 73.86, 73.86, 73.86, 1, 1, 1, 0
2026/3/16, 19:45:00, 73.82, 73.82, 73.82, 73.82, 1, 1, 1, 0
2026/3/16, 19:55:00, 73.94, 73.94, 73.94, 73.94, 1, 1, 1, 0
2026/3/16, 20:05:00, 73.87, 73.87, 73.87, 73.87, 1, 1, 1, 0
2026/3/16, 20:30:00, 73.83, 73.83, 73.83, 73.83, 1, 1, 1, 0
2026/3/16, 22:05:00, 74.36, 74.36, 74.36, 74.36, 1, 1, 1, 0
2026/3/16, 22:20:00, 74.47, 74.47, 74.47, 74.47, 3, 3, 3, 0
2026/3/16, 22:25:00, 74.48, 74.60, 74.48, 74.60, 3, 3, 2, 1
2026/3/16, 22:45:00, 74.88, 74.88, 74.88, 74.88, 1, 1, 0, 1
2026/3/16, 23:20:00, 74.95, 74.95, 74.95, 74.95, 1, 1, 0, 1
2026/3/16, 23:35:00, 74.85, 74.85, 74.85, 74.85, 1, 1, 0, 1
2026/3/16, 23:55:00, 74.67, 74.67, 74.64, 74.64, 2, 2, 0, 2
2026/3/17, 00:00:00, 74.59, 74.65, 74.54, 74.63, 7, 7, 0, 7
2026/3/17, 00:10:00, 74.59, 74.59, 74.59, 74.59, 1, 1, 0, 1
2026/3/17, 00:45:00, 74.84, 74.84, 74.84, 74.84, 1, 1, 0, 1
2026/3/17, 00:50:00, 74.84, 74.84, 74.84, 74.84, 1, 1, 0, 1
2026/3/17, 01:10:00, 74.60, 74.60, 74.60, 74.60, 1, 1, 0, 1
2026/3/17, 01:15:00, 74.62, 74.62, 74.62, 74.62, 1, 1, 0, 1
2026/3/17, 01:25:00, 74.57, 74.57, 74.57, 74.57, 1, 1, 0, 1
2026/3/17, 02:30:00, 74.60, 74.60, 74.60, 74.60, 1, 1, 0, 1
2026/3/17, 03:05:00, 74.70, 74.70, 74.70, 74.70, 1, 1, 1, 0
2026/3/17, 03:10:00, 74.79, 74.79, 74.79, 74.79, 1, 1, 1, 0
2026/3/17, 03:15:00, 74.85, 74.85, 74.85, 74.85, 1, 1, 0, 1
2026/3/17, 03:20:00, 74.89, 74.89, 74.84, 74.84, 2, 2, 1, 1
2026/3/17, 05:30:00, 74.55, 74.55, 74.55, 74.55, 1, 1, 1, 0
2026/3/17, 05:50:00, 75.27, 75.27, 75.27, 75.27, 1, 1, 1, 0
2026/3/17, 05:55:00, 75.36, 75.50, 75.36, 75.50, 3, 3, 0, 3
2026/3/17, 06:50:00, 75.49, 75.52, 75.49, 75.52, 5, 4, 0, 5
2026/3/17, 07:25:00, 75.17, 75.17, 75.17, 75.17, 1, 1, 0, 1
2026/3/17, 07:30:00, 75.00, 75.06, 75.00, 75.06, 2, 2, 1, 1
2026/3/17, 07:50:00, 75.25, 75.25, 75.25, 75.25, 1, 1, 1, 0
2026/3/17, 08:15:00, 75.67, 75.69, 75.67, 75.69, 2, 2, 1, 1
2026/3/17, 08:25:00, 75.53, 75.68, 75.53, 75.68, 4, 4, 4, 0
2026/3/17, 08:30:00, 75.76, 75.76, 75.76, 75.76, 1, 1, 1, 0
2026/3/17, 08:40:00, 75.68, 75.68, 75.68, 75.68, 1, 1, 1, 0
2026/3/17, 08:50:00, 75.81, 75.81, 75.81, 75.81, 1, 1, 1, 0
2026/3/17, 09:10:00, 75.66, 75.66, 75.66, 75.66, 1, 1, 1, 0
2026/3/17, 09:15:00, 75.61, 75.67, 75.61, 75.67, 3, 3, 3, 0
2026/3/17, 09:20:00, 75.68, 75.76, 75.68, 75.75, 3, 3, 3, 0
2026/3/17, 09:25:00, 75.62, 75.65, 75.49, 75.49, 5, 5, 5, 0
2026/3/17, 09:30:00, 75.59, 75.59, 75.59, 75.59, 2, 2, 2, 0
2026/3/17, 09:35:00, 75.53, 75.60, 75.53, 75.60, 4, 4, 4, 0
2026/3/17, 09:40:00, 75.73, 75.73, 75.70, 75.70, 2, 2, 2, 0
2026/3/17, 09:45:00, 75.74, 75.74, 75.68, 75.68, 2, 2, 2, 0
2026/3/17, 12:00:00, 76.08, 76.08, 76.08, 76.08, 1, 1, 0, 1
2026/3/17, 12:05:00, 75.87, 75.87, 75.84, 75.84, 2, 2, 0, 2
2026/3/17, 12:30:00, 75.28, 75.28, 75.28, 75.28, 1, 1, 0, 1
2026/3/17, 13:00:00, 75.00, 75.00, 75.00, 75.00, 2, 2, 2, 0
2026/3/17, 13:05:00, 75.13, 75.13, 75.12, 75.12, 2, 2, 2, 0
2026/3/17, 13:15:00, 75.08, 75.08, 75.00, 75.08, 10, 10, 10, 0
2026/3/17, 13:20:00, 75.10, 75.28, 75.08, 75.28, 9, 8, 9, 0
2026/3/17, 13:25:00, 75.29, 75.31, 75.24, 75.24, 22, 21, 19, 3
2026/3/17, 13:30:00, 75.19, 75.19, 74.97, 74.97, 20, 14, 20, 0
2026/3/17, 13:35:00, 74.98, 75.01, 74.97, 75.01, 10, 7, 10, 0
2026/3/17, 13:40:00, 74.76, 74.80, 74.74, 74.80, 4, 3, 2, 2
2026/3/17, 13:45:00, 74.50, 74.50, 74.50, 74.50, 1, 1, 1, 0
2026/3/17, 13:50:00, 74.72, 74.79, 74.72, 74.79, 6, 4, 1, 5
2026/3/17, 14:00:00, 74.99, 74.99, 74.99, 74.99, 1, 1, 1, 0
2026/3/17, 14:10:00, 75.06, 75.12, 75.06, 75.12, 2, 2, 0, 2
2026/3/17, 14:40:00, 74.82, 74.82, 74.82, 74.82, 1, 1, 1, 0
2026/3/17, 14:50:00, 74.57, 74.57, 74.57, 74.57, 2, 2, 2, 0
2026/3/17, 14:55:00, 74.62, 74.62, 74.62, 74.62, 1, 1, 0, 1
2026/3/17, 15:20:00, 74.89, 74.89, 74.89, 74.89, 1, 1, 0, 1
2026/3/17, 15:25:00, 74.89, 74.89, 74.89, 74.89, 1, 1, 0, 1
2026/3/17, 16:15:00, 75.07, 75.10, 75.07, 75.10, 3, 3, 3, 0
2026/3/17, 16:20:00, 75.00, 75.00, 75.00, 75.00, 1, 1, 1, 0
2026/3/17, 16:25:00, 74.74, 74.74, 74.74, 74.74, 1, 1, 1, 0
2026/3/17, 17:45:00, 74.87, 74.87, 74.87, 74.87, 1, 1, 0, 1
2026/3/17, 17:55:00, 74.96, 74.96, 74.96, 74.96, 1, 1, 0, 1
2026/3/17, 18:00:00, 75.01, 75.01, 75.01, 75.01, 1, 1, 0, 1
2026/3/17, 18:05:00, 74.79, 74.79, 74.79, 74.79, 1, 1, 0, 1
2026/3/17, 18:20:00, 74.97, 74.97, 74.97, 74.97, 4, 4, 4, 0
2026/3/17, 19:05:00, 75.42, 75.42, 75.42, 75.42, 1, 1, 0, 1
2026/3/17, 19:20:00, 75.48, 75.52, 75.48, 75.52, 6, 6, 1, 5
2026/3/17, 19:40:00, 75.34, 75.34, 75.34, 75.34, 1, 1, 0, 1
2026/3/17, 20:00:00, 75.35, 75.35, 75.35, 75.35, 1, 1, 1, 0
2026/3/17, 20:25:00, 75.45, 75.45, 75.45, 75.45, 1, 1, 1, 0
2026/3/18, 00:05:00, 75.64, 75.64, 75.64, 75.64, 1, 1, 0, 1
2026/3/18, 00:40:00, 75.36, 75.36, 75.31, 75.31, 2, 2, 1, 1
2026/3/18, 01:00:00, 75.20, 75.20, 75.16, 75.16, 4, 4, 0, 4
2026/3/18, 01:35:00, 75.12, 75.12, 75.12, 75.12, 1, 1, 0, 1
2026/3/18, 02:30:00, 74.92, 74.92, 74.92, 74.92, 1, 1, 1, 0
2026/3/18, 02:50:00, 74.65, 74.72, 74.65, 74.65, 6, 6, 5, 1
2026/3/18, 03:05:00, 74.92, 74.92, 74.92, 74.92, 1, 1, 1, 0
2026/3/18, 03:20:00, 74.86, 74.86, 74.77, 74.77, 3, 3, 3, 0
2026/3/18, 03:25:00, 74.80, 74.82, 74.80, 74.82, 2, 2, 0, 2
2026/3/18, 03:55:00, 74.51, 74.51, 74.51, 74.51, 2, 2, 0, 2
2026/3/18, 05:50:00, 74.23, 74.23, 74.23, 74.23, 1, 1, 1, 0
2026/3/18, 05:55:00, 74.17, 74.17, 74.16, 74.16, 2, 2, 1, 1
2026/3/18, 06:05:00, 74.23, 74.23, 74.15, 74.15, 5, 4, 0, 5
2026/3/18, 06:15:00, 74.09, 74.09, 74.09, 74.09, 1, 1, 0, 1
2026/3/18, 06:20:00, 74.01, 74.01, 74.01, 74.01, 1, 1, 1, 0
2026/3/18, 06:25:00, 74.00, 74.11, 74.00, 74.11, 2, 2, 1, 1
2026/3/18, 07:05:00, 74.33, 74.37, 74.33, 74.37, 4, 4, 0, 4
2026/3/18, 08:05:00, 74.65, 74.65, 74.65, 74.65, 1, 1, 0, 1
2026/3/18, 08:30:00, 75.00, 75.00, 75.00, 75.00, 6, 5, 0, 6
2026/3/18, 08:40:00, 74.87, 74.87, 74.87, 74.87, 1, 1, 0, 1
2026/3/18, 09:05:00, 74.80, 74.80, 74.80, 74.80, 1, 1, 1, 0
2026/3/18, 09:10:00, 75.01, 75.01, 75.01, 75.01, 1, 1, 1, 0
2026/3/18, 09:15:00, 74.97, 74.97, 74.94, 74.94, 2, 2, 2, 0
2026/3/18, 09:25:00, 74.89, 74.89, 74.86, 74.88, 7, 4, 7, 0
2026/3/18, 09:30:00, 74.77, 74.79, 74.77, 74.79, 3, 3, 0, 3
2026/3/18, 10:10:00, 74.75, 74.75, 74.75, 74.75, 1, 1, 1, 0
2026/3/18, 10:45:00, 74.85, 74.85, 74.85, 74.85, 1, 1, 0, 1
2026/3/18, 10:55:00, 74.92, 74.92, 74.92, 74.92, 1, 1, 0, 1
2026/3/18, 11:00:00, 74.81, 74.81, 74.77, 74.77, 2, 2, 2, 0
2026/3/18, 11:05:00, 74.87, 74.87, 74.87, 74.87, 1, 1, 0, 1
2026/3/18, 11:25:00, 75.13, 75.72, 75.13, 75.72, 5, 5, 4, 1
2026/3/18, 11:30:00, 75.55, 75.55, 75.52, 75.52, 3, 3, 2, 1
2026/3/18, 11:35:00, 75.57, 75.59, 75.41, 75.47, 6, 5, 3, 3
2026/3/18, 11:45:00, 75.33, 75.33, 75.23, 75.23, 3, 3, 1, 2
2026/3/18, 11:50:00, 75.25, 75.25, 75.23, 75.23, 2, 2, 2, 0
2026/3/18, 12:15:00, 75.64, 75.71, 75.63, 75.71, 6, 5, 3, 3
2026/3/18, 12:30:00, 75.87, 75.87, 75.66, 75.66, 4, 4, 1, 3
2026/3/18, 12:40:00, 75.90, 76.12, 75.80, 76.12, 7, 5, 4, 3
2026/3/18, 12:50:00, 76.39, 76.52, 76.39, 76.52, 57, 50, 4, 53
2026/3/18, 12:55:00, 76.37, 76.57, 76.37, 76.49, 4, 4, 1, 3
2026/3/18, 13:00:00, 76.61, 76.61, 76.61, 76.61, 1, 1, 0, 1
2026/3/18, 13:05:00, 76.52, 76.52, 76.46, 76.46, 11, 7, 11, 0
2026/3/18, 13:15:00, 76.73, 76.73, 76.73, 76.73, 2, 2, 2, 0
2026/3/18, 13:20:00, 76.72, 76.74, 76.66, 76.66, 16, 14, 15, 1
2026/3/18, 13:25:00, 76.61, 76.63, 76.51, 76.63, 6, 5, 6, 0
2026/3/18, 13:30:00, 76.60, 76.76, 76.60, 76.69, 7, 7, 6, 1
2026/3/18, 13:35:00, 76.69, 76.69, 76.69, 76.69, 1, 1, 1, 0
2026/3/18, 13:40:00, 76.75, 76.75, 76.70, 76.70, 3, 3, 3, 0
2026/3/18, 13:55:00, 76.83, 76.83, 76.78, 76.78, 2, 2, 2, 0
2026/3/18, 14:05:00, 76.45, 76.45, 76.45, 76.45, 3, 2, 3, 0
2026/3/18, 14:10:00, 76.63, 76.63, 76.55, 76.58, 3, 3, 1, 2
2026/3/18, 14:15:00, 76.74, 76.74, 76.73, 76.73, 2, 2, 1, 1
2026/3/18, 14:45:00, 76.75, 76.75, 76.75, 76.75, 1, 1, 1, 0
2026/3/18, 15:15:00, 76.51, 76.53, 76.49, 76.53, 7, 4, 6, 1
2026/3/18, 15:30:00, 76.86, 76.87, 76.86, 76.87, 7, 4, 2, 5
2026/3/18, 15:40:00, 76.83, 76.83, 76.83, 76.83, 1, 1, 1, 0
2026/3/18, 15:45:00, 76.85, 76.85, 76.85, 76.85, 1, 1, 0, 1
2026/3/18, 15:50:00, 76.80, 76.80, 76.80, 76.80, 1, 1, 1, 0
2026/3/18, 16:00:00, 76.74, 76.75, 76.74, 76.75, 2, 2, 1, 1
2026/3/18, 16:05:00, 76.72, 76.72, 76.70, 76.70, 8, 6, 8, 0
2026/3/18, 16:30:00, 76.90, 76.91, 76.89, 76.91, 3, 3, 2, 1
2026/3/18, 16:45:00, 76.58, 76.58, 76.57, 76.57, 2, 2, 2, 0
2026/3/18, 17:00:00, 76.62, 76.63, 76.62, 76.63, 4, 2, 4, 0
2026/3/18, 17:15:00, 76.85, 76.91, 76.81, 76.82, 26, 19, 23, 3
2026/3/18, 17:20:00, 76.84, 76.90, 76.81, 76.90, 23, 21, 21, 2
2026/3/18, 17:25:00, 76.93, 76.99, 76.93, 76.97, 29, 23, 26, 3
2026/3/18, 17:30:00, 76.97, 76.97, 76.81, 76.81, 3, 3, 2, 1
2026/3/18, 17:35:00, 76.73, 76.75, 76.70, 76.75, 80, 59, 12, 68
2026/3/18, 17:50:00, 76.29, 76.30, 76.29, 76.30, 3, 3, 3, 0
2026/3/18, 17:55:00, 76.42, 76.42, 76.42, 76.42, 1, 1, 0, 1
2026/3/18, 18:00:00, 76.01, 76.15, 75.96, 76.15, 6, 6, 5, 1
2026/3/18, 18:10:00, 76.35, 76.39, 76.35, 76.39, 3, 3, 1, 2
2026/3/18, 18:15:00, 76.43, 76.74, 76.43, 76.65, 12, 12, 7, 5
2026/3/18, 18:20:00, 76.61, 76.61, 76.61, 76.61, 2, 2, 2, 0
2026/3/18, 18:25:00, 76.74, 76.81, 76.60, 76.61, 115, 108, 22, 93
2026/3/18, 18:30:00, 76.65, 76.65, 76.63, 76.63, 2, 2, 2, 0
2026/3/18, 18:40:00, 76.77, 76.77, 76.77, 76.77, 1, 1, 1, 0
2026/3/18, 18:45:00, 76.69, 76.70, 76.69, 76.70, 2, 2, 2, 0
2026/3/18, 18:55:00, 76.60, 76.61, 76.49, 76.61, 10, 6, 9, 1
2026/3/18, 19:00:00, 76.63, 76.63, 76.63, 76.63, 1, 1, 1, 0
2026/3/18, 19:15:00, 76.72, 76.73, 76.71, 76.71, 6, 6, 6, 0
2026/3/18, 19:20:00, 76.82, 76.82, 76.82, 76.82, 1, 1, 1, 0
2026/3/18, 19:25:00, 76.91, 76.92, 76.91, 76.92, 2, 2, 2, 0
2026/3/18, 19:40:00, 76.98, 76.98, 76.98, 76.98, 1, 1, 0, 1
2026/3/18, 19:45:00, 77.35, 77.35, 77.35, 77.35, 1, 1, 0, 1
2026/3/18, 20:20:00, 77.57, 77.57, 77.45, 77.55, 8, 8, 3, 5
2026/3/18, 20:25:00, 77.73, 77.75, 77.56, 77.56, 11, 10, 7, 4
2026/3/18, 20:40:00, 77.56, 77.56, 77.56, 77.56, 2, 1, 2, 0
2026/3/18, 20:45:00, 77.50, 77.50, 77.50, 77.50, 2, 2, 2, 0
2026/3/18, 20:50:00, 77.61, 77.66, 77.61, 77.66, 7, 6, 7, 0
2026/3/18, 22:15:00, 77.65, 77.65, 77.65, 77.65, 1, 1, 0, 1
2026/3/18, 22:25:00, 77.66, 77.66, 77.66, 77.66, 1, 1, 1, 0
2026/3/18, 22:50:00, 77.68, 77.68, 77.68, 77.68, 1, 1, 1, 0
2026/3/18, 23:15:00, 77.57, 77.57, 77.57, 77.57, 1, 1, 0, 1
2026/3/18, 23:40:00, 77.50, 77.50, 77.50, 77.50, 3, 3, 0, 3
2026/3/18, 23:45:00, 77.50, 77.50, 77.50, 77.50, 1, 1, 0, 1
2026/3/18, 23:55:00, 77.72, 77.72, 77.72, 77.72, 1, 1, 0, 1
2026/3/19, 01:25:00, 77.19, 77.19, 77.19, 77.19, 1, 1, 0, 1
2026/3/19, 01:45:00, 77.33, 77.33, 77.33, 77.33, 1, 1, 0, 1
2026/3/19, 02:20:00, 77.14, 77.14, 77.14, 77.14, 1, 1, 1, 0
2026/3/19, 02:25:00, 77.09, 77.09, 77.09, 77.09, 1, 1, 1, 0
2026/3/19, 03:45:00, 77.03, 77.03, 77.03, 77.03, 1, 1, 0, 1
2026/3/19, 04:20:00, 77.15, 77.15, 77.10, 77.10, 2, 2, 1, 1
2026/3/19, 04:25:00, 77.22, 77.22, 77.22, 77.22, 1, 1, 0, 1
