Date, Time, Open, High, Low, Last, Volume, NumberOfTrades, BidVolume, AskVolume
2026/2/18, 02:00:00, 60.07, 60.07, 60.07, 60.07, 1, 1, 1, 0
2026/2/18, 08:00:00, 60.39, 60.39, 60.36, 60.39, 105, 75, 2, 103
2026/2/18, 09:00:00, 60.33, 60.33, 60.21, 60.21, 2, 2, 0, 2
2026/2/18, 11:00:00, 60.80, 60.80, 60.80, 60.80, 1, 1, 0, 1
2026/2/18, 12:00:00, 61.10, 61.24, 61.08, 61.24, 5, 5, 1, 4
2026/2/18, 13:00:00, 61.08, 61.08, 61.08, 61.08, 5, 3, 2, 3
2026/2/18, 14:00:00, 61.13, 61.39, 61.13, 61.39, 8, 6, 5, 3
2026/2/18, 15:00:00, 61.42, 61.42, 61.42, 61.42, 10, 6, 10, 0
2026/2/18, 16:00:00, 61.39, 61.39, 61.38, 61.38, 2, 2, 2, 0
2026/2/18, 17:00:00, 61.58, 61.65, 61.55, 61.65, 5, 4, 0, 5
2026/2/18, 18:00:00, 61.72, 61.72, 61.66, 61.71, 6, 5, 3, 3
2026/2/18, 19:00:00, 61.78, 61.78, 61.60, 61.60, 25, 13, 7, 18
2026/2/18, 20:00:00, 61.79, 61.79, 61.75, 61.75, 2, 2, 1, 1
2026/2/18, 21:00:00, 61.71, 61.71, 61.59, 61.59, 8, 8, 7, 1
2026/2/19, 08:00:00, 62.11, 62.12, 62.11, 62.12, 4, 3, 4, 0
2026/2/19, 14:00:00, 62.12, 62.16, 62.05, 62.16, 18, 9, 7, 11
2026/2/19, 15:00:00, 62.21, 62.21, 62.04, 62.17, 13, 10, 9, 4
2026/2/19, 16:00:00, 62.46, 62.46, 62.46, 62.46, 1, 1, 1, 0
2026/2/19, 20:00:00, 62.45, 62.45, 62.39, 62.39, 9, 3, 8, 1
2026/2/19, 21:00:00, 62.48, 62.48, 62.48, 62.48, 1, 1, 1, 0
2026/2/20, 02:00:00, 62.50, 62.50, 62.41, 62.41, 2, 2, 0, 2
2026/2/20, 03:00:00, 62.41, 62.41, 62.41, 62.41, 1, 1, 0, 1
2026/2/20, 06:00:00, 62.61, 62.61, 62.54, 62.54, 2, 2, 2, 0
2026/2/20, 08:00:00, 62.23, 62.25, 62.21, 62.23, 16, 16, 16, 0
2026/2/20, 09:00:00, 62.19, 62.19, 62.19, 62.19, 1, 1, 1, 0
2026/2/20, 10:00:00, 62.15, 62.16, 62.15, 62.16, 3, 3, 1, 2
2026/2/20, 13:00:00, 62.25, 62.25, 62.25, 62.25, 1, 1, 1, 0
2026/2/20, 15:00:00, 62.42, 62.42, 62.42, 62.42, 2, 2, 2, 0
2026/2/20, 16:00:00, 62.32, 62.36, 62.27, 62.36, 71, 49, 64, 7
2026/2/20, 19:00:00, 62.37, 62.41, 62.37, 62.41, 8, 7, 0, 8
2026/2/20, 20:00:00, 62.31, 62.31, 62.31, 62.31, 1, 1, 0, 1
2026/2/23, 08:00:00, 62.18, 62.18, 62.15, 62.15, 11, 9, 11, 0
2026/2/23, 12:00:00, 62.62, 62.62, 62.62, 62.62, 1, 1, 1, 0
2026/2/23, 13:00:00, 62.64, 62.64, 62.64, 62.64, 2, 1, 0, 2
2026/2/23, 14:00:00, 62.81, 62.90, 62.81, 62.90, 40, 26, 29, 11
2026/2/23, 16:00:00, 62.75, 62.75, 62.75, 62.75, 3, 1, 3, 0
2026/2/23, 19:00:00, 62.55, 62.59, 62.55, 62.56, 3, 3, 1, 2
2026/2/23, 20:00:00, 62.67, 62.68, 62.66, 62.68, 36, 28, 17, 19
2026/2/24, 05:00:00, 62.93, 62.93, 62.93, 62.93, 1, 1, 0, 1
2026/2/24, 08:00:00, 62.76, 62.76, 62.76, 62.76, 1, 1, 0, 1
2026/2/24, 13:00:00, 63.05, 63.06, 63.05, 63.06, 3, 3, 1, 2
2026/2/24, 14:00:00, 62.94, 62.94, 62.94, 62.94, 1, 1, 0, 1
2026/2/24, 19:00:00, 62.57, 62.57, 62.57, 62.57, 1, 1, 1, 0
2026/2/24, 21:00:00, 62.84, 62.84, 62.84, 62.84, 1, 1, 0, 1
2026/2/25, 03:00:00, 63.02, 63.02, 63.02, 63.02, 1, 1, 0, 1
2026/2/25, 12:00:00, 62.83, 62.83, 62.83, 62.83, 2, 1, 2, 0
2026/2/25, 14:00:00, 62.53, 62.53, 62.43, 62.43, 3, 3, 3, 0
2026/2/25, 16:00:00, 62.42, 62.42, 62.42, 62.42, 2, 1, 2, 0
2026/2/25, 17:00:00, 62.50, 62.50, 62.50, 62.50, 2, 1, 0, 2
2026/2/25, 19:00:00, 62.50, 62.53, 62.46, 62.49, 18, 14, 17, 1
2026/2/25, 20:00:00, 62.50, 62.50, 62.50, 62.50, 1, 1, 1, 0
2026/2/26, 13:00:00, 61.28, 61.41, 61.28, 61.41, 4, 4, 0, 4
2026/2/26, 14:00:00, 61.49, 61.54, 61.49, 61.54, 5, 5, 4, 1
2026/2/26, 15:00:00, 62.90, 62.97, 62.88, 62.93, 4, 4, 0, 4
2026/2/26, 16:00:00, 62.83, 62.92, 62.68, 62.68, 18, 16, 3, 15
2026/2/26, 17:00:00, 62.65, 62.74, 62.64, 62.74, 8, 8, 8, 0
2026/2/26, 18:00:00, 62.61, 62.72, 62.00, 62.10, 7, 7, 5, 2
2026/2/26, 19:00:00, 61.82, 61.98, 61.70, 61.98, 12, 12, 3, 9
2026/2/26, 20:00:00, 62.18, 62.18, 62.18, 62.18, 1, 1, 0, 1
2026/2/27, 00:00:00, 62.06, 62.06, 62.05, 62.05, 3, 2, 3, 0
2026/2/27, 01:00:00, 61.81, 61.81, 61.81, 61.81, 1, 1, 1, 0
2026/2/27, 08:00:00, 62.35, 62.35, 62.35, 62.35, 2, 1, 0, 2
2026/2/27, 09:00:00, 62.38, 62.60, 62.38, 62.60, 2, 2, 1, 1
2026/2/27, 10:00:00, 62.50, 62.50, 62.50, 62.50, 1, 1, 1, 0
2026/2/27, 11:00:00, 62.80, 62.82, 62.78, 62.78, 4, 4, 1, 3
2026/2/27, 13:00:00, 63.40, 63.45, 63.36, 63.45, 40, 35, 5, 35
2026/2/27, 15:00:00, 62.95, 62.96, 62.95, 62.95, 3, 3, 1, 2
2026/2/27, 18:00:00, 62.69, 62.88, 62.69, 62.88, 5, 4, 4, 1
2026/2/27, 19:00:00, 63.02, 63.05, 62.84, 62.84, 157, 111, 12, 145
2026/2/27, 21:00:00, 63.01, 63.12, 63.01, 63.12, 3, 3, 0, 3
2026/3/1, 23:00:00, 65.16, 65.16, 65.14, 65.14, 14, 13, 0, 14
2026/3/2, 01:00:00, 64.53, 64.53, 64.53, 64.53, 3, 1, 0, 3
2026/3/2, 02:00:00, 63.92, 63.92, 63.92, 63.92, 3, 2, 0, 3
2026/3/2, 04:00:00, 64.30, 64.30, 64.30, 64.30, 1, 1, 1, 0
2026/3/2, 06:00:00, 64.50, 64.50, 64.50, 64.50, 3, 3, 2, 1
2026/3/2, 07:00:00, 64.95, 65.12, 64.80, 64.80, 9, 7, 4, 5
2026/3/2, 08:00:00, 65.07, 65.07, 64.70, 64.70, 5, 5, 5, 0
2026/3/2, 09:00:00, 64.40, 64.40, 64.40, 64.40, 1, 1, 1, 0
2026/3/2, 11:00:00, 64.61, 64.65, 64.55, 64.65, 8, 8, 2, 6
2026/3/2, 12:00:00, 64.62, 64.90, 64.59, 64.76, 12, 10, 1, 11
2026/3/2, 13:00:00, 64.78, 64.78, 64.76, 64.76, 3, 3, 2, 1
2026/3/2, 14:00:00, 64.89, 65.00, 64.17, 64.17, 101, 89, 19, 82
2026/3/2, 15:00:00, 64.27, 64.53, 64.12, 64.21, 84, 60, 71, 13
2026/3/2, 16:00:00, 63.92, 64.12, 63.45, 63.84, 47, 35, 37, 10
2026/3/2, 17:00:00, 63.98, 63.98, 63.81, 63.90, 6, 6, 2, 4
2026/3/2, 18:00:00, 63.71, 63.71, 63.71, 63.71, 5, 2, 0, 5
2026/3/2, 19:00:00, 63.72, 63.78, 63.51, 63.51, 7, 7, 3, 4
2026/3/2, 20:00:00, 63.56, 63.56, 63.55, 63.55, 5, 3, 1, 4
2026/3/3, 01:00:00, 64.22, 64.22, 64.22, 64.22, 2, 2, 2, 0
2026/3/3, 02:00:00, 64.26, 64.42, 64.26, 64.41, 5, 5, 1, 4
2026/3/3, 05:00:00, 64.50, 64.50, 64.48, 64.48, 2, 2, 0, 2
2026/3/3, 06:00:00, 64.31, 64.66, 64.31, 64.66, 5, 5, 3, 2
2026/3/3, 07:00:00, 64.62, 64.87, 64.62, 64.87, 2, 2, 0, 2
2026/3/3, 08:00:00, 65.10, 65.10, 64.87, 64.94, 8, 5, 0, 8
2026/3/3, 09:00:00, 65.26, 65.41, 65.26, 65.32, 6, 6, 1, 5
2026/3/3, 10:00:00, 65.77, 65.77, 65.77, 65.77, 2, 2, 0, 2
2026/3/3, 11:00:00, 65.67, 65.67, 65.67, 65.67, 2, 1, 0, 2
2026/3/3, 12:00:00, 65.40, 65.53, 65.40, 65.53, 3, 3, 1, 2
2026/3/3, 13:00:00, 64.92, 65.15, 64.83, 64.84, 39, 30, 15, 24
2026/3/3, 14:00:00, 64.90, 64.97, 64.55, 64.55, 13, 13, 3, 10
2026/3/3, 15:00:00, 64.61, 64.74, 64.56, 64.56, 27, 23, 4, 23
2026/3/3, 16:00:00, 64.48, 64.48, 63.43, 63.43, 2, 2, 1, 1
2026/3/3, 17:00:00, 63.99, 64.27, 63.99, 64.01, 18, 12, 6, 12
2026/3/3, 18:00:00, 63.99, 64.01, 63.36, 63.36, 25, 13, 12, 13
2026/3/3, 19:00:00, 63.86, 64.13, 63.35, 63.49, 38, 38, 17, 21
2026/3/3, 20:00:00, 63.52, 63.52, 63.48, 63.48, 2, 2, 0, 2
2026/3/3, 21:00:00, 63.77, 63.99, 63.76, 63.98, 12, 10, 2, 10
2026/3/4, 00:00:00, 63.92, 63.92, 63.85, 63.85, 2, 2, 2, 0
2026/3/4, 01:00:00, 64.00, 64.00, 64.00, 64.00, 1, 1, 1, 0
2026/3/4, 02:00:00, 64.05, 64.05, 63.85, 63.94, 8, 8, 1, 7
2026/3/4, 05:00:00, 63.95, 63.95, 63.95, 63.95, 1, 1, 1, 0
2026/3/4, 07:00:00, 64.32, 64.32, 64.32, 64.32, 1, 1, 1, 0
2026/3/4, 08:00:00, 64.32, 64.73, 64.32, 64.67, 7, 7, 5, 2
2026/3/4, 09:00:00, 64.50, 64.50, 64.18, 64.18, 2, 2, 2, 0
2026/3/4, 10:00:00, 64.22, 64.22, 63.99, 63.99, 5, 4, 3, 2
2026/3/4, 12:00:00, 63.84, 63.84, 63.84, 63.84, 1, 1, 1, 0
2026/3/4, 13:00:00, 63.61, 63.61, 63.61, 63.61, 1, 1, 0, 1
2026/3/4, 14:00:00, 64.09, 64.31, 64.09, 64.31, 3, 3, 1, 2
2026/3/4, 15:00:00, 64.17, 64.17, 64.07, 64.16, 4, 4, 2, 2
2026/3/4, 16:00:00, 64.43, 64.43, 64.13, 64.13, 2, 2, 1, 1
2026/3/4, 17:00:00, 64.55, 64.72, 64.52, 64.68, 19, 19, 15, 4
2026/3/4, 18:00:00, 64.67, 64.67, 64.52, 64.52, 5, 5, 5, 0
2026/3/4, 19:00:00, 64.50, 64.65, 64.45, 64.53, 195, 115, 168, 27
2026/3/4, 20:00:00, 64.60, 64.66, 64.37, 64.37, 13, 8, 4, 9
2026/3/4, 21:00:00, 64.45, 64.66, 64.45, 64.66, 5, 5, 2, 3
2026/3/4, 23:00:00, 64.62, 64.62, 64.62, 64.62, 2, 2, 2, 0
2026/3/5, 00:00:00, 64.55, 64.55, 64.55, 64.55, 1, 1, 1, 0
2026/3/5, 02:00:00, 65.06, 65.25, 65.06, 65.25, 10, 10, 4, 6
2026/3/5, 03:00:00, 65.02, 65.02, 65.02, 65.02, 1, 1, 1, 0
2026/3/5, 07:00:00, 65.07, 65.23, 65.07, 65.23, 3, 3, 3, 0
2026/3/5, 08:00:00, 65.29, 65.61, 65.29, 65.61, 16, 13, 8, 8
2026/3/5, 09:00:00, 64.97, 65.32, 64.86, 65.32, 5, 5, 0, 5
2026/3/5, 12:00:00, 65.32, 65.59, 65.32, 65.49, 7, 7, 7, 0
2026/3/5, 13:00:00, 65.51, 65.51, 65.29, 65.29, 7, 7, 7, 0
2026/3/5, 14:00:00, 65.30, 65.71, 65.30, 65.57, 15, 14, 14, 1
2026/3/5, 15:00:00, 65.57, 65.83, 65.56, 65.56, 42, 30, 29, 13
2026/3/5, 16:00:00, 65.71, 65.84, 65.59, 65.84, 45, 30, 14, 31
2026/3/5, 17:00:00, 65.67, 66.09, 65.66, 66.06, 19, 19, 10, 9
2026/3/5, 18:00:00, 66.13, 66.22, 66.08, 66.13, 30, 28, 13, 17
2026/3/5, 19:00:00, 66.09, 66.22, 65.84, 65.87, 45, 38, 16, 29
2026/3/5, 20:00:00, 66.00, 66.00, 65.70, 65.88, 7, 7, 6, 1
2026/3/5, 23:00:00, 66.06, 66.06, 66.00, 66.05, 5, 5, 0, 5
2026/3/6, 02:00:00, 65.90, 66.03, 65.87, 66.03, 7, 7, 6, 1
2026/3/6, 03:00:00, 66.04, 66.04, 65.95, 65.95, 3, 3, 2, 1
2026/3/6, 04:00:00, 65.95, 65.99, 65.94, 65.99, 3, 3, 0, 3
2026/3/6, 05:00:00, 66.01, 66.01, 66.01, 66.01, 8, 7, 0, 8
2026/3/6, 07:00:00, 66.02, 66.23, 66.02, 66.23, 2, 2, 2, 0
2026/3/6, 08:00:00, 66.26, 66.27, 66.26, 66.27, 2, 2, 2, 0
2026/3/6, 09:00:00, 66.44, 67.14, 66.44, 67.14, 16, 16, 11, 5
2026/3/6, 10:00:00, 67.05, 67.09, 66.88, 67.06, 34, 33, 6, 28
2026/3/6, 11:00:00, 67.09, 67.63, 67.09, 67.63, 33, 18, 5, 28
2026/3/6, 12:00:00, 67.37, 67.70, 67.36, 67.70, 3, 3, 3, 0
2026/3/6, 13:00:00, 67.09, 67.99, 67.09, 67.99, 10, 10, 5, 5
2026/3/6, 14:00:00, 67.64, 67.81, 67.51, 67.66, 97, 77, 15, 82
2026/3/6, 15:00:00, 67.35, 67.50, 67.16, 67.16, 7, 7, 4, 3
2026/3/6, 16:00:00, 67.11, 67.11, 66.72, 67.03, 53, 49, 48, 5
2026/3/6, 17:00:00, 66.93, 67.36, 66.88, 67.12, 42, 29, 18, 24
2026/3/6, 18:00:00, 66.98, 67.14, 66.94, 67.10, 16, 7, 14, 2
2026/3/6, 19:00:00, 67.18, 67.70, 66.86, 67.57, 60, 59, 22, 38
2026/3/6, 20:00:00, 67.51, 67.54, 67.44, 67.44, 13, 7, 7, 6
2026/3/6, 21:00:00, 67.41, 67.51, 67.41, 67.50, 61, 45, 10, 51
2026/3/8, 22:00:00, 68.50, 72.12, 68.50, 71.63, 11, 9, 0, 11
2026/3/8, 23:00:00, 71.43, 71.43, 71.34, 71.34, 2, 2, 0, 2
2026/3/9, 00:00:00, 71.30, 71.30, 71.01, 71.01, 3, 3, 2, 1
2026/3/9, 01:00:00, 71.20, 71.78, 71.06, 71.78, 7, 7, 5, 2
2026/3/9, 02:00:00, 71.89, 73.11, 71.75, 71.96, 8, 8, 3, 5
2026/3/9, 03:00:00, 72.48, 72.48, 72.48, 72.48, 1, 1, 1, 0
2026/3/9, 04:00:00, 73.04, 73.15, 73.04, 73.15, 3, 3, 1, 2
2026/3/9, 05:00:00, 70.93, 70.93, 70.45, 70.45, 4, 4, 2, 2
2026/3/9, 06:00:00, 71.30, 71.30, 70.85, 70.85, 5, 5, 3, 2
2026/3/9, 07:00:00, 70.54, 70.54, 69.95, 70.21, 5, 5, 1, 4
2026/3/9, 08:00:00, 69.73, 71.47, 69.73, 70.90, 12, 12, 9, 3
2026/3/9, 09:00:00, 71.58, 71.58, 70.40, 70.40, 6, 5, 4, 2
2026/3/9, 11:00:00, 69.81, 69.81, 69.71, 69.71, 3, 3, 3, 0
2026/3/9, 12:00:00, 69.35, 69.68, 69.35, 69.68, 3, 3, 0, 3
2026/3/9, 13:00:00, 69.31, 69.52, 68.58, 69.13, 37, 34, 3, 34
2026/3/9, 14:00:00, 69.39, 69.95, 68.67, 68.80, 17, 17, 14, 3
2026/3/9, 15:00:00, 69.00, 69.00, 67.26, 68.10, 23, 22, 11, 12
2026/3/9, 16:00:00, 67.97, 68.34, 67.73, 68.22, 81, 60, 62, 19
2026/3/9, 17:00:00, 68.57, 68.67, 68.16, 68.16, 33, 26, 25, 8
2026/3/9, 18:00:00, 68.82, 69.45, 68.53, 69.39, 120, 88, 92, 28
2026/3/9, 19:00:00, 69.02, 69.02, 65.94, 67.04, 30, 28, 18, 12
2026/3/9, 20:00:00, 67.88, 68.94, 66.95, 67.29, 23, 22, 1, 22
2026/3/10, 00:00:00, 67.79, 67.97, 67.79, 67.97, 2, 2, 2, 0
2026/3/10, 01:00:00, 67.37, 67.40, 67.37, 67.40, 2, 2, 1, 1
2026/3/10, 02:00:00, 67.37, 67.64, 67.37, 67.64, 21, 15, 1, 20
2026/3/10, 03:00:00, 67.91, 67.94, 67.23, 67.81, 15, 15, 2, 13
2026/3/10, 04:00:00, 67.76, 67.96, 67.64, 67.90, 7, 7, 2, 5
2026/3/10, 05:00:00, 66.99, 66.99, 66.99, 66.99, 1, 1, 0, 1
2026/3/10, 06:00:00, 67.52, 67.80, 67.49, 67.49, 3, 3, 0, 3
2026/3/10, 07:00:00, 67.08, 67.14, 67.02, 67.14, 3, 3, 3, 0
2026/3/10, 08:00:00, 67.23, 68.12, 67.23, 67.78, 6, 6, 4, 2
2026/3/10, 09:00:00, 67.91, 68.05, 67.62, 67.92, 26, 26, 21, 5
2026/3/10, 10:00:00, 67.92, 68.96, 67.92, 68.32, 18, 15, 17, 1
2026/3/10, 11:00:00, 67.80, 68.17, 67.79, 68.17, 5, 5, 4, 1
2026/3/10, 13:00:00, 68.37, 68.42, 68.00, 68.40, 17, 16, 15, 2
2026/3/10, 14:00:00, 68.00, 68.00, 67.26, 67.27, 10, 10, 0, 10
2026/3/10, 15:00:00, 67.48, 67.75, 67.48, 67.75, 3, 3, 1, 2
2026/3/10, 16:00:00, 68.04, 68.04, 67.23, 67.27, 15, 13, 12, 3
2026/3/10, 17:00:00, 67.07, 67.14, 66.34, 67.10, 22, 20, 5, 17
2026/3/10, 18:00:00, 67.05, 68.28, 67.05, 67.67, 43, 38, 32, 11
2026/3/10, 19:00:00, 68.72, 68.72, 68.72, 68.72, 1, 1, 0, 1
2026/3/10, 22:00:00, 68.63, 68.63, 68.63, 68.63, 1, 1, 0, 1
2026/3/11, 00:00:00, 67.93, 67.93, 67.93, 67.93, 1, 1, 1, 0
2026/3/11, 01:00:00, 67.94, 68.16, 67.88, 68.16, 9, 9, 7, 2
2026/3/11, 02:00:00, 68.61, 68.61, 68.51, 68.51, 2, 2, 2, 0
2026/3/11, 03:00:00, 68.66, 68.68, 68.46, 68.50, 7, 7, 5, 2
2026/3/11, 04:00:00, 68.17, 68.54, 68.17, 68.35, 5, 5, 5, 0
2026/3/11, 05:00:00, 68.46, 69.06, 68.46, 68.93, 6, 6, 4, 2
2026/3/11, 06:00:00, 68.64, 68.64, 68.64, 68.64, 1, 1, 1, 0
2026/3/11, 07:00:00, 68.50, 68.87, 68.37, 68.87, 17, 13, 2, 15
2026/3/11, 08:00:00, 68.86, 68.86, 68.86, 68.86, 1, 1, 1, 0
2026/3/11, 09:00:00, 69.23, 69.23, 69.23, 69.23, 1, 1, 0, 1
2026/3/11, 10:00:00, 68.92, 69.01, 68.34, 68.34, 23, 13, 6, 17
2026/3/11, 11:00:00, 68.35, 68.96, 68.35, 68.94, 6, 5, 3, 3
2026/3/11, 12:00:00, 68.81, 68.93, 68.81, 68.93, 5, 5, 0, 5
2026/3/11, 13:00:00, 68.46, 68.71, 68.46, 68.54, 3, 3, 3, 0
2026/3/11, 14:00:00, 68.06, 68.60, 67.78, 68.60, 18, 18, 9, 9
2026/3/11, 15:00:00, 68.89, 69.05, 68.87, 68.94, 9, 9, 5, 4
2026/3/11, 16:00:00, 68.89, 68.93, 68.76, 68.76, 5, 5, 1, 4
2026/3/11, 17:00:00, 68.65, 69.28, 68.65, 69.28, 7, 7, 5, 2
2026/3/11, 18:00:00, 70.23, 70.48, 70.06, 70.25, 76, 62, 14, 62
2026/3/11, 19:00:00, 70.46, 70.47, 70.46, 70.47, 2, 2, 1, 1
2026/3/11, 20:00:00, 70.66, 70.66, 70.25, 70.25, 4, 2, 3, 1
2026/3/11, 23:00:00, 72.38, 72.38, 72.21, 72.21, 2, 2, 0, 2
2026/3/12, 00:00:00, 71.32, 71.32, 71.07, 71.07, 3, 2, 2, 1
2026/3/12, 01:00:00, 70.77, 70.77, 70.77, 70.77, 1, 1, 1, 0
2026/3/12, 02:00:00, 71.70, 71.70, 71.34, 71.34, 2, 2, 1, 1
2026/3/12, 06:00:00, 70.85, 70.85, 70.35, 70.35, 5, 5, 2, 3
2026/3/12, 07:00:00, 70.42, 70.42, 70.23, 70.33, 4, 4, 3, 1
2026/3/12, 08:00:00, 71.06, 71.18, 70.80, 70.80, 3, 3, 2, 1
2026/3/12, 10:00:00, 70.75, 71.09, 70.51, 70.51, 9, 9, 7, 2
2026/3/12, 11:00:00, 70.76, 71.42, 70.76, 71.42, 6, 6, 5, 1
2026/3/12, 12:00:00, 71.42, 71.75, 71.22, 71.29, 21, 21, 14, 7
2026/3/12, 13:00:00, 71.62, 71.62, 71.10, 71.13, 21, 21, 3, 18
2026/3/12, 14:00:00, 71.75, 71.75, 70.94, 71.19, 11, 11, 11, 0
2026/3/12, 15:00:00, 71.54, 71.54, 70.99, 71.05, 12, 12, 9, 3
2026/3/12, 16:00:00, 71.71, 71.87, 71.47, 71.47, 17, 17, 16, 1
2026/3/12, 17:00:00, 71.59, 72.07, 71.59, 71.92, 11, 11, 0, 11
2026/3/12, 18:00:00, 71.86, 72.68, 71.77, 72.68, 29, 29, 8, 21
2026/3/12, 19:00:00, 73.18, 73.24, 73.12, 73.12, 6, 5, 3, 3
2026/3/12, 20:00:00, 72.94, 72.94, 72.82, 72.82, 3, 3, 0, 3
2026/3/12, 23:00:00, 73.19, 73.19, 73.19, 73.19, 1, 1, 1, 0
2026/3/13, 01:00:00, 72.57, 72.98, 72.57, 72.98, 9, 9, 5, 4
2026/3/13, 02:00:00, 73.00, 73.23, 73.00, 73.23, 2, 2, 0, 2
2026/3/13, 03:00:00, 73.00, 73.00, 72.94, 72.94, 2, 2, 2, 0
2026/3/13, 06:00:00, 72.46, 72.58, 72.46, 72.58, 2, 2, 1, 1
2026/3/13, 07:00:00, 73.03, 73.61, 73.03, 73.58, 13, 11, 7, 6
2026/3/13, 08:00:00, 73.56, 73.56, 73.15, 73.15, 7, 5, 7, 0
2026/3/13, 09:00:00, 72.77, 72.95, 72.74, 72.95, 4, 4, 0, 4
2026/3/13, 10:00:00, 72.72, 72.82, 72.69, 72.75, 4, 4, 4, 0
2026/3/13, 11:00:00, 72.95, 72.99, 72.95, 72.99, 3, 3, 3, 0
2026/3/13, 12:00:00, 72.70, 72.70, 72.03, 72.56, 14, 14, 14, 0
2026/3/13, 13:00:00, 72.55, 72.84, 72.24, 72.45, 40, 33, 40, 0
2026/3/13, 14:00:00, 72.79, 72.79, 72.42, 72.75, 104, 75, 45, 59
2026/3/13, 15:00:00, 72.92, 73.07, 72.80, 72.88, 40, 35, 14, 26
2026/3/13, 16:00:00, 73.15, 73.22, 72.78, 72.78, 29, 25, 18, 11
2026/3/13, 17:00:00, 72.61, 73.20, 72.61, 73.09, 14, 13, 12, 2
2026/3/13, 18:00:00, 73.06, 73.72, 73.05, 73.09, 91, 51, 52, 39
2026/3/13, 19:00:00, 73.02, 73.31, 73.02, 73.25, 19, 19, 2, 17
2026/3/13, 20:00:00, 73.29, 73.46, 73.29, 73.44, 8, 8, 2, 6
2026/3/15, 22:00:00, 74.18, 74.18, 74.08, 74.08, 2, 2, 0, 2
2026/3/15, 23:00:00, 74.08, 74.08, 74.08, 74.08, 4, 4, 0, 4
2026/3/16, 07:00:00, 73.39, 73.90, 73.39, 73.90, 10, 9, 1, 9
2026/3/16, 08:00:00, 73.81, 73.81, 73.81, 73.81, 1, 1, 1, 0
2026/3/16, 09:00:00, 73.65, 73.65, 73.60, 73.62, 16, 13, 6, 10
2026/3/16, 10:00:00, 73.62, 73.62, 72.93, 72.93, 2, 2, 0, 2
2026/3/16, 11:00:00, 72.88, 73.10, 72.88, 72.95, 15, 14, 10, 5
2026/3/16, 12:00:00, 73.35, 73.35, 72.62, 72.62, 13, 12, 2, 11
2026/3/16, 13:00:00, 72.86, 72.97, 71.87, 71.87, 27, 26, 26, 1
2026/3/16, 14:00:00, 72.12, 73.31, 72.12, 73.29, 17, 14, 15, 2
2026/3/16, 15:00:00, 73.32, 73.32, 73.03, 73.30, 23, 22, 23, 0
2026/3/16, 16:00:00, 73.24, 73.62, 73.19, 73.42, 6, 6, 6, 0
2026/3/16, 17:00:00, 73.30, 73.38, 72.72, 72.96, 20, 17, 17, 3
2026/3/16, 18:00:00, 72.80, 72.80, 72.66, 72.66, 14, 11, 10, 4
2026/3/16, 19:00:00, 72.87, 72.87, 72.86, 72.86, 4, 2, 4, 0
2026/3/16, 20:00:00, 72.82, 72.82, 72.58, 72.58, 9, 6, 9, 0
2026/3/16, 22:00:00, 73.61, 73.61, 73.61, 73.61, 1, 1, 0, 1
2026/3/17, 00:00:00, 73.56, 73.64, 73.55, 73.64, 7, 7, 0, 7
2026/3/17, 01:00:00, 73.61, 73.71, 73.35, 73.65, 7, 7, 0, 7
2026/3/17, 07:00:00, 74.10, 74.13, 74.04, 74.13, 3, 3, 1, 2
2026/3/17, 08:00:00, 74.66, 74.74, 74.66, 74.66, 3, 3, 2, 1
2026/3/17, 09:00:00, 74.58, 74.68, 74.54, 74.65, 11, 11, 11, 0
2026/3/17, 10:00:00, 74.75, 74.81, 74.75, 74.81, 3, 3, 0, 3
2026/3/17, 12:00:00, 74.87, 74.87, 74.20, 74.20, 3, 3, 2, 1
2026/3/17, 13:00:00, 74.02, 74.23, 73.58, 73.77, 43, 36, 35, 8
2026/3/17, 14:00:00, 73.89, 73.89, 73.89, 73.89, 1, 1, 1, 0
2026/3/17, 15:00:00, 73.82, 74.32, 73.82, 74.32, 6, 6, 4, 2
2026/3/17, 16:00:00, 74.23, 74.23, 73.68, 73.87, 18, 13, 18, 0
2026/3/17, 18:00:00, 74.18, 74.18, 74.08, 74.08, 2, 2, 1, 1
2026/3/17, 19:00:00, 74.32, 74.44, 74.32, 74.44, 6, 6, 1, 5
2026/3/17, 20:00:00, 74.24, 74.50, 74.24, 74.50, 4, 3, 3, 1
2026/3/18, 00:00:00, 74.55, 74.56, 74.55, 74.55, 3, 3, 0, 3
2026/3/18, 01:00:00, 74.21, 74.21, 74.11, 74.11, 6, 6, 0, 6
2026/3/18, 02:00:00, 73.84, 73.84, 73.84, 73.84, 1, 1, 1, 0
2026/3/18, 03:00:00, 73.84, 73.84, 73.71, 73.71, 3, 3, 2, 1
2026/3/18, 07:00:00, 73.44, 73.52, 73.44, 73.52, 8, 8, 0, 8
2026/3/18, 08:00:00, 73.63, 74.05, 73.61, 74.05, 4, 4, 0, 4
2026/3/18, 09:00:00, 73.82, 73.82, 73.82, 73.82, 1, 1, 0, 1
2026/3/18, 10:00:00, 73.83, 73.83, 73.83, 73.83, 2, 2, 0, 2
2026/3/18, 11:00:00, 74.00, 74.61, 74.00, 74.31, 16, 15, 6, 10
2026/3/18, 12:00:00, 74.77, 75.41, 74.73, 75.41, 31, 27, 1, 30
2026/3/18, 13:00:00, 75.54, 75.79, 75.39, 75.69, 89, 72, 55, 34
2026/3/18, 14:00:00, 75.68, 75.69, 75.43, 75.67, 16, 13, 14, 2
2026/3/18, 15:00:00, 75.46, 75.80, 75.45, 75.74, 12, 6, 7, 5
2026/3/18, 16:00:00, 75.66, 75.83, 75.64, 75.65, 8, 6, 1, 7
2026/3/18, 17:00:00, 75.55, 75.93, 75.44, 75.44, 11, 9, 9, 2
2026/3/18, 18:00:00, 75.19, 75.84, 75.19, 75.61, 60, 54, 28, 32
2026/3/18, 19:00:00, 75.92, 76.27, 75.92, 76.01, 4, 4, 4, 0
2026/3/18, 20:00:00, 76.47, 76.68, 76.45, 76.63, 16, 12, 8, 8
2026/3/19, 00:00:00, 76.77, 76.77, 76.69, 76.69, 2, 2, 2, 0
2026/3/19, 01:00:00, 76.27, 76.33, 76.27, 76.33, 2, 2, 2, 0
2026/3/19, 02:00:00, 76.11, 76.11, 76.11, 76.11, 1, 1, 1, 0
2026/3/19, 04:00:00, 76.08, 76.08, 76.08, 76.08, 1, 1, 0, 1
