Date, Time, Open, High, Low, Last, Volume, NumberOfTrades, BidVolume, AskVolume
2026/2/18, 02:00:00, 60.07, 60.07, 60.07, 60.07, 1, 1, 1, 0
2026/2/18, 08:20:00, 60.39, 60.39, 60.36, 60.36, 16, 4, 2, 14
2026/2/18, 08:30:00, 60.39, 60.39, 60.39, 60.39, 20, 15, 0, 20
2026/2/18, 08:40:00, 60.39, 60.39, 60.39, 60.39, 69, 56, 0, 69
2026/2/18, 09:30:00, 60.33, 60.33, 60.33, 60.33, 1, 1, 0, 1
2026/2/18, 09:50:00, 60.21, 60.21, 60.21, 60.21, 1, 1, 0, 1
2026/2/18, 11:10:00, 60.80, 60.80, 60.80, 60.80, 1, 1, 0, 1
2026/2/18, 12:05:00, 61.10, 61.11, 61.08, 61.11, 4, 4, 0, 4
2026/2/18, 12:10:00, 61.24, 61.24, 61.24, 61.24, 1, 1, 1, 0
2026/2/18, 13:50:00, 61.08, 61.08, 61.08, 61.08, 5, 3, 2, 3
2026/2/18, 14:00:00, 61.13, 61.13, 61.13, 61.13, 1, 1, 0, 1
2026/2/18, 14:15:00, 61.28, 61.28, 61.28, 61.28, 3, 1, 3, 0
2026/2/18, 14:20:00, 61.22, 61.22, 61.22, 61.22, 1, 1, 0, 1
2026/2/18, 14:30:00, 61.31, 61.31, 61.31, 61.31, 1, 1, 1, 0
2026/2/18, 14:45:00, 61.39, 61.39, 61.39, 61.39, 1, 1, 0, 1
2026/2/18, 14:55:00, 61.39, 61.39, 61.39, 61.39, 1, 1, 1, 0
2026/2/18, 15:30:00, 61.42, 61.42, 61.42, 61.42, 10, 6, 10, 0
2026/2/18, 16:15:00, 61.39, 61.39, 61.38, 61.38, 2, 2, 2, 0
2026/2/18, 17:10:00, 61.58, 61.58, 61.58, 61.58, 1, 1, 0, 1
2026/2/18, 17:15:00, 61.55, 61.55, 61.55, 61.55, 1, 1, 0, 1
2026/2/18, 17:45:00, 61.61, 61.61, 61.61, 61.61, 2, 1, 0, 2
2026/2/18, 17:50:00, 61.65, 61.65, 61.65, 61.65, 1, 1, 0, 1
2026/2/18, 18:10:00, 61.72, 61.72, 61.72, 61.72, 1, 1, 0, 1
2026/2/18, 18:20:00, 61.71, 61.71, 61.71, 61.71, 2, 1, 2, 0
2026/2/18, 18:30:00, 61.66, 61.66, 61.66, 61.66, 1, 1, 0, 1
2026/2/18, 18:35:00, 61.67, 61.67, 61.67, 61.67, 1, 1, 1, 0
2026/2/18, 18:40:00, 61.71, 61.71, 61.71, 61.71, 1, 1, 0, 1
2026/2/18, 19:20:00, 61.78, 61.78, 61.78, 61.78, 4, 4, 4, 0
2026/2/18, 19:25:00, 61.77, 61.77, 61.66, 61.66, 18, 6, 2, 16
2026/2/18, 19:55:00, 61.61, 61.61, 61.60, 61.60, 3, 3, 1, 2
2026/2/18, 20:40:00, 61.79, 61.79, 61.79, 61.79, 1, 1, 0, 1
2026/2/18, 20:55:00, 61.75, 61.75, 61.75, 61.75, 1, 1, 1, 0
2026/2/18, 21:00:00, 61.71, 61.71, 61.71, 61.71, 2, 2, 2, 0
2026/2/18, 21:05:00, 61.66, 61.66, 61.66, 61.66, 1, 1, 1, 0
2026/2/18, 21:20:00, 61.66, 61.66, 61.63, 61.63, 3, 3, 2, 1
2026/2/18, 21:25:00, 61.61, 61.61, 61.59, 61.59, 2, 2, 2, 0
2026/2/19, 08:15:00, 62.11, 62.11, 62.11, 62.11, 2, 1, 2, 0
2026/2/19, 08:25:00, 62.12, 62.12, 62.12, 62.12, 2, 2, 2, 0
2026/2/19, 14:10:00, 62.12, 62.13, 62.05, 62.05, 16, 7, 5, 11
2026/2/19, 14:15:00, 62.16, 62.16, 62.16, 62.16, 2, 2, 2, 0
2026/2/19, 15:00:00, 62.21, 62.21, 62.04, 62.06, 12, 9, 8, 4
2026/2/19, 15:10:00, 62.17, 62.17, 62.17, 62.17, 1, 1, 1, 0
2026/2/19, 16:45:00, 62.46, 62.46, 62.46, 62.46, 1, 1, 1, 0
2026/2/19, 20:10:00, 62.45, 62.45, 62.45, 62.45, 4, 1, 4, 0
2026/2/19, 20:25:00, 62.39, 62.39, 62.39, 62.39, 5, 2, 4, 1
2026/2/19, 21:55:00, 62.48, 62.48, 62.48, 62.48, 1, 1, 1, 0
2026/2/20, 02:00:00, 62.50, 62.50, 62.50, 62.50, 1, 1, 0, 1
2026/2/20, 02:35:00, 62.41, 62.41, 62.41, 62.41, 1, 1, 0, 1
2026/2/20, 03:35:00, 62.41, 62.41, 62.41, 62.41, 1, 1, 0, 1
2026/2/20, 06:35:00, 62.61, 62.61, 62.61, 62.61, 1, 1, 1, 0
2026/2/20, 06:50:00, 62.54, 62.54, 62.54, 62.54, 1, 1, 1, 0
2026/2/20, 08:10:00, 62.23, 62.23, 62.23, 62.23, 2, 2, 2, 0
2026/2/20, 08:15:00, 62.23, 62.23, 62.21, 62.21, 6, 6, 6, 0
2026/2/20, 08:25:00, 62.25, 62.25, 62.21, 62.21, 6, 6, 6, 0
2026/2/20, 08:30:00, 62.23, 62.23, 62.23, 62.23, 2, 2, 2, 0
2026/2/20, 09:00:00, 62.19, 62.19, 62.19, 62.19, 1, 1, 1, 0
2026/2/20, 10:00:00, 62.15, 62.15, 62.15, 62.15, 1, 1, 1, 0
2026/2/20, 10:15:00, 62.16, 62.16, 62.16, 62.16, 2, 2, 0, 2
2026/2/20, 13:00:00, 62.25, 62.25, 62.25, 62.25, 1, 1, 1, 0
2026/2/20, 15:00:00, 62.42, 62.42, 62.42, 62.42, 2, 2, 2, 0
2026/2/20, 16:10:00, 62.32, 62.33, 62.32, 62.33, 40, 31, 40, 0
2026/2/20, 16:20:00, 62.27, 62.27, 62.27, 62.27, 30, 17, 24, 6
2026/2/20, 16:30:00, 62.36, 62.36, 62.36, 62.36, 1, 1, 0, 1
2026/2/20, 19:25:00, 62.37, 62.41, 62.37, 62.41, 8, 7, 0, 8
2026/2/20, 20:45:00, 62.31, 62.31, 62.31, 62.31, 1, 1, 0, 1
2026/2/23, 08:10:00, 62.18, 62.18, 62.15, 62.15, 7, 6, 7, 0
2026/2/23, 08:15:00, 62.15, 62.15, 62.15, 62.15, 4, 3, 4, 0
2026/2/23, 12:00:00, 62.62, 62.62, 62.62, 62.62, 1, 1, 1, 0
2026/2/23, 13:35:00, 62.64, 62.64, 62.64, 62.64, 2, 1, 0, 2
2026/2/23, 14:20:00, 62.81, 62.81, 62.81, 62.81, 29, 16, 29, 0
2026/2/23, 14:25:00, 62.90, 62.90, 62.90, 62.90, 11, 10, 0, 11
2026/2/23, 16:10:00, 62.75, 62.75, 62.75, 62.75, 3, 1, 3, 0
2026/2/23, 19:25:00, 62.55, 62.59, 62.55, 62.59, 2, 2, 0, 2
2026/2/23, 19:40:00, 62.56, 62.56, 62.56, 62.56, 1, 1, 1, 0
2026/2/23, 20:25:00, 62.67, 62.67, 62.66, 62.66, 21, 19, 3, 18
2026/2/23, 20:35:00, 62.68, 62.68, 62.68, 62.68, 15, 9, 14, 1
2026/2/24, 05:00:00, 62.93, 62.93, 62.93, 62.93, 1, 1, 0, 1
2026/2/24, 08:25:00, 62.76, 62.76, 62.76, 62.76, 1, 1, 0, 1
2026/2/24, 13:15:00, 63.05, 63.06, 63.05, 63.06, 3, 3, 1, 2
2026/2/24, 14:15:00, 62.94, 62.94, 62.94, 62.94, 1, 1, 0, 1
2026/2/24, 19:25:00, 62.57, 62.57, 62.57, 62.57, 1, 1, 1, 0
2026/2/24, 21:05:00, 62.84, 62.84, 62.84, 62.84, 1, 1, 0, 1
2026/2/25, 03:30:00, 63.02, 63.02, 63.02, 63.02, 1, 1, 0, 1
2026/2/25, 12:40:00, 62.83, 62.83, 62.83, 62.83, 2, 1, 2, 0
2026/2/25, 14:40:00, 62.53, 62.53, 62.53, 62.53, 1, 1, 1, 0
2026/2/25, 14:50:00, 62.45, 62.45, 62.43, 62.43, 2, 2, 2, 0
2026/2/25, 16:35:00, 62.42, 62.42, 62.42, 62.42, 2, 1, 2, 0
2026/2/25, 17:20:00, 62.50, 62.50, 62.50, 62.50, 2, 1, 0, 2
2026/2/25, 19:25:00, 62.50, 62.53, 62.46, 62.49, 18, 14, 17, 1
2026/2/25, 20:40:00, 62.50, 62.50, 62.50, 62.50, 1, 1, 1, 0
2026/2/26, 13:20:00, 61.28, 61.31, 61.28, 61.31, 2, 2, 0, 2
2026/2/26, 13:25:00, 61.40, 61.41, 61.40, 61.41, 2, 2, 0, 2
2026/2/26, 14:25:00, 61.49, 61.49, 61.49, 61.49, 1, 1, 0, 1
2026/2/26, 14:45:00, 61.53, 61.54, 61.53, 61.54, 4, 4, 4, 0
2026/2/26, 15:55:00, 62.90, 62.97, 62.88, 62.93, 4, 4, 0, 4
2026/2/26, 16:00:00, 62.83, 62.83, 62.83, 62.83, 7, 5, 2, 5
2026/2/26, 16:10:00, 62.81, 62.81, 62.81, 62.81, 1, 1, 0, 1
2026/2/26, 16:15:00, 62.71, 62.73, 62.71, 62.73, 2, 2, 0, 2
2026/2/26, 16:25:00, 62.82, 62.92, 62.82, 62.91, 7, 7, 0, 7
2026/2/26, 16:35:00, 62.68, 62.68, 62.68, 62.68, 1, 1, 1, 0
2026/2/26, 17:05:00, 62.65, 62.65, 62.65, 62.65, 2, 2, 2, 0
2026/2/26, 17:10:00, 62.64, 62.64, 62.64, 62.64, 1, 1, 1, 0
2026/2/26, 17:15:00, 62.69, 62.69, 62.69, 62.69, 1, 1, 1, 0
2026/2/26, 17:20:00, 62.66, 62.67, 62.66, 62.67, 3, 3, 3, 0
2026/2/26, 17:40:00, 62.74, 62.74, 62.74, 62.74, 1, 1, 1, 0
2026/2/26, 18:00:00, 62.61, 62.61, 62.61, 62.61, 1, 1, 1, 0
2026/2/26, 18:10:00, 62.72, 62.72, 62.68, 62.68, 3, 3, 3, 0
2026/2/26, 18:30:00, 62.00, 62.00, 62.00, 62.00, 1, 1, 1, 0
2026/2/26, 18:55:00, 62.09, 62.10, 62.09, 62.10, 2, 2, 0, 2
2026/2/26, 19:15:00, 61.82, 61.82, 61.82, 61.82, 1, 1, 1, 0
2026/2/26, 19:20:00, 61.77, 61.77, 61.71, 61.72, 5, 5, 1, 4
2026/2/26, 19:25:00, 61.70, 61.98, 61.70, 61.98, 6, 6, 1, 5
2026/2/26, 20:55:00, 62.18, 62.18, 62.18, 62.18, 1, 1, 0, 1
2026/2/27, 00:45:00, 62.06, 62.06, 62.06, 62.06, 1, 1, 1, 0
2026/2/27, 00:55:00, 62.05, 62.05, 62.05, 62.05, 2, 1, 2, 0
2026/2/27, 01:50:00, 61.81, 61.81, 61.81, 61.81, 1, 1, 1, 0
2026/2/27, 08:05:00, 62.35, 62.35, 62.35, 62.35, 2, 1, 0, 2
2026/2/27, 09:05:00, 62.38, 62.38, 62.38, 62.38, 1, 1, 0, 1
2026/2/27, 09:45:00, 62.60, 62.60, 62.60, 62.60, 1, 1, 1, 0
2026/2/27, 10:30:00, 62.50, 62.50, 62.50, 62.50, 1, 1, 1, 0
2026/2/27, 11:25:00, 62.80, 62.82, 62.78, 62.78, 4, 4, 1, 3
2026/2/27, 13:25:00, 63.40, 63.40, 63.40, 63.40, 13, 13, 0, 13
2026/2/27, 13:30:00, 63.38, 63.38, 63.38, 63.38, 24, 19, 5, 19
2026/2/27, 13:40:00, 63.37, 63.37, 63.36, 63.36, 2, 2, 0, 2
2026/2/27, 13:55:00, 63.45, 63.45, 63.45, 63.45, 1, 1, 0, 1
2026/2/27, 15:05:00, 62.95, 62.95, 62.95, 62.95, 1, 1, 1, 0
2026/2/27, 15:20:00, 62.96, 62.96, 62.95, 62.95, 2, 2, 0, 2
2026/2/27, 18:20:00, 62.69, 62.69, 62.69, 62.69, 3, 2, 3, 0
2026/2/27, 18:25:00, 62.74, 62.74, 62.74, 62.74, 1, 1, 1, 0
2026/2/27, 18:40:00, 62.88, 62.88, 62.88, 62.88, 1, 1, 0, 1
2026/2/27, 19:25:00, 63.02, 63.05, 63.01, 63.02, 7, 7, 6, 1
2026/2/27, 19:45:00, 62.90, 62.90, 62.88, 62.88, 24, 17, 1, 23
2026/2/27, 19:50:00, 62.87, 62.87, 62.84, 62.84, 126, 87, 5, 121
2026/2/27, 21:10:00, 63.01, 63.01, 63.01, 63.01, 1, 1, 0, 1
2026/2/27, 21:40:00, 63.12, 63.12, 63.12, 63.12, 2, 2, 0, 2
2026/3/1, 23:50:00, 65.16, 65.16, 65.14, 65.14, 14, 13, 0, 14
2026/3/2, 01:00:00, 64.53, 64.53, 64.53, 64.53, 3, 1, 0, 3
2026/3/2, 02:10:00, 63.92, 63.92, 63.92, 63.92, 3, 2, 0, 3
2026/3/2, 04:50:00, 64.30, 64.30, 64.30, 64.30, 1, 1, 1, 0
2026/3/2, 06:05:00, 64.50, 64.50, 64.50, 64.50, 1, 1, 0, 1
2026/3/2, 06:25:00, 64.50, 64.50, 64.50, 64.50, 1, 1, 1, 0
2026/3/2, 06:50:00, 64.50, 64.50, 64.50, 64.50, 1, 1, 1, 0
2026/3/2, 07:00:00, 64.95, 64.95, 64.95, 64.95, 2, 1, 0, 2
2026/3/2, 07:05:00, 64.89, 65.12, 64.89, 65.12, 3, 2, 0, 3
2026/3/2, 07:15:00, 64.97, 64.97, 64.97, 64.97, 1, 1, 1, 0
2026/3/2, 07:20:00, 64.92, 64.92, 64.80, 64.80, 3, 3, 3, 0
2026/3/2, 08:25:00, 65.07, 65.07, 65.07, 65.07, 1, 1, 1, 0
2026/3/2, 08:35:00, 65.04, 65.04, 64.91, 64.91, 3, 3, 3, 0
2026/3/2, 08:55:00, 64.70, 64.70, 64.70, 64.70, 1, 1, 1, 0
2026/3/2, 09:00:00, 64.40, 64.40, 64.40, 64.40, 1, 1, 1, 0
2026/3/2, 11:20:00, 64.61, 64.63, 64.60, 64.63, 4, 4, 2, 2
2026/3/2, 11:25:00, 64.55, 64.55, 64.55, 64.55, 3, 3, 0, 3
2026/3/2, 11:55:00, 64.65, 64.65, 64.65, 64.65, 1, 1, 0, 1
2026/3/2, 12:15:00, 64.62, 64.62, 64.62, 64.62, 1, 1, 0, 1
2026/3/2, 12:20:00, 64.61, 64.61, 64.59, 64.59, 2, 2, 1, 1
2026/3/2, 12:25:00, 64.80, 64.80, 64.80, 64.80, 6, 4, 0, 6
2026/3/2, 12:50:00, 64.89, 64.90, 64.89, 64.90, 2, 2, 0, 2
2026/3/2, 12:55:00, 64.76, 64.76, 64.76, 64.76, 1, 1, 0, 1
2026/3/2, 13:20:00, 64.78, 64.78, 64.78, 64.78, 1, 1, 1, 0
2026/3/2, 13:25:00, 64.77, 64.77, 64.77, 64.77, 1, 1, 1, 0
2026/3/2, 13:45:00, 64.76, 64.76, 64.76, 64.76, 1, 1, 0, 1
2026/3/2, 14:05:00, 64.89, 64.98, 64.89, 64.98, 18, 18, 0, 18
2026/3/2, 14:15:00, 65.00, 65.00, 65.00, 65.00, 1, 1, 1, 0
2026/3/2, 14:30:00, 64.82, 64.82, 64.35, 64.35, 71, 65, 9, 62
2026/3/2, 14:45:00, 64.25, 64.25, 64.25, 64.25, 2, 2, 0, 2
2026/3/2, 14:50:00, 64.19, 64.19, 64.17, 64.17, 9, 3, 9, 0
2026/3/2, 15:05:00, 64.27, 64.27, 64.25, 64.25, 15, 11, 12, 3
2026/3/2, 15:10:00, 64.41, 64.44, 64.33, 64.33, 18, 15, 14, 4
2026/3/2, 15:15:00, 64.48, 64.53, 64.48, 64.53, 4, 2, 3, 1
2026/3/2, 15:20:00, 64.45, 64.47, 64.45, 64.47, 8, 6, 8, 0
2026/3/2, 15:25:00, 64.32, 64.32, 64.31, 64.31, 6, 5, 6, 0
2026/3/2, 15:35:00, 64.26, 64.26, 64.26, 64.26, 1, 1, 0, 1
2026/3/2, 15:40:00, 64.14, 64.14, 64.14, 64.14, 8, 6, 8, 0
2026/3/2, 15:45:00, 64.12, 64.21, 64.12, 64.21, 8, 4, 8, 0
2026/3/2, 15:50:00, 64.22, 64.23, 64.21, 64.21, 10, 7, 10, 0
2026/3/2, 15:55:00, 64.20, 64.21, 64.20, 64.21, 6, 3, 2, 4
2026/3/2, 16:15:00, 63.92, 63.92, 63.89, 63.90, 9, 4, 8, 1
2026/3/2, 16:20:00, 64.09, 64.10, 64.09, 64.10, 8, 7, 8, 0
2026/3/2, 16:25:00, 64.12, 64.12, 64.08, 64.11, 6, 5, 3, 3
2026/3/2, 16:30:00, 63.96, 63.96, 63.66, 63.67, 10, 8, 7, 3
2026/3/2, 16:40:00, 64.00, 64.00, 64.00, 64.00, 1, 1, 0, 1
2026/3/2, 16:45:00, 63.78, 63.78, 63.45, 63.45, 11, 8, 11, 0
2026/3/2, 16:50:00, 63.82, 63.84, 63.82, 63.84, 2, 2, 0, 2
2026/3/2, 17:10:00, 63.98, 63.98, 63.98, 63.98, 1, 1, 0, 1
2026/3/2, 17:15:00, 63.81, 63.81, 63.81, 63.81, 2, 2, 2, 0
2026/3/2, 17:25:00, 63.81, 63.81, 63.81, 63.81, 1, 1, 0, 1
2026/3/2, 17:30:00, 63.90, 63.90, 63.90, 63.90, 2, 2, 0, 2
2026/3/2, 18:25:00, 63.71, 63.71, 63.71, 63.71, 5, 2, 0, 5
2026/3/2, 19:25:00, 63.72, 63.78, 63.71, 63.78, 5, 5, 2, 3
2026/3/2, 19:45:00, 63.60, 63.60, 63.60, 63.60, 1, 1, 1, 0
2026/3/2, 19:50:00, 63.51, 63.51, 63.51, 63.51, 1, 1, 0, 1
2026/3/2, 20:05:00, 63.56, 63.56, 63.55, 63.55, 5, 3, 1, 4
2026/3/3, 01:00:00, 64.22, 64.22, 64.22, 64.22, 2, 2, 2, 0
2026/3/3, 02:05:00, 64.26, 64.27, 64.26, 64.27, 3, 3, 0, 3
2026/3/3, 02:35:00, 64.42, 64.42, 64.41, 64.41, 2, 2, 1, 1
2026/3/3, 05:50:00, 64.50, 64.50, 64.50, 64.50, 1, 1, 0, 1
2026/3/3, 05:55:00, 64.48, 64.48, 64.48, 64.48, 1, 1, 0, 1
2026/3/3, 06:10:00, 64.31, 64.32, 64.31, 64.32, 2, 2, 1, 1
2026/3/3, 06:35:00, 64.54, 64.54, 64.54, 64.54, 2, 2, 2, 0
2026/3/3, 06:40:00, 64.66, 64.66, 64.66, 64.66, 1, 1, 0, 1
2026/3/3, 07:20:00, 64.62, 64.62, 64.62, 64.62, 1, 1, 0, 1
2026/3/3, 07:40:00, 64.87, 64.87, 64.87, 64.87, 1, 1, 0, 1
2026/3/3, 08:00:00, 65.10, 65.10, 65.10, 65.10, 1, 1, 0, 1
2026/3/3, 08:10:00, 65.00, 65.00, 65.00, 65.00, 4, 1, 0, 4
2026/3/3, 08:20:00, 64.87, 64.87, 64.87, 64.87, 1, 1, 0, 1
2026/3/3, 08:45:00, 64.98, 64.98, 64.98, 64.98, 1, 1, 0, 1
2026/3/3, 08:55:00, 64.94, 64.94, 64.94, 64.94, 1, 1, 0, 1
2026/3/3, 09:10:00, 65.26, 65.27, 65.26, 65.27, 2, 2, 0, 2
2026/3/3, 09:25:00, 65.27, 65.27, 65.27, 65.27, 1, 1, 1, 0
2026/3/3, 09:30:00, 65.41, 65.41, 65.41, 65.41, 1, 1, 0, 1
2026/3/3, 09:40:00, 65.31, 65.32, 65.31, 65.32, 2, 2, 0, 2
2026/3/3, 10:35:00, 65.77, 65.77, 65.77, 65.77, 2, 2, 0, 2
2026/3/3, 11:25:00, 65.67, 65.67, 65.67, 65.67, 2, 1, 0, 2
2026/3/3, 12:15:00, 65.40, 65.40, 65.40, 65.40, 1, 1, 1, 0
2026/3/3, 12:30:00, 65.48, 65.48, 65.48, 65.48, 1, 1, 0, 1
2026/3/3, 12:40:00, 65.53, 65.53, 65.53, 65.53, 1, 1, 0, 1
2026/3/3, 13:00:00, 64.92, 65.12, 64.85, 65.12, 25, 17, 13, 12
2026/3/3, 13:25:00, 65.15, 65.15, 65.15, 65.15, 2, 1, 0, 2
2026/3/3, 13:35:00, 64.99, 64.99, 64.83, 64.84, 12, 12, 2, 10
2026/3/3, 14:10:00, 64.90, 64.97, 64.83, 64.83, 3, 3, 1, 2
2026/3/3, 14:15:00, 64.83, 64.83, 64.83, 64.83, 1, 1, 0, 1
2026/3/3, 14:20:00, 64.86, 64.86, 64.86, 64.86, 1, 1, 1, 0
2026/3/3, 14:40:00, 64.69, 64.69, 64.69, 64.69, 1, 1, 0, 1
2026/3/3, 14:45:00, 64.58, 64.58, 64.58, 64.58, 1, 1, 0, 1
2026/3/3, 14:50:00, 64.57, 64.57, 64.57, 64.57, 1, 1, 0, 1
2026/3/3, 14:55:00, 64.62, 64.68, 64.55, 64.55, 5, 5, 1, 4
2026/3/3, 15:00:00, 64.61, 64.71, 64.61, 64.71, 2, 2, 0, 2
2026/3/3, 15:10:00, 64.70, 64.74, 64.70, 64.73, 20, 18, 1, 19
2026/3/3, 15:15:00, 64.61, 64.61, 64.61, 64.61, 1, 1, 0, 1
2026/3/3, 15:20:00, 64.61, 64.61, 64.61, 64.61, 1, 1, 0, 1
2026/3/3, 15:25:00, 64.56, 64.56, 64.56, 64.56, 3, 1, 3, 0
2026/3/3, 16:15:00, 64.48, 64.48, 64.48, 64.48, 1, 1, 1, 0
2026/3/3, 16:45:00, 63.43, 63.43, 63.43, 63.43, 1, 1, 0, 1
2026/3/3, 17:00:00, 63.99, 63.99, 63.99, 63.99, 10, 5, 3, 7
2026/3/3, 17:10:00, 64.27, 64.27, 64.25, 64.25, 2, 2, 0, 2
2026/3/3, 17:15:00, 64.14, 64.14, 64.14, 64.14, 2, 1, 2, 0
2026/3/3, 17:25:00, 64.17, 64.17, 64.17, 64.17, 2, 2, 0, 2
2026/3/3, 17:40:00, 64.18, 64.18, 64.18, 64.18, 1, 1, 0, 1
2026/3/3, 17:55:00, 64.01, 64.01, 64.01, 64.01, 1, 1, 1, 0
2026/3/3, 18:00:00, 63.99, 63.99, 63.86, 63.93, 21, 9, 11, 10
2026/3/3, 18:20:00, 64.01, 64.01, 64.01, 64.01, 1, 1, 0, 1
2026/3/3, 18:30:00, 63.89, 63.89, 63.57, 63.57, 2, 2, 1, 1
2026/3/3, 18:35:00, 63.36, 63.36, 63.36, 63.36, 1, 1, 0, 1
2026/3/3, 19:25:00, 63.86, 64.13, 63.86, 64.08, 31, 31, 13, 18
2026/3/3, 19:30:00, 64.06, 64.06, 64.06, 64.06, 1, 1, 1, 0
2026/3/3, 19:35:00, 63.57, 63.61, 63.49, 63.49, 3, 3, 1, 2
2026/3/3, 19:40:00, 63.35, 63.35, 63.35, 63.35, 1, 1, 1, 0
2026/3/3, 19:50:00, 63.44, 63.44, 63.44, 63.44, 1, 1, 1, 0
2026/3/3, 19:55:00, 63.49, 63.49, 63.49, 63.49, 1, 1, 0, 1
2026/3/3, 20:20:00, 63.52, 63.52, 63.52, 63.52, 1, 1, 0, 1
2026/3/3, 20:25:00, 63.48, 63.48, 63.48, 63.48, 1, 1, 0, 1
2026/3/3, 21:15:00, 63.77, 63.77, 63.76, 63.76, 2, 2, 2, 0
2026/3/3, 21:50:00, 63.99, 63.99, 63.98, 63.98, 10, 8, 0, 10
2026/3/4, 00:15:00, 63.92, 63.92, 63.92, 63.92, 1, 1, 1, 0
2026/3/4, 00:20:00, 63.85, 63.85, 63.85, 63.85, 1, 1, 1, 0
2026/3/4, 01:05:00, 64.00, 64.00, 64.00, 64.00, 1, 1, 1, 0
2026/3/4, 02:05:00, 64.05, 64.05, 64.00, 64.00, 3, 3, 0, 3
2026/3/4, 02:10:00, 64.02, 64.02, 63.96, 63.96, 3, 3, 1, 2
2026/3/4, 02:25:00, 63.85, 63.85, 63.85, 63.85, 1, 1, 0, 1
2026/3/4, 02:35:00, 63.94, 63.94, 63.94, 63.94, 1, 1, 0, 1
2026/3/4, 05:00:00, 63.95, 63.95, 63.95, 63.95, 1, 1, 1, 0
2026/3/4, 07:50:00, 64.32, 64.32, 64.32, 64.32, 1, 1, 1, 0
2026/3/4, 08:00:00, 64.32, 64.32, 64.32, 64.32, 1, 1, 1, 0
2026/3/4, 08:05:00, 64.43, 64.43, 64.40, 64.40, 2, 2, 1, 1
2026/3/4, 08:10:00, 64.32, 64.32, 64.32, 64.32, 1, 1, 1, 0
2026/3/4, 08:15:00, 64.37, 64.37, 64.37, 64.37, 1, 1, 1, 0
2026/3/4, 08:45:00, 64.73, 64.73, 64.67, 64.67, 2, 2, 1, 1
2026/3/4, 09:00:00, 64.50, 64.50, 64.50, 64.50, 1, 1, 1, 0
2026/3/4, 09:15:00, 64.18, 64.18, 64.18, 64.18, 1, 1, 1, 0
2026/3/4, 10:05:00, 64.22, 64.22, 64.19, 64.19, 3, 2, 3, 0
2026/3/4, 10:55:00, 63.99, 63.99, 63.99, 63.99, 2, 2, 0, 2
2026/3/4, 12:35:00, 63.84, 63.84, 63.84, 63.84, 1, 1, 1, 0
2026/3/4, 13:00:00, 63.61, 63.61, 63.61, 63.61, 1, 1, 0, 1
2026/3/4, 14:00:00, 64.09, 64.16, 64.09, 64.16, 2, 2, 1, 1
2026/3/4, 14:50:00, 64.31, 64.31, 64.31, 64.31, 1, 1, 0, 1
2026/3/4, 15:10:00, 64.17, 64.17, 64.07, 64.07, 2, 2, 2, 0
2026/3/4, 15:15:00, 64.16, 64.16, 64.16, 64.16, 1, 1, 0, 1
2026/3/4, 15:20:00, 64.16, 64.16, 64.16, 64.16, 1, 1, 0, 1
2026/3/4, 16:05:00, 64.43, 64.43, 64.43, 64.43, 1, 1, 1, 0
2026/3/4, 16:30:00, 64.13, 64.13, 64.13, 64.13, 1, 1, 0, 1
2026/3/4, 17:05:00, 64.55, 64.55, 64.52, 64.54, 3, 3, 3, 0
2026/3/4, 17:20:00, 64.56, 64.56, 64.54, 64.54, 3, 3, 3, 0
2026/3/4, 17:25:00, 64.55, 64.57, 64.54, 64.57, 3, 3, 3, 0
2026/3/4, 17:35:00, 64.66, 64.72, 64.61, 64.61, 7, 7, 3, 4
2026/3/4, 17:40:00, 64.68, 64.68, 64.68, 64.68, 1, 1, 1, 0
2026/3/4, 17:45:00, 64.59, 64.59, 64.59, 64.59, 1, 1, 1, 0
2026/3/4, 17:50:00, 64.68, 64.68, 64.68, 64.68, 1, 1, 1, 0
2026/3/4, 18:00:00, 64.67, 64.67, 64.63, 64.63, 3, 3, 3, 0
2026/3/4, 18:45:00, 64.64, 64.64, 64.64, 64.64, 1, 1, 1, 0
2026/3/4, 18:55:00, 64.52, 64.52, 64.52, 64.52, 1, 1, 1, 0
2026/3/4, 19:05:00, 64.50, 64.50, 64.50, 64.50, 1, 1, 1, 0
2026/3/4, 19:10:00, 64.48, 64.48, 64.48, 64.48, 1, 1, 1, 0
2026/3/4, 19:15:00, 64.53, 64.56, 64.50, 64.55, 55, 27, 47, 8
2026/3/4, 19:20:00, 64.59, 64.59, 64.58, 64.59, 3, 3, 2, 1
2026/3/4, 19:25:00, 64.64, 64.65, 64.60, 64.61, 131, 79, 114, 17
2026/3/4, 19:30:00, 64.48, 64.48, 64.45, 64.45, 3, 3, 2, 1
2026/3/4, 19:45:00, 64.53, 64.53, 64.53, 64.53, 1, 1, 1, 0
2026/3/4, 20:25:00, 64.60, 64.62, 64.60, 64.62, 2, 2, 1, 1
2026/3/4, 20:30:00, 64.66, 64.66, 64.66, 64.66, 8, 3, 0, 8
2026/3/4, 20:35:00, 64.58, 64.58, 64.58, 64.58, 1, 1, 1, 0
2026/3/4, 20:40:00, 64.46, 64.46, 64.46, 64.46, 1, 1, 1, 0
2026/3/4, 20:55:00, 64.37, 64.37, 64.37, 64.37, 1, 1, 1, 0
2026/3/4, 21:05:00, 64.45, 64.45, 64.45, 64.45, 1, 1, 0, 1
2026/3/4, 21:15:00, 64.59, 64.59, 64.57, 64.57, 3, 3, 2, 1
2026/3/4, 21:25:00, 64.66, 64.66, 64.66, 64.66, 1, 1, 0, 1
2026/3/4, 23:50:00, 64.62, 64.62, 64.62, 64.62, 2, 2, 2, 0
2026/3/5, 00:45:00, 64.55, 64.55, 64.55, 64.55, 1, 1, 1, 0
2026/3/5, 02:15:00, 65.06, 65.07, 65.06, 65.07, 4, 4, 0, 4
2026/3/5, 02:20:00, 65.17, 65.18, 65.16, 65.16, 3, 3, 3, 0
2026/3/5, 02:25:00, 65.12, 65.12, 65.12, 65.12, 1, 1, 0, 1
2026/3/5, 02:50:00, 65.16, 65.16, 65.16, 65.16, 1, 1, 0, 1
2026/3/5, 02:55:00, 65.25, 65.25, 65.25, 65.25, 1, 1, 1, 0
2026/3/5, 03:05:00, 65.02, 65.02, 65.02, 65.02, 1, 1, 1, 0
2026/3/5, 07:05:00, 65.07, 65.07, 65.07, 65.07, 1, 1, 1, 0
2026/3/5, 07:50:00, 65.20, 65.20, 65.20, 65.20, 1, 1, 1, 0
2026/3/5, 07:55:00, 65.23, 65.23, 65.23, 65.23, 1, 1, 1, 0
2026/3/5, 08:00:00, 65.29, 65.47, 65.29, 65.47, 2, 2, 2, 0
2026/3/5, 08:05:00, 65.55, 65.55, 65.55, 65.55, 1, 1, 1, 0
2026/3/5, 08:15:00, 65.40, 65.40, 65.40, 65.40, 1, 1, 1, 0
2026/3/5, 08:50:00, 65.61, 65.61, 65.61, 65.61, 10, 7, 4, 6
2026/3/5, 08:55:00, 65.61, 65.61, 65.61, 65.61, 2, 2, 0, 2
2026/3/5, 09:10:00, 64.97, 64.97, 64.97, 64.97, 1, 1, 0, 1
2026/3/5, 09:20:00, 64.86, 64.90, 64.86, 64.90, 2, 2, 0, 2
2026/3/5, 09:25:00, 65.14, 65.14, 65.14, 65.14, 1, 1, 0, 1
2026/3/5, 09:35:00, 65.32, 65.32, 65.32, 65.32, 1, 1, 0, 1
2026/3/5, 12:20:00, 65.32, 65.38, 65.32, 65.38, 2, 2, 2, 0
2026/3/5, 12:35:00, 65.41, 65.41, 65.41, 65.41, 1, 1, 1, 0
2026/3/5, 12:45:00, 65.59, 65.59, 65.59, 65.59, 1, 1, 1, 0
2026/3/5, 12:50:00, 65.55, 65.58, 65.55, 65.58, 2, 2, 2, 0
2026/3/5, 12:55:00, 65.49, 65.49, 65.49, 65.49, 1, 1, 1, 0
2026/3/5, 13:00:00, 65.51, 65.51, 65.45, 65.45, 2, 2, 2, 0
2026/3/5, 13:05:00, 65.34, 65.34, 65.34, 65.34, 1, 1, 1, 0
2026/3/5, 13:10:00, 65.33, 65.36, 65.33, 65.36, 2, 2, 2, 0
2026/3/5, 13:15:00, 65.36, 65.36, 65.36, 65.36, 1, 1, 1, 0
2026/3/5, 13:20:00, 65.29, 65.29, 65.29, 65.29, 1, 1, 1, 0
2026/3/5, 14:00:00, 65.30, 65.30, 65.30, 65.30, 2, 2, 1, 1
2026/3/5, 14:05:00, 65.53, 65.53, 65.53, 65.53, 1, 1, 1, 0
2026/3/5, 14:15:00, 65.60, 65.60, 65.60, 65.60, 1, 1, 1, 0
2026/3/5, 14:20:00, 65.71, 65.71, 65.71, 65.71, 2, 2, 2, 0
2026/3/5, 14:25:00, 65.70, 65.70, 65.66, 65.66, 2, 2, 2, 0
2026/3/5, 14:30:00, 65.58, 65.58, 65.56, 65.56, 2, 2, 2, 0
2026/3/5, 14:35:00, 65.53, 65.53, 65.53, 65.53, 1, 1, 1, 0
2026/3/5, 14:45:00, 65.60, 65.60, 65.59, 65.59, 3, 2, 3, 0
2026/3/5, 14:55:00, 65.57, 65.57, 65.57, 65.57, 1, 1, 1, 0
2026/3/5, 15:05:00, 65.57, 65.60, 65.56, 65.57, 12, 5, 12, 0
2026/3/5, 15:20:00, 65.69, 65.69, 65.68, 65.68, 2, 2, 2, 0
2026/3/5, 15:30:00, 65.80, 65.83, 65.78, 65.83, 3, 3, 2, 1
2026/3/5, 15:35:00, 65.66, 65.66, 65.66, 65.66, 1, 1, 1, 0
2026/3/5, 15:40:00, 65.57, 65.58, 65.56, 65.58, 20, 15, 8, 12
2026/3/5, 15:45:00, 65.64, 65.64, 65.64, 65.64, 1, 1, 1, 0
2026/3/5, 15:50:00, 65.62, 65.64, 65.62, 65.64, 2, 2, 2, 0
2026/3/5, 15:55:00, 65.56, 65.56, 65.56, 65.56, 1, 1, 1, 0
2026/3/5, 16:20:00, 65.71, 65.71, 65.59, 65.59, 2, 2, 1, 1
2026/3/5, 16:30:00, 65.62, 65.62, 65.62, 65.62, 5, 5, 4, 1
2026/3/5, 16:35:00, 65.61, 65.61, 65.61, 65.61, 4, 1, 4, 0
2026/3/5, 16:40:00, 65.79, 65.79, 65.79, 65.79, 14, 11, 1, 13
2026/3/5, 16:45:00, 65.79, 65.79, 65.74, 65.74, 16, 7, 1, 15
2026/3/5, 16:50:00, 65.82, 65.83, 65.82, 65.82, 3, 3, 2, 1
2026/3/5, 16:55:00, 65.84, 65.84, 65.84, 65.84, 1, 1, 1, 0
2026/3/5, 17:00:00, 65.67, 65.67, 65.67, 65.67, 1, 1, 1, 0
2026/3/5, 17:10:00, 65.93, 65.93, 65.90, 65.90, 3, 3, 2, 1
2026/3/5, 17:15:00, 65.78, 65.78, 65.78, 65.78, 1, 1, 1, 0
2026/3/5, 17:20:00, 65.97, 65.97, 65.97, 65.97, 1, 1, 0, 1
2026/3/5, 17:25:00, 65.99, 65.99, 65.98, 65.98, 2, 2, 2, 0
2026/3/5, 17:35:00, 65.87, 65.87, 65.66, 65.80, 3, 3, 1, 2
2026/3/5, 17:45:00, 65.98, 65.98, 65.98, 65.98, 3, 3, 0, 3
2026/3/5, 17:50:00, 66.09, 66.09, 66.09, 66.09, 1, 1, 1, 0
2026/3/5, 17:55:00, 66.08, 66.08, 66.06, 66.06, 4, 4, 2, 2
2026/3/5, 18:15:00, 66.13, 66.13, 66.13, 66.13, 1, 1, 1, 0
2026/3/5, 18:25:00, 66.13, 66.13, 66.13, 66.13, 1, 1, 1, 0
2026/3/5, 18:35:00, 66.21, 66.22, 66.20, 66.22, 3, 3, 3, 0
2026/3/5, 18:40:00, 66.18, 66.18, 66.18, 66.18, 1, 1, 1, 0
2026/3/5, 18:45:00, 66.08, 66.20, 66.08, 66.19, 22, 20, 6, 16
2026/3/5, 18:50:00, 66.21, 66.21, 66.13, 66.13, 2, 2, 1, 1
2026/3/5, 19:00:00, 66.09, 66.09, 66.06, 66.06, 7, 4, 6, 1
2026/3/5, 19:10:00, 66.22, 66.22, 66.22, 66.22, 1, 1, 1, 0
2026/3/5, 19:20:00, 66.06, 66.10, 66.06, 66.10, 3, 3, 1, 2
2026/3/5, 19:25:00, 66.10, 66.10, 65.96, 65.99, 30, 26, 6, 24
2026/3/5, 19:30:00, 65.95, 65.95, 65.84, 65.84, 2, 2, 1, 1
2026/3/5, 19:40:00, 65.84, 65.84, 65.84, 65.84, 1, 1, 0, 1
2026/3/5, 19:45:00, 65.87, 65.87, 65.87, 65.87, 1, 1, 1, 0
2026/3/5, 20:05:00, 66.00, 66.00, 66.00, 66.00, 1, 1, 1, 0
2026/3/5, 20:10:00, 65.71, 65.71, 65.70, 65.70, 2, 2, 1, 1
2026/3/5, 20:25:00, 65.71, 65.71, 65.71, 65.71, 1, 1, 1, 0
2026/3/5, 20:35:00, 65.98, 65.98, 65.97, 65.97, 2, 2, 2, 0
2026/3/5, 20:45:00, 65.88, 65.88, 65.88, 65.88, 1, 1, 1, 0
2026/3/5, 23:40:00, 66.06, 66.06, 66.05, 66.05, 2, 2, 0, 2
2026/3/5, 23:45:00, 66.00, 66.05, 66.00, 66.05, 3, 3, 0, 3
2026/3/6, 02:00:00, 65.90, 65.90, 65.87, 65.87, 4, 4, 3, 1
2026/3/6, 02:45:00, 65.97, 65.97, 65.97, 65.97, 1, 1, 1, 0
2026/3/6, 02:50:00, 66.03, 66.03, 66.03, 66.03, 1, 1, 1, 0
2026/3/6, 02:55:00, 66.03, 66.03, 66.03, 66.03, 1, 1, 1, 0
2026/3/6, 03:05:00, 66.04, 66.04, 65.95, 65.95, 3, 3, 2, 1
2026/3/6, 04:50:00, 65.95, 65.99, 65.94, 65.99, 3, 3, 0, 3
2026/3/6, 05:05:00, 66.01, 66.01, 66.01, 66.01, 7, 6, 0, 7
2026/3/6, 05:10:00, 66.01, 66.01, 66.01, 66.01, 1, 1, 0, 1
2026/3/6, 07:45:00, 66.02, 66.02, 66.02, 66.02, 1, 1, 1, 0
2026/3/6, 07:55:00, 66.23, 66.23, 66.23, 66.23, 1, 1, 1, 0
2026/3/6, 08:05:00, 66.26, 66.26, 66.26, 66.26, 1, 1, 1, 0
2026/3/6, 08:40:00, 66.27, 66.27, 66.27, 66.27, 1, 1, 1, 0
2026/3/6, 09:15:00, 66.44, 66.44, 66.44, 66.44, 1, 1, 1, 0
2026/3/6, 09:30:00, 66.74, 66.74, 66.74, 66.74, 1, 1, 1, 0
2026/3/6, 09:35:00, 66.81, 66.86, 66.81, 66.86, 7, 7, 5, 2
2026/3/6, 09:40:00, 66.81, 66.87, 66.81, 66.87, 5, 5, 2, 3
2026/3/6, 09:50:00, 67.03, 67.14, 67.03, 67.14, 2, 2, 2, 0
2026/3/6, 10:00:00, 67.05, 67.05, 67.05, 67.05, 1, 1, 1, 0
2026/3/6, 10:05:00, 66.88, 66.88, 66.88, 66.88, 2, 2, 2, 0
2026/3/6, 10:25:00, 67.01, 67.01, 67.01, 67.01, 2, 1, 2, 0
2026/3/6, 10:50:00, 67.01, 67.06, 67.01, 67.06, 27, 27, 1, 26
2026/3/6, 10:55:00, 67.09, 67.09, 67.06, 67.06, 2, 2, 0, 2
2026/3/6, 11:00:00, 67.09, 67.17, 67.09, 67.17, 2, 2, 0, 2
2026/3/6, 11:05:00, 67.51, 67.51, 67.51, 67.51, 1, 1, 1, 0
2026/3/6, 11:20:00, 67.45, 67.49, 67.45, 67.49, 29, 14, 3, 26
2026/3/6, 11:30:00, 67.63, 67.63, 67.63, 67.63, 1, 1, 1, 0
2026/3/6, 12:05:00, 67.37, 67.37, 67.36, 67.36, 2, 2, 2, 0
2026/3/6, 12:35:00, 67.70, 67.70, 67.70, 67.70, 1, 1, 1, 0
2026/3/6, 13:05:00, 67.09, 67.09, 67.09, 67.09, 1, 1, 0, 1
2026/3/6, 13:10:00, 67.11, 67.11, 67.11, 67.11, 1, 1, 0, 1
2026/3/6, 13:15:00, 67.66, 67.66, 67.66, 67.66, 1, 1, 1, 0
2026/3/6, 13:20:00, 67.58, 67.62, 67.58, 67.62, 3, 3, 0, 3
2026/3/6, 13:25:00, 67.63, 67.63, 67.63, 67.63, 1, 1, 1, 0
2026/3/6, 13:45:00, 67.72, 67.72, 67.72, 67.72, 1, 1, 1, 0
2026/3/6, 13:50:00, 67.84, 67.99, 67.84, 67.99, 2, 2, 2, 0
2026/3/6, 14:00:00, 67.64, 67.64, 67.64, 67.64, 1, 1, 1, 0
2026/3/6, 14:25:00, 67.81, 67.81, 67.81, 67.81, 1, 1, 1, 0
2026/3/6, 14:30:00, 67.57, 67.57, 67.56, 67.56, 3, 3, 2, 1
2026/3/6, 14:45:00, 67.55, 67.66, 67.55, 67.62, 9, 9, 3, 6
2026/3/6, 14:50:00, 67.62, 67.62, 67.51, 67.51, 82, 62, 7, 75
2026/3/6, 14:55:00, 67.66, 67.66, 67.66, 67.66, 1, 1, 1, 0
2026/3/6, 15:00:00, 67.35, 67.42, 67.35, 67.42, 2, 2, 1, 1
2026/3/6, 15:05:00, 67.37, 67.37, 67.37, 67.37, 1, 1, 1, 0
2026/3/6, 15:40:00, 67.41, 67.41, 67.41, 67.41, 2, 2, 1, 1
2026/3/6, 15:45:00, 67.50, 67.50, 67.50, 67.50, 1, 1, 1, 0
2026/3/6, 15:55:00, 67.16, 67.16, 67.16, 67.16, 1, 1, 0, 1
2026/3/6, 16:00:00, 67.11, 67.11, 67.04, 67.04, 3, 3, 1, 2
2026/3/6, 16:05:00, 66.97, 66.97, 66.96, 66.96, 2, 2, 2, 0
2026/3/6, 16:15:00, 66.88, 66.88, 66.78, 66.78, 2, 2, 2, 0
2026/3/6, 16:20:00, 66.73, 66.74, 66.72, 66.74, 3, 3, 3, 0
2026/3/6, 16:25:00, 66.79, 66.85, 66.79, 66.85, 2, 2, 2, 0
2026/3/6, 16:30:00, 67.00, 67.05, 66.98, 66.98, 33, 29, 33, 0
2026/3/6, 16:35:00, 66.98, 66.98, 66.96, 66.96, 4, 4, 4, 0
2026/3/6, 16:40:00, 67.04, 67.04, 67.04, 67.04, 1, 1, 0, 1
2026/3/6, 16:45:00, 67.00, 67.00, 67.00, 67.00, 1, 1, 0, 1
2026/3/6, 16:55:00, 67.01, 67.03, 67.01, 67.03, 2, 2, 1, 1
2026/3/6, 17:10:00, 66.93, 66.98, 66.93, 66.98, 6, 4, 1, 5
2026/3/6, 17:15:00, 67.02, 67.02, 66.98, 67.02, 4, 3, 2, 2
2026/3/6, 17:20:00, 66.88, 66.88, 66.88, 66.88, 1, 1, 1, 0
2026/3/6, 17:25:00, 67.26, 67.26, 67.17, 67.17, 5, 3, 1, 4
2026/3/6, 17:30:00, 67.17, 67.26, 67.17, 67.22, 6, 6, 4, 2
2026/3/6, 17:40:00, 67.04, 67.36, 67.04, 67.36, 17, 9, 6, 11
2026/3/6, 17:45:00, 67.10, 67.10, 67.10, 67.10, 1, 1, 1, 0
2026/3/6, 17:50:00, 67.12, 67.12, 67.12, 67.12, 2, 2, 2, 0
2026/3/6, 18:05:00, 66.98, 66.98, 66.98, 66.98, 1, 1, 1, 0
2026/3/6, 18:25:00, 67.07, 67.07, 66.94, 66.94, 2, 2, 0, 2
2026/3/6, 18:55:00, 67.14, 67.14, 67.10, 67.10, 13, 4, 13, 0
2026/3/6, 19:00:00, 67.18, 67.18, 67.07, 67.07, 2, 2, 0, 2
2026/3/6, 19:05:00, 66.92, 66.98, 66.86, 66.95, 11, 11, 3, 8
2026/3/6, 19:10:00, 67.06, 67.15, 67.06, 67.12, 4, 4, 3, 1
2026/3/6, 19:15:00, 67.25, 67.41, 67.25, 67.33, 8, 8, 3, 5
2026/3/6, 19:20:00, 67.34, 67.48, 67.34, 67.45, 8, 8, 1, 7
2026/3/6, 19:25:00, 67.66, 67.70, 67.32, 67.68, 22, 21, 11, 11
2026/3/6, 19:40:00, 67.65, 67.65, 67.65, 67.65, 2, 2, 0, 2
2026/3/6, 19:45:00, 67.63, 67.63, 67.63, 67.63, 1, 1, 0, 1
2026/3/6, 19:50:00, 67.60, 67.60, 67.60, 67.60, 1, 1, 0, 1
2026/3/6, 19:55:00, 67.57, 67.57, 67.57, 67.57, 1, 1, 1, 0
2026/3/6, 20:15:00, 67.51, 67.51, 67.51, 67.51, 5, 1, 5, 0
2026/3/6, 20:20:00, 67.54, 67.54, 67.46, 67.46, 3, 3, 2, 1
2026/3/6, 20:25:00, 67.50, 67.50, 67.44, 67.44, 5, 3, 0, 5
2026/3/6, 21:25:00, 67.41, 67.51, 67.41, 67.50, 50, 36, 8, 42
2026/3/6, 21:30:00, 67.45, 67.45, 67.45, 67.45, 10, 8, 1, 9
2026/3/6, 21:45:00, 67.50, 67.50, 67.50, 67.50, 1, 1, 1, 0
2026/3/8, 22:00:00, 68.50, 68.50, 68.50, 68.50, 1, 1, 0, 1
2026/3/8, 22:15:00, 71.91, 72.12, 71.91, 72.12, 4, 4, 0, 4
2026/3/8, 22:20:00, 71.28, 71.28, 71.28, 71.28, 2, 2, 0, 2
2026/3/8, 22:40:00, 71.92, 71.92, 71.92, 71.92, 1, 1, 0, 1
2026/3/8, 22:50:00, 71.63, 71.63, 71.63, 71.63, 3, 1, 0, 3
2026/3/8, 23:15:00, 71.43, 71.43, 71.34, 71.34, 2, 2, 0, 2
2026/3/9, 00:40:00, 71.30, 71.30, 71.30, 71.30, 1, 1, 0, 1
2026/3/9, 00:55:00, 71.01, 71.01, 71.01, 71.01, 2, 2, 2, 0
2026/3/9, 01:25:00, 71.20, 71.21, 71.14, 71.14, 3, 3, 1, 2
2026/3/9, 01:30:00, 71.06, 71.06, 71.06, 71.06, 1, 1, 1, 0
2026/3/9, 01:50:00, 71.59, 71.73, 71.59, 71.73, 2, 2, 2, 0
2026/3/9, 01:55:00, 71.78, 71.78, 71.78, 71.78, 1, 1, 1, 0
2026/3/9, 02:00:00, 71.89, 71.89, 71.75, 71.75, 4, 4, 3, 1
2026/3/9, 02:30:00, 73.11, 73.11, 73.11, 73.11, 1, 1, 0, 1
2026/3/9, 02:50:00, 72.50, 72.50, 71.96, 71.96, 3, 3, 0, 3
2026/3/9, 03:15:00, 72.48, 72.48, 72.48, 72.48, 1, 1, 1, 0
2026/3/9, 04:25:00, 73.04, 73.04, 73.04, 73.04, 1, 1, 0, 1
2026/3/9, 04:40:00, 73.15, 73.15, 73.15, 73.15, 2, 2, 1, 1
2026/3/9, 05:25:00, 70.93, 70.93, 70.52, 70.52, 3, 3, 1, 2
2026/3/9, 05:35:00, 70.45, 70.45, 70.45, 70.45, 1, 1, 1, 0
2026/3/9, 06:25:00, 71.30, 71.30, 71.30, 71.30, 2, 2, 2, 0
2026/3/9, 06:45:00, 70.87, 70.87, 70.87, 70.87, 1, 1, 0, 1
2026/3/9, 06:55:00, 70.86, 70.86, 70.85, 70.85, 2, 2, 1, 1
2026/3/9, 07:10:00, 70.54, 70.54, 70.54, 70.54, 2, 2, 0, 2
2026/3/9, 07:25:00, 69.95, 69.95, 69.95, 69.95, 1, 1, 1, 0
2026/3/9, 07:30:00, 70.02, 70.02, 70.02, 70.02, 1, 1, 0, 1
2026/3/9, 07:50:00, 70.21, 70.21, 70.21, 70.21, 1, 1, 0, 1
2026/3/9, 08:00:00, 69.73, 69.73, 69.73, 69.73, 1, 1, 0, 1
2026/3/9, 08:20:00, 69.86, 70.02, 69.86, 70.02, 2, 2, 2, 0
2026/3/9, 08:25:00, 71.47, 71.47, 71.47, 71.47, 1, 1, 0, 1
2026/3/9, 08:40:00, 71.05, 71.05, 71.05, 71.05, 1, 1, 1, 0
2026/3/9, 08:45:00, 71.04, 71.31, 70.87, 70.90, 7, 7, 6, 1
2026/3/9, 09:05:00, 71.58, 71.58, 71.58, 71.58, 1, 1, 1, 0
2026/3/9, 09:30:00, 70.53, 70.53, 70.40, 70.40, 5, 4, 3, 2
2026/3/9, 11:00:00, 69.81, 69.81, 69.81, 69.81, 1, 1, 1, 0
2026/3/9, 11:35:00, 69.75, 69.75, 69.71, 69.71, 2, 2, 2, 0
2026/3/9, 12:00:00, 69.35, 69.35, 69.35, 69.35, 1, 1, 0, 1
2026/3/9, 12:40:00, 69.68, 69.68, 69.68, 69.68, 2, 2, 0, 2
2026/3/9, 13:00:00, 69.31, 69.42, 69.31, 69.42, 4, 4, 1, 3
2026/3/9, 13:05:00, 69.41, 69.41, 69.41, 69.41, 1, 1, 0, 1
2026/3/9, 13:10:00, 69.31, 69.47, 69.31, 69.40, 4, 4, 0, 4
2026/3/9, 13:15:00, 69.52, 69.52, 69.52, 69.52, 1, 1, 1, 0
2026/3/9, 13:25:00, 69.24, 69.24, 69.23, 69.23, 19, 16, 0, 19
2026/3/9, 13:30:00, 68.99, 69.02, 68.98, 69.02, 3, 3, 1, 2
2026/3/9, 13:35:00, 68.96, 68.96, 68.96, 68.96, 1, 1, 0, 1
2026/3/9, 13:45:00, 68.58, 68.78, 68.58, 68.75, 3, 3, 0, 3
2026/3/9, 13:50:00, 69.13, 69.13, 69.13, 69.13, 1, 1, 0, 1
2026/3/9, 14:05:00, 69.39, 69.95, 69.39, 69.95, 2, 2, 1, 1
2026/3/9, 14:10:00, 69.84, 69.95, 69.84, 69.95, 2, 2, 2, 0
2026/3/9, 14:35:00, 68.73, 68.74, 68.67, 68.67, 6, 6, 6, 0
2026/3/9, 14:40:00, 68.78, 68.78, 68.69, 68.73, 5, 5, 5, 0
2026/3/9, 14:45:00, 68.80, 68.80, 68.80, 68.80, 2, 2, 0, 2
2026/3/9, 15:00:00, 69.00, 69.00, 69.00, 69.00, 1, 1, 1, 0
2026/3/9, 15:05:00, 68.54, 68.54, 68.54, 68.54, 1, 1, 1, 0
2026/3/9, 15:10:00, 68.35, 68.35, 68.35, 68.35, 1, 1, 1, 0
2026/3/9, 15:20:00, 68.34, 68.34, 67.78, 67.78, 5, 5, 2, 3
2026/3/9, 15:25:00, 67.55, 67.55, 67.55, 67.55, 1, 1, 0, 1
2026/3/9, 15:30:00, 67.51, 67.75, 67.26, 67.75, 8, 8, 3, 5
2026/3/9, 15:40:00, 68.30, 68.30, 68.30, 68.30, 1, 1, 1, 0
2026/3/9, 15:45:00, 68.28, 68.31, 68.22, 68.22, 4, 3, 2, 2
2026/3/9, 15:50:00, 68.10, 68.10, 68.10, 68.10, 1, 1, 0, 1
2026/3/9, 16:00:00, 67.97, 68.14, 67.97, 68.14, 2, 2, 0, 2
2026/3/9, 16:15:00, 68.07, 68.23, 68.07, 68.23, 3, 3, 0, 3
2026/3/9, 16:20:00, 68.34, 68.34, 68.34, 68.34, 1, 1, 0, 1
2026/3/9, 16:25:00, 67.73, 67.99, 67.73, 67.99, 15, 10, 4, 11
2026/3/9, 16:40:00, 67.90, 67.90, 67.90, 67.90, 55, 39, 55, 0
2026/3/9, 16:50:00, 67.78, 68.00, 67.78, 68.00, 3, 3, 1, 2
2026/3/9, 16:55:00, 68.22, 68.22, 68.22, 68.22, 2, 2, 2, 0
2026/3/9, 17:05:00, 68.57, 68.60, 68.54, 68.54, 27, 20, 25, 2
2026/3/9, 17:15:00, 68.54, 68.67, 68.54, 68.67, 2, 2, 0, 2
2026/3/9, 17:20:00, 68.59, 68.59, 68.59, 68.59, 1, 1, 0, 1
2026/3/9, 17:30:00, 68.20, 68.20, 68.16, 68.16, 3, 3, 0, 3
2026/3/9, 18:10:00, 68.82, 68.82, 68.53, 68.53, 36, 25, 34, 2
2026/3/9, 18:15:00, 68.71, 68.71, 68.71, 68.71, 1, 1, 1, 0
2026/3/9, 18:20:00, 68.72, 68.92, 68.72, 68.92, 2, 2, 2, 0
2026/3/9, 18:25:00, 69.09, 69.30, 69.03, 69.21, 26, 26, 6, 20
2026/3/9, 18:30:00, 69.17, 69.17, 69.17, 69.17, 1, 1, 1, 0
2026/3/9, 18:35:00, 69.04, 69.39, 69.04, 69.39, 7, 7, 6, 1
2026/3/9, 18:40:00, 69.37, 69.37, 69.37, 69.37, 1, 1, 1, 0
2026/3/9, 18:45:00, 69.40, 69.45, 69.40, 69.45, 21, 12, 19, 2
2026/3/9, 18:50:00, 69.40, 69.40, 69.40, 69.40, 22, 10, 22, 0
2026/3/9, 18:55:00, 69.36, 69.39, 69.36, 69.39, 3, 3, 0, 3
2026/3/9, 19:10:00, 69.02, 69.02, 69.02, 69.02, 1, 1, 0, 1
2026/3/9, 19:15:00, 68.75, 68.75, 68.51, 68.51, 3, 3, 3, 0
2026/3/9, 19:20:00, 68.57, 68.57, 67.63, 67.95, 7, 7, 4, 3
2026/3/9, 19:25:00, 67.60, 67.60, 66.99, 66.99, 3, 2, 2, 1
2026/3/9, 19:35:00, 65.94, 66.44, 65.94, 66.44, 8, 7, 6, 2
2026/3/9, 19:40:00, 68.54, 68.74, 68.54, 68.74, 2, 2, 2, 0
2026/3/9, 19:45:00, 67.10, 67.10, 67.10, 67.10, 1, 1, 1, 0
2026/3/9, 19:50:00, 67.17, 67.17, 66.55, 66.55, 2, 2, 0, 2
2026/3/9, 19:55:00, 67.40, 67.40, 67.04, 67.04, 3, 3, 0, 3
2026/3/9, 20:05:00, 67.88, 67.88, 67.88, 67.88, 1, 1, 1, 0
2026/3/9, 20:10:00, 67.71, 67.86, 67.71, 67.86, 7, 7, 0, 7
2026/3/9, 20:15:00, 67.90, 68.94, 67.90, 68.94, 2, 2, 0, 2
2026/3/9, 20:20:00, 68.75, 68.92, 68.54, 68.54, 4, 4, 0, 4
2026/3/9, 20:45:00, 67.11, 67.11, 66.95, 66.95, 2, 2, 0, 2
2026/3/9, 20:55:00, 67.35, 67.36, 67.29, 67.29, 7, 6, 0, 7
2026/3/10, 00:25:00, 67.79, 67.79, 67.79, 67.79, 1, 1, 1, 0
2026/3/10, 00:30:00, 67.97, 67.97, 67.97, 67.97, 1, 1, 1, 0
2026/3/10, 01:20:00, 67.37, 67.37, 67.37, 67.37, 1, 1, 0, 1
2026/3/10, 01:25:00, 67.40, 67.40, 67.40, 67.40, 1, 1, 1, 0
2026/3/10, 02:20:00, 67.37, 67.37, 67.37, 67.37, 1, 1, 0, 1
2026/3/10, 02:35:00, 67.64, 67.64, 67.64, 67.64, 20, 14, 1, 19
2026/3/10, 03:00:00, 67.91, 67.94, 67.61, 67.61, 3, 3, 0, 3
2026/3/10, 03:05:00, 67.23, 67.23, 67.23, 67.23, 1, 1, 0, 1
2026/3/10, 03:10:00, 67.25, 67.25, 67.25, 67.25, 1, 1, 0, 1
2026/3/10, 03:15:00, 67.32, 67.33, 67.32, 67.33, 2, 2, 0, 2
2026/3/10, 03:20:00, 67.46, 67.64, 67.46, 67.64, 3, 3, 0, 3
2026/3/10, 03:25:00, 67.90, 67.90, 67.90, 67.90, 1, 1, 0, 1
2026/3/10, 03:30:00, 67.69, 67.69, 67.69, 67.69, 1, 1, 0, 1
2026/3/10, 03:45:00, 67.87, 67.87, 67.77, 67.81, 3, 3, 2, 1
2026/3/10, 04:20:00, 67.76, 67.76, 67.64, 67.64, 2, 2, 0, 2
2026/3/10, 04:35:00, 67.71, 67.71, 67.71, 67.71, 1, 1, 0, 1
2026/3/10, 04:50:00, 67.96, 67.96, 67.94, 67.94, 3, 3, 2, 1
2026/3/10, 04:55:00, 67.90, 67.90, 67.90, 67.90, 1, 1, 0, 1
2026/3/10, 05:20:00, 66.99, 66.99, 66.99, 66.99, 1, 1, 0, 1
2026/3/10, 06:00:00, 67.52, 67.52, 67.52, 67.52, 1, 1, 0, 1
2026/3/10, 06:25:00, 67.80, 67.80, 67.80, 67.80, 1, 1, 0, 1
2026/3/10, 06:50:00, 67.49, 67.49, 67.49, 67.49, 1, 1, 0, 1
2026/3/10, 07:40:00, 67.08, 67.08, 67.08, 67.08, 1, 1, 1, 0
2026/3/10, 07:45:00, 67.02, 67.02, 67.02, 67.02, 1, 1, 1, 0
2026/3/10, 07:55:00, 67.14, 67.14, 67.14, 67.14, 1, 1, 1, 0
2026/3/10, 08:00:00, 67.23, 67.23, 67.23, 67.23, 1, 1, 1, 0
2026/3/10, 08:35:00, 68.12, 68.12, 68.09, 68.09, 3, 3, 2, 1
2026/3/10, 08:45:00, 67.75, 67.78, 67.75, 67.78, 2, 2, 1, 1
2026/3/10, 09:10:00, 67.91, 67.98, 67.91, 67.98, 3, 3, 3, 0
2026/3/10, 09:15:00, 67.85, 67.85, 67.62, 67.64, 11, 11, 6, 5
2026/3/10, 09:20:00, 67.66, 67.66, 67.66, 67.66, 1, 1, 1, 0
2026/3/10, 09:25:00, 68.05, 68.05, 68.05, 68.05, 1, 1, 1, 0
2026/3/10, 09:35:00, 67.73, 67.73, 67.73, 67.73, 2, 2, 2, 0
2026/3/10, 09:45:00, 67.94, 67.96, 67.91, 67.92, 6, 6, 6, 0
2026/3/10, 09:50:00, 67.86, 67.92, 67.86, 67.92, 2, 2, 2, 0
2026/3/10, 10:00:00, 67.92, 67.92, 67.92, 67.92, 1, 1, 0, 1
2026/3/10, 10:15:00, 68.19, 68.19, 68.16, 68.16, 2, 2, 2, 0
2026/3/10, 10:20:00, 68.05, 68.05, 67.98, 67.98, 2, 2, 2, 0
2026/3/10, 10:25:00, 68.05, 68.05, 68.05, 68.05, 1, 1, 1, 0
2026/3/10, 10:30:00, 68.55, 68.55, 68.55, 68.55, 1, 1, 1, 0
2026/3/10, 10:35:00, 68.75, 68.96, 68.75, 68.92, 5, 5, 5, 0
2026/3/10, 10:55:00, 68.34, 68.34, 68.32, 68.32, 6, 3, 6, 0
2026/3/10, 11:00:00, 67.80, 67.80, 67.79, 67.79, 3, 3, 3, 0
2026/3/10, 11:40:00, 68.15, 68.15, 68.15, 68.15, 1, 1, 1, 0
2026/3/10, 11:45:00, 68.17, 68.17, 68.17, 68.17, 1, 1, 0, 1
2026/3/10, 13:05:00, 68.37, 68.37, 68.37, 68.37, 1, 1, 1, 0
2026/3/10, 13:10:00, 68.40, 68.40, 68.40, 68.40, 1, 1, 1, 0
2026/3/10, 13:20:00, 68.42, 68.42, 68.42, 68.42, 10, 9, 10, 0
2026/3/10, 13:25:00, 68.29, 68.29, 68.27, 68.27, 2, 2, 2, 0
2026/3/10, 13:30:00, 68.00, 68.00, 68.00, 68.00, 1, 1, 0, 1
2026/3/10, 13:45:00, 68.40, 68.40, 68.40, 68.40, 2, 2, 1, 1
2026/3/10, 14:30:00, 68.00, 68.00, 68.00, 68.00, 1, 1, 0, 1
2026/3/10, 14:40:00, 67.63, 67.63, 67.60, 67.60, 2, 2, 0, 2
2026/3/10, 14:45:00, 67.54, 67.59, 67.54, 67.54, 5, 5, 0, 5
2026/3/10, 14:50:00, 67.26, 67.27, 67.26, 67.27, 2, 2, 0, 2
2026/3/10, 15:30:00, 67.48, 67.48, 67.48, 67.48, 1, 1, 1, 0
2026/3/10, 15:45:00, 67.74, 67.74, 67.74, 67.74, 1, 1, 0, 1
2026/3/10, 15:50:00, 67.75, 67.75, 67.75, 67.75, 1, 1, 0, 1
2026/3/10, 16:05:00, 68.04, 68.04, 68.04, 68.04, 1, 1, 0, 1
2026/3/10, 16:30:00, 67.86, 67.86, 67.71, 67.86, 3, 3, 3, 0
2026/3/10, 16:35:00, 67.75, 67.75, 67.75, 67.75, 1, 1, 1, 0
2026/3/10, 16:50:00, 67.52, 67.56, 67.23, 67.23, 3, 3, 2, 1
2026/3/10, 16:55:00, 67.34, 67.34, 67.27, 67.27, 7, 5, 6, 1
2026/3/10, 17:00:00, 67.07, 67.14, 66.74, 66.75, 15, 13, 5, 10
2026/3/10, 17:10:00, 67.02, 67.02, 67.02, 67.02, 1, 1, 0, 1
2026/3/10, 17:20:00, 66.44, 66.44, 66.44, 66.44, 1, 1, 0, 1
2026/3/10, 17:25:00, 66.34, 66.34, 66.34, 66.34, 1, 1, 0, 1
2026/3/10, 17:30:00, 66.92, 66.92, 66.92, 66.92, 1, 1, 0, 1
2026/3/10, 17:35:00, 67.03, 67.10, 66.86, 67.10, 3, 3, 0, 3
2026/3/10, 18:10:00, 67.05, 67.05, 67.05, 67.05, 1, 1, 0, 1
2026/3/10, 18:15:00, 68.28, 68.28, 68.28, 68.28, 1, 1, 0, 1
2026/3/10, 18:25:00, 67.82, 67.95, 67.67, 67.86, 31, 26, 29, 2
2026/3/10, 18:30:00, 67.84, 67.85, 67.57, 67.57, 6, 6, 2, 4
2026/3/10, 18:35:00, 67.89, 67.93, 67.89, 67.93, 2, 2, 1, 1
2026/3/10, 18:40:00, 67.83, 67.83, 67.83, 67.83, 1, 1, 0, 1
2026/3/10, 18:55:00, 67.67, 67.67, 67.67, 67.67, 1, 1, 0, 1
2026/3/10, 19:40:00, 68.72, 68.72, 68.72, 68.72, 1, 1, 0, 1
2026/3/10, 22:10:00, 68.63, 68.63, 68.63, 68.63, 1, 1, 0, 1
2026/3/11, 00:45:00, 67.93, 67.93, 67.93, 67.93, 1, 1, 1, 0
2026/3/11, 01:15:00, 67.94, 67.94, 67.94, 67.94, 1, 1, 1, 0
2026/3/11, 01:25:00, 67.95, 67.95, 67.95, 67.95, 1, 1, 1, 0
2026/3/11, 01:30:00, 68.11, 68.11, 68.11, 68.11, 1, 1, 0, 1
2026/3/11, 01:35:00, 67.88, 67.97, 67.88, 67.95, 3, 3, 3, 0
2026/3/11, 01:45:00, 68.13, 68.13, 68.13, 68.13, 1, 1, 0, 1
2026/3/11, 01:50:00, 68.12, 68.12, 68.12, 68.12, 1, 1, 1, 0
2026/3/11, 01:55:00, 68.16, 68.16, 68.16, 68.16, 1, 1, 1, 0
2026/3/11, 02:50:00, 68.61, 68.61, 68.61, 68.61, 1, 1, 1, 0
2026/3/11, 02:55:00, 68.51, 68.51, 68.51, 68.51, 1, 1, 1, 0
2026/3/11, 03:05:00, 68.66, 68.66, 68.66, 68.66, 1, 1, 1, 0
2026/3/11, 03:15:00, 68.68, 68.68, 68.54, 68.54, 3, 3, 2, 1
2026/3/11, 03:20:00, 68.46, 68.46, 68.46, 68.46, 1, 1, 0, 1
2026/3/11, 03:30:00, 68.46, 68.50, 68.46, 68.50, 2, 2, 2, 0
2026/3/11, 04:00:00, 68.17, 68.17, 68.17, 68.17, 1, 1, 1, 0
2026/3/11, 04:10:00, 68.46, 68.46, 68.46, 68.46, 1, 1, 1, 0
2026/3/11, 04:15:00, 68.54, 68.54, 68.54, 68.54, 1, 1, 1, 0
2026/3/11, 04:20:00, 68.42, 68.42, 68.42, 68.42, 1, 1, 1, 0
2026/3/11, 04:40:00, 68.35, 68.35, 68.35, 68.35, 1, 1, 1, 0
2026/3/11, 05:05:00, 68.46, 68.46, 68.46, 68.46, 1, 1, 0, 1
2026/3/11, 05:30:00, 68.52, 68.52, 68.52, 68.52, 1, 1, 1, 0
2026/3/11, 05:40:00, 69.06, 69.06, 69.06, 69.06, 1, 1, 0, 1
2026/3/11, 05:45:00, 69.02, 69.02, 68.93, 68.93, 3, 3, 3, 0
2026/3/11, 06:50:00, 68.64, 68.64, 68.64, 68.64, 1, 1, 1, 0
2026/3/11, 07:10:00, 68.50, 68.50, 68.50, 68.50, 1, 1, 0, 1
2026/3/11, 07:15:00, 68.39, 68.39, 68.37, 68.37, 4, 4, 0, 4
2026/3/11, 07:20:00, 68.38, 68.44, 68.38, 68.44, 7, 4, 0, 7
2026/3/11, 07:25:00, 68.61, 68.61, 68.61, 68.61, 3, 2, 0, 3
2026/3/11, 07:35:00, 68.87, 68.87, 68.87, 68.87, 2, 2, 2, 0
2026/3/11, 08:35:00, 68.86, 68.86, 68.86, 68.86, 1, 1, 1, 0
2026/3/11, 09:00:00, 69.23, 69.23, 69.23, 69.23, 1, 1, 0, 1
2026/3/11, 10:00:00, 68.92, 68.93, 68.92, 68.93, 2, 2, 2, 0
2026/3/11, 10:05:00, 68.93, 68.93, 68.85, 68.85, 16, 6, 0, 16
2026/3/11, 10:10:00, 68.71, 68.71, 68.71, 68.71, 1, 1, 1, 0
2026/3/11, 10:20:00, 69.01, 69.01, 69.01, 69.01, 1, 1, 0, 1
2026/3/11, 10:35:00, 68.70, 68.70, 68.70, 68.70, 1, 1, 1, 0
2026/3/11, 10:40:00, 68.65, 68.65, 68.65, 68.65, 1, 1, 1, 0
2026/3/11, 10:50:00, 68.34, 68.34, 68.34, 68.34, 1, 1, 1, 0
2026/3/11, 11:15:00, 68.35, 68.35, 68.35, 68.35, 1, 1, 0, 1
2026/3/11, 11:25:00, 68.45, 68.45, 68.45, 68.45, 1, 1, 0, 1
2026/3/11, 11:35:00, 68.57, 68.57, 68.57, 68.57, 1, 1, 1, 0
2026/3/11, 11:50:00, 68.96, 68.96, 68.96, 68.96, 2, 1, 2, 0
2026/3/11, 11:55:00, 68.94, 68.94, 68.94, 68.94, 1, 1, 0, 1
2026/3/11, 12:15:00, 68.81, 68.81, 68.81, 68.81, 1, 1, 0, 1
2026/3/11, 12:20:00, 68.81, 68.81, 68.81, 68.81, 2, 2, 0, 2
2026/3/11, 12:35:00, 68.87, 68.87, 68.87, 68.87, 1, 1, 0, 1
2026/3/11, 12:45:00, 68.93, 68.93, 68.93, 68.93, 1, 1, 0, 1
2026/3/11, 13:15:00, 68.46, 68.71, 68.46, 68.71, 2, 2, 2, 0
2026/3/11, 13:30:00, 68.54, 68.54, 68.54, 68.54, 1, 1, 1, 0
2026/3/11, 14:00:00, 68.06, 68.13, 67.78, 68.10, 9, 9, 1, 8
2026/3/11, 14:15:00, 68.32, 68.32, 68.32, 68.32, 1, 1, 0, 1
2026/3/11, 14:25:00, 68.40, 68.40, 68.40, 68.40, 1, 1, 1, 0
2026/3/11, 14:30:00, 68.52, 68.52, 68.52, 68.52, 1, 1, 1, 0
2026/3/11, 14:35:00, 68.52, 68.52, 68.49, 68.49, 2, 2, 2, 0
2026/3/11, 14:40:00, 68.39, 68.39, 68.39, 68.39, 1, 1, 1, 0
2026/3/11, 14:45:00, 68.52, 68.60, 68.49, 68.60, 3, 3, 3, 0
2026/3/11, 15:00:00, 68.89, 68.89, 68.89, 68.89, 1, 1, 1, 0
2026/3/11, 15:05:00, 68.89, 68.89, 68.87, 68.87, 3, 3, 3, 0
2026/3/11, 15:25:00, 69.01, 69.01, 69.01, 69.01, 1, 1, 1, 0
2026/3/11, 15:35:00, 69.05, 69.05, 68.90, 68.90, 2, 2, 0, 2
2026/3/11, 15:45:00, 69.05, 69.05, 69.05, 69.05, 1, 1, 0, 1
2026/3/11, 15:55:00, 68.94, 68.94, 68.94, 68.94, 1, 1, 0, 1
2026/3/11, 16:10:00, 68.89, 68.89, 68.89, 68.89, 1, 1, 0, 1
2026/3/11, 16:25:00, 68.93, 68.93, 68.92, 68.92, 2, 2, 1, 1
2026/3/11, 16:30:00, 68.90, 68.90, 68.76, 68.76, 2, 2, 0, 2
2026/3/11, 17:10:00, 68.65, 68.65, 68.65, 68.65, 1, 1, 1, 0
2026/3/11, 17:15:00, 68.67, 68.76, 68.67, 68.76, 2, 2, 1, 1
2026/3/11, 17:30:00, 69.13, 69.14, 69.13, 69.14, 3, 3, 2, 1
2026/3/11, 17:35:00, 69.28, 69.28, 69.28, 69.28, 1, 1, 1, 0
2026/3/11, 18:10:00, 70.23, 70.23, 70.23, 70.23, 1, 1, 1, 0
2026/3/11, 18:15:00, 70.06, 70.21, 70.06, 70.21, 6, 6, 1, 5
2026/3/11, 18:20:00, 70.29, 70.29, 70.29, 70.29, 1, 1, 1, 0
2026/3/11, 18:25:00, 70.42, 70.43, 70.14, 70.24, 59, 45, 5, 54
2026/3/11, 18:40:00, 70.40, 70.40, 70.40, 70.40, 2, 2, 0, 2
2026/3/11, 18:45:00, 70.41, 70.41, 70.41, 70.41, 1, 1, 0, 1
2026/3/11, 18:50:00, 70.48, 70.48, 70.25, 70.25, 6, 6, 6, 0
2026/3/11, 19:40:00, 70.46, 70.46, 70.46, 70.46, 1, 1, 0, 1
2026/3/11, 19:50:00, 70.47, 70.47, 70.47, 70.47, 1, 1, 1, 0
2026/3/11, 20:00:00, 70.66, 70.66, 70.66, 70.66, 1, 1, 0, 1
2026/3/11, 20:55:00, 70.25, 70.25, 70.25, 70.25, 3, 1, 3, 0
2026/3/11, 23:35:00, 72.38, 72.38, 72.38, 72.38, 1, 1, 0, 1
2026/3/11, 23:45:00, 72.21, 72.21, 72.21, 72.21, 1, 1, 0, 1
2026/3/12, 00:25:00, 71.32, 71.32, 71.32, 71.32, 2, 1, 2, 0
2026/3/12, 00:50:00, 71.07, 71.07, 71.07, 71.07, 1, 1, 0, 1
2026/3/12, 01:15:00, 70.77, 70.77, 70.77, 70.77, 1, 1, 1, 0
2026/3/12, 02:35:00, 71.70, 71.70, 71.70, 71.70, 1, 1, 0, 1
2026/3/12, 02:55:00, 71.34, 71.34, 71.34, 71.34, 1, 1, 1, 0
2026/3/12, 06:25:00, 70.85, 70.85, 70.85, 70.85, 1, 1, 0, 1
2026/3/12, 06:45:00, 70.85, 70.85, 70.35, 70.35, 4, 4, 2, 2
2026/3/12, 07:15:00, 70.42, 70.42, 70.42, 70.42, 1, 1, 1, 0
2026/3/12, 07:45:00, 70.23, 70.23, 70.23, 70.23, 1, 1, 0, 1
2026/3/12, 07:50:00, 70.27, 70.33, 70.27, 70.33, 2, 2, 2, 0
2026/3/12, 08:35:00, 71.06, 71.18, 71.06, 71.18, 2, 2, 1, 1
2026/3/12, 08:50:00, 70.80, 70.80, 70.80, 70.80, 1, 1, 1, 0
2026/3/12, 10:05:00, 70.75, 70.75, 70.75, 70.75, 1, 1, 0, 1
2026/3/12, 10:10:00, 70.84, 70.84, 70.84, 70.84, 1, 1, 0, 1
2026/3/12, 10:15:00, 71.09, 71.09, 71.09, 71.09, 1, 1, 1, 0
2026/3/12, 10:25:00, 70.98, 70.98, 70.98, 70.98, 1, 1, 1, 0
2026/3/12, 10:30:00, 70.71, 70.90, 70.71, 70.89, 3, 3, 3, 0
2026/3/12, 10:35:00, 70.90, 70.90, 70.90, 70.90, 1, 1, 1, 0
2026/3/12, 10:45:00, 70.51, 70.51, 70.51, 70.51, 1, 1, 1, 0
2026/3/12, 11:30:00, 70.76, 70.76, 70.76, 70.76, 1, 1, 1, 0
2026/3/12, 11:55:00, 71.39, 71.42, 71.35, 71.42, 5, 5, 4, 1
2026/3/12, 12:00:00, 71.42, 71.46, 71.39, 71.39, 4, 4, 2, 2
2026/3/12, 12:05:00, 71.38, 71.53, 71.38, 71.50, 3, 3, 2, 1
2026/3/12, 12:10:00, 71.75, 71.75, 71.68, 71.68, 3, 3, 1, 2
2026/3/12, 12:15:00, 71.57, 71.70, 71.57, 71.64, 6, 6, 5, 1
2026/3/12, 12:25:00, 71.58, 71.58, 71.53, 71.53, 3, 3, 2, 1
2026/3/12, 12:45:00, 71.22, 71.22, 71.22, 71.22, 1, 1, 1, 0
2026/3/12, 12:55:00, 71.29, 71.29, 71.29, 71.29, 1, 1, 1, 0
2026/3/12, 13:20:00, 71.62, 71.62, 71.60, 71.60, 2, 2, 0, 2
2026/3/12, 13:25:00, 71.47, 71.47, 71.42, 71.43, 3, 3, 0, 3
2026/3/12, 13:30:00, 71.35, 71.35, 71.12, 71.12, 2, 2, 0, 2
2026/3/12, 13:35:00, 71.12, 71.16, 71.10, 71.14, 6, 6, 3, 3
2026/3/12, 13:40:00, 71.16, 71.16, 71.13, 71.13, 8, 8, 0, 8
2026/3/12, 14:30:00, 71.75, 71.75, 71.61, 71.61, 2, 2, 2, 0
2026/3/12, 14:35:00, 71.58, 71.68, 71.58, 71.63, 3, 3, 3, 0
2026/3/12, 14:45:00, 71.14, 71.14, 70.94, 71.02, 4, 4, 4, 0
2026/3/12, 14:50:00, 71.28, 71.28, 71.28, 71.28, 1, 1, 1, 0
2026/3/12, 14:55:00, 71.19, 71.19, 71.19, 71.19, 1, 1, 1, 0
2026/3/12, 15:00:00, 71.54, 71.54, 71.54, 71.54, 2, 2, 2, 0
2026/3/12, 15:35:00, 71.48, 71.48, 71.48, 71.48, 1, 1, 1, 0
2026/3/12, 15:40:00, 71.35, 71.35, 71.03, 71.03, 2, 2, 2, 0
2026/3/12, 15:45:00, 71.08, 71.14, 70.99, 71.05, 7, 7, 4, 3
2026/3/12, 16:00:00, 71.71, 71.79, 71.66, 71.66, 7, 7, 7, 0
2026/3/12, 16:05:00, 71.53, 71.53, 71.53, 71.53, 1, 1, 1, 0
2026/3/12, 16:10:00, 71.87, 71.87, 71.87, 71.87, 1, 1, 1, 0
2026/3/12, 16:15:00, 71.86, 71.86, 71.86, 71.86, 1, 1, 1, 0
2026/3/12, 16:25:00, 71.67, 71.74, 71.67, 71.74, 2, 2, 2, 0
2026/3/12, 16:30:00, 71.65, 71.65, 71.56, 71.56, 2, 2, 2, 0
2026/3/12, 16:35:00, 71.52, 71.52, 71.47, 71.47, 2, 2, 2, 0
2026/3/12, 16:45:00, 71.47, 71.47, 71.47, 71.47, 1, 1, 0, 1
2026/3/12, 17:05:00, 71.59, 71.61, 71.59, 71.61, 2, 2, 0, 2
2026/3/12, 17:20:00, 71.94, 71.94, 71.94, 71.94, 1, 1, 0, 1
2026/3/12, 17:25:00, 72.00, 72.00, 71.99, 71.99, 2, 2, 0, 2
2026/3/12, 17:30:00, 71.97, 71.98, 71.97, 71.98, 2, 2, 0, 2
2026/3/12, 17:40:00, 72.02, 72.07, 72.02, 72.07, 2, 2, 0, 2
2026/3/12, 17:55:00, 71.92, 71.92, 71.92, 71.92, 2, 2, 0, 2
2026/3/12, 18:00:00, 71.86, 71.86, 71.82, 71.82, 2, 2, 0, 2
2026/3/12, 18:05:00, 71.77, 71.93, 71.77, 71.93, 4, 4, 0, 4
2026/3/12, 18:10:00, 72.02, 72.02, 72.02, 72.02, 1, 1, 0, 1
2026/3/12, 18:15:00, 72.02, 72.02, 72.02, 72.02, 1, 1, 0, 1
2026/3/12, 18:20:00, 72.16, 72.22, 72.16, 72.22, 2, 2, 0, 2
2026/3/12, 18:25:00, 72.17, 72.68, 72.14, 72.68, 19, 19, 8, 11
2026/3/12, 19:20:00, 73.18, 73.20, 73.18, 73.19, 4, 3, 1, 3
2026/3/12, 19:25:00, 73.24, 73.24, 73.24, 73.24, 1, 1, 1, 0
2026/3/12, 19:35:00, 73.12, 73.12, 73.12, 73.12, 1, 1, 1, 0
2026/3/12, 20:20:00, 72.94, 72.94, 72.94, 72.94, 1, 1, 0, 1
2026/3/12, 20:30:00, 72.83, 72.83, 72.82, 72.82, 2, 2, 0, 2
2026/3/12, 23:25:00, 73.19, 73.19, 73.19, 73.19, 1, 1, 1, 0
2026/3/13, 01:00:00, 72.57, 72.68, 72.57, 72.68, 2, 2, 2, 0
2026/3/13, 01:35:00, 72.71, 72.71, 72.71, 72.71, 1, 1, 0, 1
2026/3/13, 01:40:00, 72.88, 72.88, 72.88, 72.88, 1, 1, 0, 1
2026/3/13, 01:45:00, 72.93, 72.93, 72.90, 72.90, 2, 2, 1, 1
2026/3/13, 01:50:00, 72.88, 72.96, 72.88, 72.96, 2, 2, 1, 1
2026/3/13, 01:55:00, 72.98, 72.98, 72.98, 72.98, 1, 1, 1, 0
2026/3/13, 02:35:00, 73.00, 73.00, 73.00, 73.00, 1, 1, 0, 1
2026/3/13, 02:40:00, 73.23, 73.23, 73.23, 73.23, 1, 1, 0, 1
2026/3/13, 03:40:00, 73.00, 73.00, 73.00, 73.00, 1, 1, 1, 0
2026/3/13, 03:45:00, 72.94, 72.94, 72.94, 72.94, 1, 1, 1, 0
2026/3/13, 06:45:00, 72.46, 72.58, 72.46, 72.58, 2, 2, 1, 1
2026/3/13, 07:05:00, 73.03, 73.03, 73.03, 73.03, 3, 1, 0, 3
2026/3/13, 07:10:00, 73.09, 73.11, 73.09, 73.11, 3, 3, 0, 3
2026/3/13, 07:40:00, 73.11, 73.11, 73.11, 73.11, 1, 1, 1, 0
2026/3/13, 07:45:00, 73.25, 73.25, 73.25, 73.25, 1, 1, 1, 0
2026/3/13, 07:55:00, 73.61, 73.61, 73.58, 73.58, 5, 5, 5, 0
2026/3/13, 08:10:00, 73.56, 73.56, 73.56, 73.56, 3, 1, 3, 0
2026/3/13, 08:15:00, 73.56, 73.56, 73.56, 73.56, 3, 3, 3, 0
2026/3/13, 08:30:00, 73.15, 73.15, 73.15, 73.15, 1, 1, 1, 0
2026/3/13, 09:05:00, 72.77, 72.77, 72.74, 72.74, 2, 2, 0, 2
2026/3/13, 09:15:00, 72.85, 72.85, 72.85, 72.85, 1, 1, 0, 1
2026/3/13, 09:30:00, 72.95, 72.95, 72.95, 72.95, 1, 1, 0, 1
2026/3/13, 10:45:00, 72.72, 72.72, 72.69, 72.69, 2, 2, 2, 0
2026/3/13, 10:50:00, 72.82, 72.82, 72.75, 72.75, 2, 2, 2, 0
2026/3/13, 11:00:00, 72.95, 72.99, 72.95, 72.99, 3, 3, 3, 0
2026/3/13, 12:35:00, 72.70, 72.70, 72.70, 72.70, 1, 1, 1, 0
2026/3/13, 12:40:00, 72.69, 72.69, 72.69, 72.69, 1, 1, 1, 0
2026/3/13, 12:45:00, 72.25, 72.25, 72.03, 72.03, 8, 8, 8, 0
2026/3/13, 12:50:00, 72.38, 72.56, 72.38, 72.56, 4, 4, 4, 0
2026/3/13, 13:00:00, 72.55, 72.69, 72.44, 72.69, 4, 4, 4, 0
2026/3/13, 13:10:00, 72.84, 72.84, 72.84, 72.84, 1, 1, 1, 0
2026/3/13, 13:35:00, 72.35, 72.35, 72.35, 72.35, 1, 1, 1, 0
2026/3/13, 13:40:00, 72.42, 72.42, 72.39, 72.39, 3, 3, 3, 0
2026/3/13, 13:45:00, 72.39, 72.39, 72.39, 72.39, 1, 1, 1, 0
2026/3/13, 13:50:00, 72.35, 72.40, 72.24, 72.24, 12, 12, 12, 0
2026/3/13, 13:55:00, 72.45, 72.45, 72.45, 72.45, 18, 11, 18, 0
2026/3/13, 14:00:00, 72.79, 72.79, 72.65, 72.65, 37, 25, 36, 1
2026/3/13, 14:05:00, 72.70, 72.70, 72.70, 72.70, 1, 1, 1, 0
2026/3/13, 14:10:00, 72.71, 72.77, 72.71, 72.76, 6, 6, 2, 4
2026/3/13, 14:15:00, 72.75, 72.77, 72.68, 72.68, 5, 5, 2, 3
2026/3/13, 14:35:00, 72.42, 72.42, 72.42, 72.42, 1, 1, 1, 0
2026/3/13, 14:40:00, 72.57, 72.57, 72.50, 72.51, 4, 4, 3, 1
2026/3/13, 14:55:00, 72.75, 72.75, 72.75, 72.75, 50, 33, 0, 50
2026/3/13, 15:00:00, 72.92, 72.92, 72.92, 72.92, 1, 1, 0, 1
2026/3/13, 15:05:00, 72.90, 72.90, 72.85, 72.85, 2, 2, 2, 0
2026/3/13, 15:10:00, 72.90, 72.90, 72.86, 72.86, 11, 7, 1, 10
2026/3/13, 15:15:00, 72.86, 72.86, 72.83, 72.83, 2, 2, 2, 0
2026/3/13, 15:20:00, 72.84, 72.87, 72.84, 72.87, 14, 13, 1, 13
2026/3/13, 15:25:00, 72.84, 72.85, 72.84, 72.85, 2, 2, 2, 0
2026/3/13, 15:30:00, 72.98, 72.98, 72.98, 72.98, 1, 1, 1, 0
2026/3/13, 15:40:00, 73.07, 73.07, 73.03, 73.03, 3, 3, 1, 2
2026/3/13, 15:45:00, 72.89, 72.89, 72.80, 72.88, 4, 4, 4, 0
2026/3/13, 16:00:00, 73.15, 73.15, 73.15, 73.15, 1, 1, 1, 0
2026/3/13, 16:05:00, 73.09, 73.09, 73.08, 73.08, 4, 2, 4, 0
2026/3/13, 16:10:00, 73.05, 73.05, 73.05, 73.05, 1, 1, 1, 0
2026/3/13, 16:15:00, 73.10, 73.22, 73.10, 73.22, 21, 19, 11, 10
2026/3/13, 16:30:00, 73.05, 73.05, 73.05, 73.05, 1, 1, 0, 1
2026/3/13, 16:45:00, 72.78, 72.78, 72.78, 72.78, 1, 1, 1, 0
2026/3/13, 17:10:00, 72.61, 72.61, 72.61, 72.61, 1, 1, 1, 0
2026/3/13, 17:15:00, 72.65, 72.65, 72.65, 72.65, 1, 1, 1, 0
2026/3/13, 17:30:00, 72.95, 72.95, 72.95, 72.95, 2, 2, 2, 0
2026/3/13, 17:35:00, 73.09, 73.14, 73.07, 73.07, 4, 4, 2, 2
2026/3/13, 17:45:00, 73.20, 73.20, 73.13, 73.13, 2, 2, 2, 0
2026/3/13, 17:50:00, 73.12, 73.13, 73.12, 73.13, 3, 2, 3, 0
2026/3/13, 17:55:00, 73.09, 73.09, 73.09, 73.09, 1, 1, 1, 0
2026/3/13, 18:00:00, 73.06, 73.06, 73.06, 73.06, 1, 1, 0, 1
2026/3/13, 18:10:00, 73.32, 73.32, 73.32, 73.32, 11, 5, 0, 11
2026/3/13, 18:15:00, 73.32, 73.32, 73.32, 73.32, 1, 1, 1, 0
2026/3/13, 18:20:00, 73.45, 73.45, 73.37, 73.37, 6, 5, 2, 4
2026/3/13, 18:25:00, 73.33, 73.72, 73.27, 73.72, 25, 24, 2, 23
2026/3/13, 18:50:00, 73.05, 73.09, 73.05, 73.09, 47, 15, 47, 0
2026/3/13, 19:15:00, 73.02, 73.02, 73.02, 73.02, 1, 1, 0, 1
2026/3/13, 19:25:00, 73.07, 73.07, 73.07, 73.07, 1, 1, 1, 0
2026/3/13, 19:40:00, 73.31, 73.31, 73.30, 73.30, 3, 3, 0, 3
2026/3/13, 19:45:00, 73.25, 73.25, 73.12, 73.16, 6, 6, 1, 5
2026/3/13, 19:50:00, 73.23, 73.23, 73.22, 73.23, 4, 4, 0, 4
2026/3/13, 19:55:00, 73.23, 73.25, 73.23, 73.25, 4, 4, 0, 4
2026/3/13, 20:05:00, 73.29, 73.29, 73.29, 73.29, 1, 1, 0, 1
2026/3/13, 20:15:00, 73.29, 73.29, 73.29, 73.29, 1, 1, 0, 1
2026/3/13, 20:25:00, 73.42, 73.42, 73.42, 73.42, 1, 1, 1, 0
2026/3/13, 20:30:00, 73.29, 73.29, 73.29, 73.29, 1, 1, 0, 1
2026/3/13, 20:35:00, 73.44, 73.44, 73.44, 73.44, 1, 1, 0, 1
2026/3/13, 20:45:00, 73.35, 73.46, 73.35, 73.46, 2, 2, 1, 1
2026/3/13, 20:50:00, 73.44, 73.44, 73.44, 73.44, 1, 1, 0, 1
2026/3/15, 22:00:00, 74.18, 74.18, 74.18, 74.18, 1, 1, 0, 1
2026/3/15, 22:45:00, 74.08, 74.08, 74.08, 74.08, 1, 1, 0, 1
2026/3/15, 23:00:00, 74.08, 74.08, 74.08, 74.08, 4, 4, 0, 4
2026/3/16, 07:05:00, 73.39, 73.39, 73.39, 73.39, 2, 2, 0, 2
2026/3/16, 07:10:00, 73.44, 73.54, 73.44, 73.54, 6, 5, 1, 5
2026/3/16, 07:15:00, 73.72, 73.72, 73.72, 73.72, 1, 1, 0, 1
2026/3/16, 07:20:00, 73.90, 73.90, 73.90, 73.90, 1, 1, 0, 1
2026/3/16, 08:15:00, 73.81, 73.81, 73.81, 73.81, 1, 1, 1, 0
2026/3/16, 09:40:00, 73.65, 73.65, 73.64, 73.64, 5, 2, 5, 0
2026/3/16, 09:45:00, 73.62, 73.62, 73.60, 73.62, 7, 7, 1, 6
2026/3/16, 09:50:00, 73.62, 73.62, 73.62, 73.62, 4, 4, 0, 4
2026/3/16, 10:10:00, 73.62, 73.62, 73.62, 73.62, 1, 1, 0, 1
2026/3/16, 10:45:00, 72.93, 72.93, 72.93, 72.93, 1, 1, 0, 1
2026/3/16, 11:05:00, 72.88, 72.88, 72.88, 72.88, 3, 2, 3, 0
2026/3/16, 11:10:00, 72.88, 72.92, 72.88, 72.92, 2, 2, 1, 1
2026/3/16, 11:15:00, 72.88, 72.88, 72.88, 72.88, 6, 6, 6, 0
2026/3/16, 11:20:00, 73.10, 73.10, 73.10, 73.10, 1, 1, 0, 1
2026/3/16, 11:45:00, 72.88, 72.95, 72.88, 72.95, 3, 3, 0, 3
2026/3/16, 12:05:00, 73.35, 73.35, 73.35, 73.35, 1, 1, 0, 1
2026/3/16, 12:20:00, 73.08, 73.08, 73.08, 73.08, 1, 1, 1, 0
2026/3/16, 12:30:00, 73.00, 73.00, 72.98, 72.98, 10, 9, 0, 10
2026/3/16, 12:55:00, 72.62, 72.62, 72.62, 72.62, 1, 1, 1, 0
2026/3/16, 13:15:00, 72.86, 72.97, 72.84, 72.84, 12, 12, 11, 1
2026/3/16, 13:20:00, 72.86, 72.86, 72.84, 72.84, 4, 3, 4, 0
2026/3/16, 13:35:00, 72.79, 72.80, 72.75, 72.75, 6, 6, 6, 0
2026/3/16, 13:40:00, 72.79, 72.79, 72.79, 72.79, 1, 1, 1, 0
2026/3/16, 13:50:00, 72.54, 72.54, 72.54, 72.54, 1, 1, 1, 0
2026/3/16, 13:55:00, 71.99, 71.99, 71.87, 71.87, 3, 3, 3, 0
2026/3/16, 14:00:00, 72.12, 72.12, 72.12, 72.12, 1, 1, 0, 1
2026/3/16, 14:05:00, 72.14, 72.14, 72.14, 72.14, 1, 1, 1, 0
2026/3/16, 14:25:00, 72.45, 72.45, 72.45, 72.45, 1, 1, 1, 0
2026/3/16, 14:30:00, 72.61, 72.61, 72.61, 72.61, 1, 1, 1, 0
2026/3/16, 14:40:00, 73.10, 73.11, 73.10, 73.11, 2, 2, 2, 0
2026/3/16, 14:45:00, 73.22, 73.22, 73.11, 73.17, 7, 4, 6, 1
2026/3/16, 14:50:00, 73.31, 73.31, 73.31, 73.31, 1, 1, 1, 0
2026/3/16, 14:55:00, 73.27, 73.29, 73.27, 73.29, 3, 3, 3, 0
2026/3/16, 15:15:00, 73.32, 73.32, 73.32, 73.32, 1, 1, 1, 0
2026/3/16, 15:20:00, 73.20, 73.25, 73.20, 73.25, 6, 6, 6, 0
2026/3/16, 15:30:00, 73.25, 73.25, 73.22, 73.22, 2, 2, 2, 0
2026/3/16, 15:35:00, 73.13, 73.13, 73.13, 73.13, 1, 1, 1, 0
2026/3/16, 15:40:00, 73.17, 73.17, 73.03, 73.03, 6, 5, 6, 0
2026/3/16, 15:45:00, 73.07, 73.11, 73.07, 73.11, 2, 2, 2, 0
2026/3/16, 15:50:00, 73.08, 73.12, 73.08, 73.09, 4, 4, 4, 0
2026/3/16, 15:55:00, 73.30, 73.30, 73.30, 73.30, 1, 1, 1, 0
2026/3/16, 16:10:00, 73.24, 73.24, 73.24, 73.24, 1, 1, 1, 0
2026/3/16, 16:15:00, 73.19, 73.19, 73.19, 73.19, 1, 1, 1, 0
2026/3/16, 16:25:00, 73.62, 73.62, 73.62, 73.62, 1, 1, 1, 0
2026/3/16, 16:50:00, 73.49, 73.49, 73.49, 73.49, 1, 1, 1, 0
2026/3/16, 16:55:00, 73.44, 73.44, 73.42, 73.42, 2, 2, 2, 0
2026/3/16, 17:00:00, 73.30, 73.30, 73.30, 73.30, 1, 1, 1, 0
2026/3/16, 17:15:00, 73.35, 73.38, 73.35, 73.38, 6, 6, 6, 0
2026/3/16, 17:25:00, 72.87, 72.93, 72.72, 72.75, 11, 8, 10, 1
2026/3/16, 17:35:00, 72.96, 72.96, 72.96, 72.96, 2, 2, 0, 2
2026/3/16, 18:05:00, 72.80, 72.80, 72.80, 72.80, 2, 2, 2, 0
2026/3/16, 18:10:00, 72.80, 72.80, 72.80, 72.80, 1, 1, 1, 0
2026/3/16, 18:30:00, 72.73, 72.75, 72.73, 72.75, 10, 7, 7, 3
2026/3/16, 18:35:00, 72.66, 72.66, 72.66, 72.66, 1, 1, 0, 1
2026/3/16, 19:10:00, 72.87, 72.87, 72.86, 72.86, 4, 2, 4, 0
2026/3/16, 20:05:00, 72.82, 72.82, 72.82, 72.82, 1, 1, 1, 0
2026/3/16, 20:10:00, 72.69, 72.69, 72.58, 72.58, 8, 5, 8, 0
2026/3/16, 22:30:00, 73.61, 73.61, 73.61, 73.61, 1, 1, 0, 1
2026/3/17, 00:00:00, 73.56, 73.60, 73.55, 73.60, 4, 4, 0, 4
2026/3/17, 00:30:00, 73.64, 73.64, 73.64, 73.64, 3, 3, 0, 3
2026/3/17, 01:15:00, 73.61, 73.61, 73.61, 73.61, 1, 1, 0, 1
2026/3/17, 01:30:00, 73.41, 73.41, 73.35, 73.35, 4, 4, 0, 4
2026/3/17, 01:50:00, 73.71, 73.71, 73.71, 73.71, 1, 1, 0, 1
2026/3/17, 01:55:00, 73.65, 73.65, 73.65, 73.65, 1, 1, 0, 1
2026/3/17, 07:20:00, 74.10, 74.10, 74.04, 74.04, 2, 2, 1, 1
2026/3/17, 07:40:00, 74.13, 74.13, 74.13, 74.13, 1, 1, 0, 1
2026/3/17, 08:25:00, 74.66, 74.66, 74.66, 74.66, 1, 1, 1, 0
2026/3/17, 08:30:00, 74.74, 74.74, 74.74, 74.74, 1, 1, 1, 0
2026/3/17, 08:40:00, 74.66, 74.66, 74.66, 74.66, 1, 1, 0, 1
2026/3/17, 09:20:00, 74.58, 74.58, 74.58, 74.58, 1, 1, 1, 0
2026/3/17, 09:25:00, 74.57, 74.57, 74.54, 74.55, 3, 3, 3, 0
2026/3/17, 09:35:00, 74.60, 74.60, 74.60, 74.60, 1, 1, 1, 0
2026/3/17, 09:40:00, 74.62, 74.62, 74.62, 74.62, 1, 1, 1, 0
2026/3/17, 09:45:00, 74.67, 74.68, 74.61, 74.65, 5, 5, 5, 0
2026/3/17, 10:45:00, 74.75, 74.76, 74.75, 74.76, 2, 2, 0, 2
2026/3/17, 10:50:00, 74.81, 74.81, 74.81, 74.81, 1, 1, 0, 1
2026/3/17, 12:00:00, 74.87, 74.87, 74.87, 74.87, 1, 1, 0, 1
2026/3/17, 12:05:00, 74.80, 74.80, 74.80, 74.80, 1, 1, 1, 0
2026/3/17, 12:40:00, 74.20, 74.20, 74.20, 74.20, 1, 1, 1, 0
2026/3/17, 13:15:00, 74.02, 74.02, 73.99, 73.99, 5, 5, 5, 0
2026/3/17, 13:20:00, 74.05, 74.22, 74.05, 74.22, 7, 5, 6, 1
2026/3/17, 13:25:00, 74.21, 74.23, 74.19, 74.19, 9, 8, 6, 3
2026/3/17, 13:30:00, 74.11, 74.13, 73.94, 73.94, 20, 16, 16, 4
2026/3/17, 13:50:00, 73.58, 73.77, 73.58, 73.77, 2, 2, 2, 0
2026/3/17, 14:35:00, 73.89, 73.89, 73.89, 73.89, 1, 1, 1, 0
2026/3/17, 15:10:00, 73.82, 73.86, 73.82, 73.86, 2, 2, 2, 0
2026/3/17, 15:15:00, 73.83, 73.83, 73.83, 73.83, 1, 1, 1, 0
2026/3/17, 15:40:00, 74.24, 74.25, 74.24, 74.25, 2, 2, 0, 2
2026/3/17, 15:50:00, 74.32, 74.32, 74.32, 74.32, 1, 1, 1, 0
2026/3/17, 16:05:00, 74.23, 74.23, 74.23, 74.23, 3, 1, 3, 0
2026/3/17, 16:15:00, 74.03, 74.03, 74.03, 74.03, 1, 1, 1, 0
2026/3/17, 16:20:00, 73.98, 73.98, 73.98, 73.98, 1, 1, 1, 0
2026/3/17, 16:25:00, 73.88, 73.88, 73.68, 73.68, 7, 5, 7, 0
2026/3/17, 16:30:00, 73.70, 73.76, 73.70, 73.76, 3, 2, 3, 0
2026/3/17, 16:40:00, 73.80, 73.80, 73.80, 73.80, 1, 1, 1, 0
2026/3/17, 16:55:00, 73.90, 73.90, 73.87, 73.87, 2, 2, 2, 0
2026/3/17, 18:25:00, 74.18, 74.18, 74.08, 74.08, 2, 2, 1, 1
2026/3/17, 19:00:00, 74.32, 74.32, 74.32, 74.32, 1, 1, 1, 0
2026/3/17, 19:20:00, 74.44, 74.44, 74.44, 74.44, 5, 5, 0, 5
2026/3/17, 20:00:00, 74.24, 74.24, 74.24, 74.24, 2, 1, 2, 0
2026/3/17, 20:25:00, 74.34, 74.34, 74.34, 74.34, 1, 1, 1, 0
2026/3/17, 20:30:00, 74.50, 74.50, 74.50, 74.50, 1, 1, 0, 1
2026/3/18, 00:10:00, 74.55, 74.56, 74.55, 74.55, 3, 3, 0, 3
2026/3/18, 01:00:00, 74.21, 74.21, 74.16, 74.16, 5, 5, 0, 5
2026/3/18, 01:35:00, 74.11, 74.11, 74.11, 74.11, 1, 1, 0, 1
2026/3/18, 02:40:00, 73.84, 73.84, 73.84, 73.84, 1, 1, 1, 0
2026/3/18, 03:20:00, 73.84, 73.84, 73.84, 73.84, 1, 1, 1, 0
2026/3/18, 03:25:00, 73.84, 73.84, 73.84, 73.84, 1, 1, 0, 1
2026/3/18, 03:50:00, 73.71, 73.71, 73.71, 73.71, 1, 1, 1, 0
2026/3/18, 07:05:00, 73.44, 73.44, 73.44, 73.44, 2, 2, 0, 2
2026/3/18, 07:20:00, 73.49, 73.49, 73.49, 73.49, 1, 1, 0, 1
2026/3/18, 07:25:00, 73.48, 73.49, 73.45, 73.45, 3, 3, 0, 3
2026/3/18, 07:30:00, 73.45, 73.45, 73.45, 73.45, 1, 1, 0, 1
2026/3/18, 07:40:00, 73.52, 73.52, 73.52, 73.52, 1, 1, 0, 1
2026/3/18, 08:15:00, 73.63, 73.63, 73.63, 73.63, 1, 1, 0, 1
2026/3/18, 08:20:00, 73.61, 73.61, 73.61, 73.61, 1, 1, 0, 1
2026/3/18, 08:30:00, 73.98, 74.05, 73.98, 74.05, 2, 2, 0, 2
2026/3/18, 09:30:00, 73.82, 73.82, 73.82, 73.82, 1, 1, 0, 1
2026/3/18, 10:10:00, 73.83, 73.83, 73.83, 73.83, 2, 2, 0, 2
2026/3/18, 11:15:00, 74.00, 74.00, 74.00, 74.00, 2, 2, 1, 1
2026/3/18, 11:20:00, 74.05, 74.08, 74.05, 74.08, 3, 2, 3, 0
2026/3/18, 11:25:00, 74.56, 74.61, 74.56, 74.61, 2, 2, 0, 2
2026/3/18, 11:35:00, 74.45, 74.45, 74.45, 74.45, 1, 1, 1, 0
2026/3/18, 11:40:00, 74.32, 74.32, 74.32, 74.32, 1, 1, 0, 1
2026/3/18, 11:45:00, 74.30, 74.30, 74.29, 74.29, 2, 2, 1, 1
2026/3/18, 11:50:00, 74.27, 74.27, 74.21, 74.25, 4, 4, 0, 4
2026/3/18, 11:55:00, 74.31, 74.31, 74.31, 74.31, 1, 1, 0, 1
2026/3/18, 12:15:00, 74.77, 74.77, 74.77, 74.77, 7, 6, 0, 7
2026/3/18, 12:30:00, 74.79, 74.79, 74.73, 74.73, 3, 2, 1, 2
2026/3/18, 12:40:00, 74.84, 75.07, 74.78, 75.07, 8, 7, 0, 8
2026/3/18, 12:45:00, 74.98, 75.03, 74.91, 74.91, 7, 6, 0, 7
2026/3/18, 12:50:00, 75.26, 75.41, 75.26, 75.41, 4, 4, 0, 4
2026/3/18, 12:55:00, 75.40, 75.41, 75.40, 75.41, 2, 2, 0, 2
2026/3/18, 13:00:00, 75.54, 75.70, 75.39, 75.70, 16, 9, 2, 14
2026/3/18, 13:15:00, 75.71, 75.74, 75.71, 75.74, 8, 6, 3, 5
2026/3/18, 13:20:00, 75.64, 75.72, 75.64, 75.65, 9, 7, 8, 1
2026/3/18, 13:25:00, 75.59, 75.59, 75.49, 75.49, 4, 3, 4, 0
2026/3/18, 13:30:00, 75.71, 75.71, 75.67, 75.67, 6, 6, 6, 0
2026/3/18, 13:35:00, 75.59, 75.59, 75.59, 75.59, 5, 2, 5, 0
2026/3/18, 13:40:00, 75.58, 75.58, 75.58, 75.58, 1, 1, 0, 1
2026/3/18, 13:55:00, 75.76, 75.79, 75.69, 75.69, 40, 38, 27, 13
2026/3/18, 14:00:00, 75.68, 75.69, 75.56, 75.56, 4, 3, 2, 2
2026/3/18, 14:05:00, 75.65, 75.65, 75.43, 75.43, 7, 6, 7, 0
2026/3/18, 14:15:00, 75.59, 75.59, 75.59, 75.59, 1, 1, 1, 0
2026/3/18, 14:35:00, 75.69, 75.69, 75.67, 75.67, 4, 3, 4, 0
2026/3/18, 15:15:00, 75.46, 75.46, 75.45, 75.45, 5, 2, 5, 0
2026/3/18, 15:30:00, 75.80, 75.80, 75.80, 75.80, 5, 2, 0, 5
2026/3/18, 15:35:00, 75.76, 75.76, 75.76, 75.76, 1, 1, 1, 0
2026/3/18, 15:40:00, 75.74, 75.74, 75.74, 75.74, 1, 1, 1, 0
2026/3/18, 16:05:00, 75.66, 75.66, 75.66, 75.66, 1, 1, 0, 1
2026/3/18, 16:20:00, 75.77, 75.83, 75.76, 75.83, 5, 3, 0, 5
2026/3/18, 16:35:00, 75.64, 75.64, 75.64, 75.64, 1, 1, 1, 0
2026/3/18, 16:40:00, 75.65, 75.65, 75.65, 75.65, 1, 1, 0, 1
2026/3/18, 17:00:00, 75.55, 75.68, 75.55, 75.68, 3, 3, 2, 1
2026/3/18, 17:05:00, 75.76, 75.76, 75.76, 75.76, 2, 1, 2, 0
2026/3/18, 17:10:00, 75.80, 75.80, 75.80, 75.80, 1, 1, 1, 0
2026/3/18, 17:15:00, 75.77, 75.77, 75.77, 75.77, 2, 1, 2, 0
2026/3/18, 17:25:00, 75.93, 75.93, 75.93, 75.93, 1, 1, 0, 1
2026/3/18, 17:40:00, 75.54, 75.54, 75.54, 75.54, 1, 1, 1, 0
2026/3/18, 17:55:00, 75.44, 75.44, 75.44, 75.44, 1, 1, 1, 0
2026/3/18, 18:00:00, 75.19, 75.31, 75.19, 75.22, 4, 3, 4, 0
2026/3/18, 18:10:00, 75.48, 75.48, 75.48, 75.48, 1, 1, 0, 1
2026/3/18, 18:15:00, 75.45, 75.72, 75.45, 75.63, 7, 7, 2, 5
2026/3/18, 18:20:00, 75.66, 75.66, 75.66, 75.66, 1, 1, 1, 0
2026/3/18, 18:25:00, 75.74, 75.79, 75.62, 75.63, 44, 39, 18, 26
2026/3/18, 18:35:00, 75.84, 75.84, 75.78, 75.78, 2, 2, 2, 0
2026/3/18, 18:55:00, 75.61, 75.61, 75.61, 75.61, 1, 1, 1, 0
2026/3/18, 19:35:00, 75.92, 75.92, 75.92, 75.92, 1, 1, 1, 0
2026/3/18, 19:45:00, 76.27, 76.27, 76.27, 76.27, 1, 1, 1, 0
2026/3/18, 19:55:00, 76.01, 76.01, 76.01, 76.01, 2, 2, 2, 0
2026/3/18, 20:25:00, 76.47, 76.47, 76.45, 76.45, 8, 4, 6, 2
2026/3/18, 20:30:00, 76.68, 76.68, 76.68, 76.68, 1, 1, 1, 0
2026/3/18, 20:40:00, 76.60, 76.60, 76.60, 76.60, 1, 1, 1, 0
2026/3/18, 20:45:00, 76.45, 76.45, 76.45, 76.45, 5, 5, 0, 5
2026/3/18, 20:55:00, 76.63, 76.63, 76.63, 76.63, 1, 1, 0, 1
2026/3/19, 00:00:00, 76.77, 76.77, 76.69, 76.69, 2, 2, 2, 0
2026/3/19, 01:15:00, 76.27, 76.27, 76.27, 76.27, 1, 1, 1, 0
2026/3/19, 01:40:00, 76.33, 76.33, 76.33, 76.33, 1, 1, 1, 0
2026/3/19, 02:20:00, 76.11, 76.11, 76.11, 76.11, 1, 1, 1, 0
2026/3/19, 04:10:00, 76.08, 76.08, 76.08, 76.08, 1, 1, 0, 1
