Date, Time, Open, High, Low, Last, Volume, NumberOfTrades, BidVolume, AskVolume
2026/2/18, 08:00:00, 60.34, 60.34, 60.34, 60.34, 85, 48, 0, 85
2026/2/18, 09:00:00, 60.14, 60.14, 60.14, 60.14, 1, 1, 1, 0
2026/2/18, 10:00:00, 60.34, 60.34, 60.34, 60.34, 7, 1, 0, 7
2026/2/18, 13:00:00, 61.01, 61.01, 61.00, 61.00, 170, 55, 39, 131
2026/2/18, 14:00:00, 61.18, 61.29, 61.18, 61.29, 166, 71, 3, 163
2026/2/18, 15:00:00, 61.24, 61.28, 61.23, 61.23, 38, 23, 7, 31
2026/2/18, 17:00:00, 61.35, 61.48, 61.35, 61.47, 17, 6, 16, 1
2026/2/18, 18:00:00, 61.51, 61.56, 61.32, 61.56, 12, 10, 2, 10
2026/2/18, 19:00:00, 61.58, 61.65, 61.42, 61.42, 262, 179, 125, 137
2026/2/18, 20:00:00, 61.54, 61.61, 61.54, 61.61, 13, 6, 12, 1
2026/2/19, 15:00:00, 61.83, 61.92, 61.82, 61.92, 15, 9, 15, 0
2026/2/19, 16:00:00, 62.17, 62.26, 62.17, 62.26, 5, 3, 5, 0
2026/2/19, 17:00:00, 62.30, 62.34, 62.20, 62.20, 9, 4, 3, 6
2026/2/19, 19:00:00, 62.17, 62.17, 62.12, 62.15, 43, 22, 6, 37
2026/2/19, 20:00:00, 62.23, 62.23, 62.23, 62.23, 5, 3, 5, 0
2026/2/19, 21:00:00, 62.23, 62.23, 62.20, 62.20, 69, 36, 0, 69
2026/2/20, 09:00:00, 62.27, 62.27, 62.23, 62.23, 4, 4, 0, 4
2026/2/20, 12:00:00, 61.99, 61.99, 61.99, 61.99, 30, 3, 23, 7
2026/2/20, 13:00:00, 62.11, 62.11, 62.09, 62.09, 3, 2, 2, 1
2026/2/20, 14:00:00, 61.93, 62.20, 61.93, 62.20, 18, 8, 0, 18
2026/2/20, 15:00:00, 62.32, 62.32, 62.00, 62.00, 7, 3, 4, 3
2026/2/20, 16:00:00, 61.88, 62.14, 61.88, 62.11, 7, 7, 1, 6
2026/2/20, 18:00:00, 62.23, 62.27, 62.23, 62.27, 35, 5, 2, 33
2026/2/20, 19:00:00, 62.04, 62.11, 62.04, 62.11, 2, 2, 1, 1
2026/2/20, 21:00:00, 62.08, 62.08, 62.08, 62.08, 2, 1, 2, 0
2026/2/23, 04:00:00, 61.69, 61.69, 61.69, 61.69, 1, 1, 1, 0
2026/2/23, 05:00:00, 61.72, 61.84, 61.72, 61.84, 2, 2, 0, 2
2026/2/23, 08:00:00, 61.92, 62.03, 61.92, 62.03, 2, 2, 1, 1
2026/2/23, 09:00:00, 62.04, 62.28, 62.04, 62.23, 22, 4, 21, 1
2026/2/23, 10:00:00, 62.15, 62.16, 62.15, 62.16, 2, 2, 2, 0
2026/2/23, 12:00:00, 62.49, 62.50, 62.49, 62.50, 38, 24, 0, 38
2026/2/23, 13:00:00, 62.46, 62.46, 62.40, 62.41, 24, 17, 19, 5
2026/2/23, 14:00:00, 62.59, 62.80, 62.59, 62.80, 50, 22, 7, 43
2026/2/23, 15:00:00, 62.72, 62.72, 62.47, 62.47, 38, 24, 4, 34
2026/2/23, 16:00:00, 62.32, 62.66, 62.32, 62.60, 32, 24, 19, 13
2026/2/23, 17:00:00, 62.23, 62.25, 62.20, 62.20, 8, 6, 2, 6
2026/2/23, 18:00:00, 62.29, 62.31, 62.29, 62.31, 2, 2, 2, 0
2026/2/23, 19:00:00, 62.36, 62.36, 62.34, 62.34, 3, 3, 3, 0
2026/2/23, 21:00:00, 62.47, 62.47, 62.41, 62.41, 3, 2, 0, 3
2026/2/23, 23:00:00, 62.40, 62.40, 62.40, 62.40, 2, 1, 0, 2
2026/2/24, 02:00:00, 62.55, 62.67, 62.55, 62.64, 3, 3, 1, 2
2026/2/24, 04:00:00, 62.77, 62.77, 62.77, 62.77, 1, 1, 1, 0
2026/2/24, 05:00:00, 62.75, 62.75, 62.75, 62.75, 1, 1, 0, 1
2026/2/24, 06:00:00, 62.78, 62.78, 62.78, 62.78, 1, 1, 1, 0
2026/2/24, 08:00:00, 62.54, 62.54, 62.54, 62.54, 1, 1, 0, 1
2026/2/24, 09:00:00, 62.51, 62.51, 62.51, 62.51, 1, 1, 1, 0
2026/2/24, 10:00:00, 62.55, 62.55, 62.52, 62.52, 4, 4, 2, 2
2026/2/24, 13:00:00, 62.86, 62.92, 62.83, 62.92, 9, 6, 3, 6
2026/2/24, 14:00:00, 62.75, 62.75, 62.64, 62.64, 25, 19, 6, 19
2026/2/24, 15:00:00, 62.72, 62.72, 62.21, 62.40, 79, 29, 60, 19
2026/2/24, 16:00:00, 62.38, 62.56, 62.36, 62.36, 13, 10, 3, 10
2026/2/24, 17:00:00, 62.53, 62.59, 62.35, 62.35, 6, 6, 3, 3
2026/2/24, 19:00:00, 62.43, 62.43, 62.29, 62.36, 5, 4, 4, 1
2026/2/24, 20:00:00, 62.57, 62.75, 62.57, 62.72, 23, 11, 2, 21
2026/2/24, 21:00:00, 62.70, 62.70, 62.70, 62.70, 2, 1, 0, 2
2026/2/25, 02:00:00, 62.69, 62.69, 62.69, 62.69, 1, 1, 0, 1
2026/2/25, 03:00:00, 62.88, 62.88, 62.53, 62.53, 5, 4, 4, 1
2026/2/25, 04:00:00, 62.52, 62.52, 62.52, 62.52, 1, 1, 1, 0
2026/2/25, 06:00:00, 62.41, 62.41, 62.41, 62.41, 1, 1, 1, 0
2026/2/25, 08:00:00, 62.41, 62.44, 62.41, 62.41, 20, 11, 18, 2
2026/2/25, 10:00:00, 62.57, 62.59, 62.56, 62.56, 3, 3, 0, 3
2026/2/25, 11:00:00, 62.61, 62.61, 62.61, 62.61, 1, 1, 0, 1
2026/2/25, 12:00:00, 62.80, 62.80, 62.68, 62.68, 2, 2, 1, 1
2026/2/25, 13:00:00, 62.71, 62.80, 62.59, 62.59, 6, 5, 5, 1
2026/2/25, 14:00:00, 62.64, 62.64, 62.33, 62.33, 4, 4, 2, 2
2026/2/25, 15:00:00, 62.32, 62.39, 62.25, 62.29, 6, 6, 0, 6
2026/2/25, 16:00:00, 62.22, 62.22, 62.22, 62.22, 10, 10, 0, 10
2026/2/25, 17:00:00, 62.30, 62.31, 62.30, 62.31, 6, 3, 4, 2
2026/2/25, 18:00:00, 62.44, 62.44, 62.44, 62.44, 1, 1, 1, 0
2026/2/25, 19:00:00, 62.28, 62.40, 62.26, 62.40, 15, 9, 9, 6
2026/2/25, 20:00:00, 62.26, 62.26, 62.26, 62.26, 2, 1, 0, 2
2026/2/26, 02:00:00, 62.37, 62.37, 62.34, 62.36, 3, 3, 3, 0
2026/2/26, 08:00:00, 62.31, 62.38, 62.31, 62.37, 26, 16, 26, 0
2026/2/26, 09:00:00, 61.96, 61.96, 61.96, 61.96, 1, 1, 0, 1
2026/2/26, 12:00:00, 61.59, 61.60, 61.21, 61.36, 6, 4, 4, 2
2026/2/26, 13:00:00, 61.32, 61.48, 60.94, 61.41, 35, 19, 17, 18
2026/2/26, 14:00:00, 61.41, 61.41, 61.28, 61.28, 3, 2, 2, 1
2026/2/26, 15:00:00, 62.03, 62.66, 62.03, 62.66, 58, 23, 34, 24
2026/2/26, 16:00:00, 62.64, 62.64, 62.44, 62.44, 56, 24, 39, 17
2026/2/26, 17:00:00, 62.46, 62.46, 62.46, 62.46, 20, 4, 3, 17
2026/2/26, 18:00:00, 62.38, 62.49, 61.61, 62.04, 59, 35, 35, 24
2026/2/26, 19:00:00, 61.86, 61.95, 61.50, 61.95, 29, 22, 13, 16
2026/2/26, 20:00:00, 61.96, 61.96, 61.96, 61.96, 1, 1, 1, 0
2026/2/26, 21:00:00, 61.96, 61.96, 61.96, 61.96, 4, 2, 3, 1
2026/2/27, 02:00:00, 61.62, 61.62, 61.61, 61.61, 2, 2, 2, 0
2026/2/27, 08:00:00, 62.26, 62.26, 62.09, 62.09, 26, 11, 25, 1
2026/2/27, 10:00:00, 62.33, 62.33, 62.33, 62.33, 1, 1, 1, 0
2026/2/27, 11:00:00, 62.53, 62.53, 62.53, 62.53, 1, 1, 1, 0
2026/2/27, 12:00:00, 62.68, 62.69, 62.67, 62.67, 11, 7, 11, 0
2026/2/27, 13:00:00, 62.78, 63.20, 62.78, 63.20, 51, 38, 21, 30
2026/2/27, 14:00:00, 62.90, 62.90, 62.70, 62.70, 8, 8, 7, 1
2026/2/27, 15:00:00, 62.62, 62.73, 62.45, 62.65, 359, 169, 83, 276
2026/2/27, 16:00:00, 62.62, 62.62, 62.43, 62.44, 177, 105, 25, 152
2026/2/27, 17:00:00, 62.56, 62.57, 62.18, 62.37, 64, 29, 47, 17
2026/2/27, 18:00:00, 62.50, 62.61, 62.43, 62.61, 49, 36, 11, 38
2026/2/27, 19:00:00, 62.71, 62.81, 62.61, 62.61, 63, 37, 13, 50
2026/2/27, 20:00:00, 62.64, 62.86, 62.64, 62.86, 180, 129, 9, 171
2026/2/27, 21:00:00, 62.78, 62.82, 62.77, 62.82, 33, 12, 24, 9
2026/3/1, 23:00:00, 65.75, 65.75, 65.00, 65.18, 212, 203, 3, 209
2026/3/2, 01:00:00, 63.68, 63.68, 63.68, 63.68, 1, 1, 1, 0
2026/3/2, 02:00:00, 63.56, 63.72, 63.56, 63.64, 9, 7, 4, 5
2026/3/2, 03:00:00, 63.59, 64.18, 63.59, 63.88, 11, 7, 8, 3
2026/3/2, 04:00:00, 64.18, 64.18, 64.18, 64.18, 1, 1, 0, 1
2026/3/2, 05:00:00, 63.78, 63.98, 63.78, 63.98, 3, 3, 2, 1
2026/3/2, 06:00:00, 63.95, 64.12, 63.93, 64.12, 5, 4, 4, 1
2026/3/2, 07:00:00, 64.38, 64.84, 64.15, 64.15, 191, 144, 17, 174
2026/3/2, 08:00:00, 64.47, 64.82, 64.38, 64.38, 23, 22, 16, 7
2026/3/2, 09:00:00, 64.12, 64.12, 63.53, 63.94, 6, 4, 3, 3
2026/3/2, 10:00:00, 64.26, 64.26, 64.04, 64.05, 8, 5, 4, 4
2026/3/2, 11:00:00, 64.23, 64.23, 64.23, 64.23, 1, 1, 1, 0
2026/3/2, 12:00:00, 64.36, 64.52, 64.35, 64.44, 10, 7, 5, 5
2026/3/2, 13:00:00, 64.43, 64.66, 64.30, 64.66, 64, 47, 12, 52
2026/3/2, 14:00:00, 64.60, 64.68, 63.77, 63.96, 104, 82, 25, 79
2026/3/2, 15:00:00, 63.91, 64.07, 63.71, 63.84, 233, 168, 58, 175
2026/3/2, 16:00:00, 63.83, 63.83, 63.28, 63.53, 144, 128, 29, 115
2026/3/2, 17:00:00, 63.47, 63.60, 63.38, 63.54, 21, 15, 11, 10
2026/3/2, 18:00:00, 63.29, 63.34, 63.29, 63.29, 12, 9, 7, 5
2026/3/2, 19:00:00, 63.28, 63.41, 63.13, 63.15, 42, 32, 36, 6
2026/3/2, 20:00:00, 63.18, 64.10, 63.18, 63.53, 479, 397, 118, 361
2026/3/2, 21:00:00, 63.50, 63.51, 63.22, 63.22, 13, 9, 7, 6
2026/3/3, 01:00:00, 63.82, 63.82, 63.82, 63.82, 1, 1, 0, 1
2026/3/3, 02:00:00, 63.83, 64.08, 63.83, 64.08, 17, 14, 7, 10
2026/3/3, 03:00:00, 64.22, 64.23, 63.96, 63.96, 18, 7, 3, 15
2026/3/3, 05:00:00, 63.94, 64.38, 63.94, 64.26, 8, 7, 2, 6
2026/3/3, 06:00:00, 64.17, 64.17, 64.17, 64.17, 1, 1, 0, 1
2026/3/3, 07:00:00, 64.45, 64.72, 64.43, 64.72, 30, 22, 14, 16
2026/3/3, 08:00:00, 64.57, 64.57, 64.39, 64.53, 8, 6, 0, 8
2026/3/3, 09:00:00, 64.80, 65.16, 64.80, 65.16, 11, 7, 11, 0
2026/3/3, 10:00:00, 65.05, 65.49, 65.00, 65.12, 9, 7, 6, 3
2026/3/3, 11:00:00, 65.34, 65.34, 65.34, 65.34, 2, 1, 2, 0
2026/3/3, 12:00:00, 64.87, 64.87, 64.60, 64.60, 11, 7, 11, 0
2026/3/3, 13:00:00, 64.56, 64.67, 64.03, 64.03, 213, 166, 50, 163
2026/3/3, 14:00:00, 64.29, 64.52, 63.99, 63.99, 200, 151, 59, 141
2026/3/3, 15:00:00, 64.03, 64.23, 63.93, 64.04, 272, 198, 60, 212
2026/3/3, 16:00:00, 64.09, 64.09, 63.01, 63.26, 118, 78, 87, 31
2026/3/3, 17:00:00, 63.49, 63.74, 63.47, 63.59, 21, 20, 9, 12
2026/3/3, 18:00:00, 63.35, 63.60, 63.09, 63.44, 29, 20, 17, 12
2026/3/3, 19:00:00, 63.29, 63.71, 62.94, 63.07, 118, 80, 66, 52
2026/3/3, 20:00:00, 63.22, 63.33, 63.00, 63.33, 112, 59, 22, 90
2026/3/3, 21:00:00, 63.37, 63.37, 63.37, 63.37, 2, 2, 0, 2
2026/3/3, 23:00:00, 63.72, 63.76, 63.72, 63.76, 2, 2, 0, 2
2026/3/4, 01:00:00, 63.08, 63.08, 63.08, 63.08, 1, 1, 1, 0
2026/3/4, 02:00:00, 63.33, 63.57, 63.31, 63.55, 10, 7, 8, 2
2026/3/4, 03:00:00, 63.64, 63.64, 63.29, 63.41, 11, 9, 7, 4
2026/3/4, 04:00:00, 63.49, 63.50, 63.47, 63.47, 4, 4, 3, 1
2026/3/4, 06:00:00, 63.88, 63.94, 63.88, 63.94, 3, 3, 3, 0
2026/3/4, 08:00:00, 63.89, 64.33, 63.89, 64.13, 19, 9, 4, 15
2026/3/4, 09:00:00, 63.93, 63.93, 63.66, 63.93, 8, 6, 7, 1
2026/3/4, 10:00:00, 63.88, 63.88, 63.34, 63.39, 34, 24, 10, 24
2026/3/4, 11:00:00, 63.46, 63.46, 63.46, 63.46, 1, 1, 1, 0
2026/3/4, 12:00:00, 63.52, 63.57, 63.36, 63.41, 11, 9, 6, 5
2026/3/4, 13:00:00, 63.24, 63.45, 62.94, 63.45, 62, 48, 51, 11
2026/3/4, 14:00:00, 63.64, 64.01, 63.60, 63.66, 118, 95, 59, 59
2026/3/4, 15:00:00, 63.75, 63.91, 63.67, 63.78, 32, 20, 15, 17
2026/3/4, 16:00:00, 63.91, 63.91, 63.72, 63.72, 4, 4, 3, 1
2026/3/4, 17:00:00, 64.21, 64.27, 64.09, 64.25, 91, 73, 18, 73
2026/3/4, 18:00:00, 64.06, 64.38, 64.06, 64.19, 137, 94, 89, 48
2026/3/4, 19:00:00, 64.21, 64.29, 64.08, 64.16, 24, 22, 12, 12
2026/3/4, 20:00:00, 64.26, 64.28, 63.95, 63.98, 285, 156, 26, 259
2026/3/4, 21:00:00, 63.94, 64.32, 63.94, 64.21, 17, 17, 15, 2
2026/3/5, 02:00:00, 64.52, 64.79, 64.45, 64.45, 26, 23, 15, 11
2026/3/5, 03:00:00, 64.70, 64.70, 64.70, 64.70, 1, 1, 1, 0
2026/3/5, 04:00:00, 64.73, 64.73, 64.73, 64.73, 2, 2, 1, 1
2026/3/5, 05:00:00, 64.72, 64.72, 64.72, 64.72, 1, 1, 1, 0
2026/3/5, 06:00:00, 64.48, 64.48, 64.48, 64.48, 1, 1, 1, 0
2026/3/5, 07:00:00, 64.68, 64.85, 64.68, 64.85, 2, 2, 1, 1
2026/3/5, 08:00:00, 64.82, 65.26, 64.69, 65.26, 179, 142, 34, 145
2026/3/5, 09:00:00, 64.84, 65.08, 64.33, 65.06, 14, 14, 7, 7
2026/3/5, 10:00:00, 65.02, 65.02, 65.02, 65.02, 2, 2, 1, 1
2026/3/5, 11:00:00, 65.27, 65.27, 65.25, 65.25, 37, 25, 14, 23
2026/3/5, 12:00:00, 65.23, 65.26, 64.89, 65.18, 129, 105, 13, 116
2026/3/5, 13:00:00, 64.90, 65.12, 64.90, 65.10, 11, 11, 6, 5
2026/3/5, 14:00:00, 65.06, 65.27, 65.06, 65.25, 161, 124, 38, 123
2026/3/5, 15:00:00, 65.23, 65.38, 65.13, 65.13, 95, 63, 53, 42
2026/3/5, 16:00:00, 65.10, 65.41, 65.08, 65.41, 43, 36, 32, 11
2026/3/5, 17:00:00, 65.30, 65.70, 65.26, 65.64, 111, 80, 16, 95
2026/3/5, 18:00:00, 65.65, 65.89, 65.62, 65.74, 112, 97, 34, 78
2026/3/5, 19:00:00, 65.67, 65.74, 65.38, 65.62, 138, 86, 103, 35
2026/3/5, 20:00:00, 65.69, 65.74, 65.27, 65.50, 45, 41, 34, 11
2026/3/5, 21:00:00, 65.15, 65.42, 65.08, 65.38, 44, 34, 21, 23
2026/3/5, 23:00:00, 65.66, 65.66, 65.60, 65.64, 25, 22, 3, 22
2026/3/6, 02:00:00, 65.58, 65.63, 65.47, 65.62, 29, 25, 16, 13
2026/3/6, 03:00:00, 65.54, 65.68, 65.54, 65.68, 2, 2, 2, 0
2026/3/6, 06:00:00, 65.64, 65.64, 65.64, 65.64, 1, 1, 0, 1
2026/3/6, 08:00:00, 65.96, 66.00, 65.96, 66.00, 3, 3, 1, 2
2026/3/6, 09:00:00, 65.95, 66.69, 65.95, 66.69, 8, 8, 2, 6
2026/3/6, 10:00:00, 66.66, 66.74, 66.43, 66.59, 50, 38, 21, 29
2026/3/6, 11:00:00, 67.06, 67.38, 67.02, 67.15, 76, 70, 24, 52
2026/3/6, 12:00:00, 67.07, 67.38, 66.95, 67.32, 30, 26, 25, 5
2026/3/6, 13:00:00, 67.08, 67.44, 66.50, 67.40, 147, 114, 51, 96
2026/3/6, 14:00:00, 67.25, 67.40, 67.03, 67.34, 154, 111, 60, 94
2026/3/6, 15:00:00, 66.94, 67.34, 66.48, 66.49, 328, 237, 67, 261
2026/3/6, 16:00:00, 66.55, 66.55, 66.20, 66.46, 288, 255, 71, 217
2026/3/6, 17:00:00, 66.35, 66.72, 66.31, 66.56, 134, 127, 87, 47
2026/3/6, 18:00:00, 66.50, 66.57, 66.28, 66.53, 324, 279, 280, 44
2026/3/6, 19:00:00, 66.50, 67.08, 66.27, 67.02, 437, 391, 213, 224
2026/3/6, 20:00:00, 66.91, 66.91, 66.47, 66.52, 263, 253, 239, 24
2026/3/6, 21:00:00, 66.50, 66.89, 66.45, 66.89, 79, 52, 41, 38
2026/3/8, 22:00:00, 67.38, 71.24, 67.38, 70.70, 696, 554, 17, 679
2026/3/8, 23:00:00, 70.10, 70.41, 69.78, 70.25, 13, 12, 3, 10
2026/3/9, 00:00:00, 70.40, 70.40, 69.99, 70.00, 48, 42, 35, 13
2026/3/9, 01:00:00, 69.94, 70.90, 69.94, 70.78, 19, 18, 12, 7
2026/3/9, 02:00:00, 71.00, 71.19, 71.00, 71.19, 11, 9, 0, 11
2026/3/9, 03:00:00, 72.72, 72.86, 72.72, 72.83, 53, 44, 3, 50
2026/3/9, 04:00:00, 72.50, 72.50, 72.08, 72.08, 12, 10, 5, 7
2026/3/9, 05:00:00, 71.28, 71.50, 69.35, 69.35, 46, 38, 35, 11
2026/3/9, 06:00:00, 69.11, 70.05, 69.01, 70.05, 11, 11, 9, 2
2026/3/9, 07:00:00, 69.50, 69.53, 69.06, 69.33, 48, 42, 7, 41
2026/3/9, 08:00:00, 69.26, 69.26, 69.25, 69.25, 5, 5, 0, 5
2026/3/9, 09:00:00, 70.87, 70.88, 68.96, 69.65, 46, 37, 22, 24
2026/3/9, 10:00:00, 69.53, 69.69, 69.42, 69.42, 10, 10, 0, 10
2026/3/9, 11:00:00, 69.19, 69.24, 68.77, 68.79, 11, 10, 5, 6
2026/3/9, 12:00:00, 68.77, 69.10, 68.48, 68.78, 83, 73, 22, 61
2026/3/9, 13:00:00, 68.77, 68.89, 67.79, 67.85, 101, 98, 39, 62
2026/3/9, 14:00:00, 67.98, 69.53, 67.74, 68.40, 148, 117, 95, 53
2026/3/9, 15:00:00, 68.33, 68.33, 66.67, 67.49, 84, 73, 56, 28
2026/3/9, 16:00:00, 67.30, 67.61, 66.88, 67.56, 38, 31, 24, 14
2026/3/9, 17:00:00, 67.77, 68.07, 67.38, 68.07, 106, 68, 42, 64
2026/3/9, 18:00:00, 68.07, 68.82, 67.76, 68.71, 179, 137, 91, 88
2026/3/9, 19:00:00, 68.38, 68.40, 65.12, 66.61, 651, 643, 528, 123
2026/3/9, 20:00:00, 66.82, 67.71, 66.39, 66.76, 182, 150, 26, 156
2026/3/9, 23:00:00, 67.43, 67.43, 67.43, 67.43, 1, 1, 0, 1
2026/3/10, 00:00:00, 67.12, 67.40, 66.78, 66.78, 4, 4, 4, 0
2026/3/10, 01:00:00, 67.03, 67.03, 66.60, 66.60, 7, 7, 5, 2
2026/3/10, 02:00:00, 66.82, 66.85, 66.45, 66.45, 6, 6, 2, 4
2026/3/10, 03:00:00, 66.68, 67.24, 66.68, 67.04, 13, 13, 8, 5
2026/3/10, 04:00:00, 67.14, 67.14, 66.92, 66.92, 4, 4, 4, 0
2026/3/10, 05:00:00, 66.37, 66.37, 66.37, 66.37, 1, 1, 0, 1
2026/3/10, 07:00:00, 66.72, 66.72, 66.34, 66.58, 23, 22, 16, 7
2026/3/10, 08:00:00, 66.67, 67.75, 66.67, 67.35, 16, 16, 11, 5
2026/3/10, 09:00:00, 67.17, 67.49, 67.14, 67.49, 5, 5, 5, 0
2026/3/10, 10:00:00, 67.45, 68.25, 67.41, 67.73, 24, 20, 4, 20
2026/3/10, 11:00:00, 67.68, 67.68, 67.30, 67.51, 43, 24, 29, 14
2026/3/10, 12:00:00, 67.75, 68.49, 67.75, 67.96, 53, 40, 4, 49
2026/3/10, 13:00:00, 67.99, 68.15, 67.61, 67.68, 42, 40, 26, 16
2026/3/10, 14:00:00, 67.86, 68.04, 66.70, 66.87, 56, 50, 37, 19
2026/3/10, 15:00:00, 66.86, 67.24, 66.64, 67.24, 9, 9, 7, 2
2026/3/10, 16:00:00, 67.68, 67.75, 66.78, 66.78, 18, 17, 11, 7
2026/3/10, 17:00:00, 66.93, 66.93, 65.79, 66.24, 44, 37, 29, 15
2026/3/10, 18:00:00, 66.29, 67.54, 66.29, 67.14, 98, 73, 38, 60
2026/3/10, 19:00:00, 67.36, 68.06, 67.32, 67.80, 20, 16, 11, 9
2026/3/10, 20:00:00, 67.90, 67.90, 67.41, 67.64, 40, 38, 10, 30
2026/3/10, 22:00:00, 68.02, 68.02, 68.02, 68.02, 1, 1, 0, 1
2026/3/10, 23:00:00, 67.36, 67.36, 67.36, 67.36, 1, 1, 0, 1
2026/3/11, 00:00:00, 67.02, 67.47, 66.92, 67.47, 4, 4, 2, 2
2026/3/11, 01:00:00, 67.67, 67.67, 67.39, 67.50, 8, 7, 5, 3
2026/3/11, 02:00:00, 67.92, 67.92, 67.92, 67.92, 1, 1, 0, 1
2026/3/11, 03:00:00, 68.03, 68.03, 67.71, 67.71, 4, 4, 1, 3
2026/3/11, 04:00:00, 67.81, 67.89, 67.81, 67.89, 2, 2, 2, 0
2026/3/11, 05:00:00, 68.52, 68.52, 68.52, 68.52, 1, 1, 0, 1
2026/3/11, 07:00:00, 67.99, 68.28, 67.89, 68.27, 16, 13, 2, 14
2026/3/11, 08:00:00, 68.23, 68.45, 67.95, 68.24, 43, 36, 31, 12
2026/3/11, 09:00:00, 68.70, 68.70, 68.50, 68.55, 33, 31, 5, 28
2026/3/11, 10:00:00, 68.39, 68.39, 67.86, 67.86, 13, 10, 10, 3
2026/3/11, 11:00:00, 67.78, 68.50, 67.75, 68.49, 20, 20, 14, 6
2026/3/11, 12:00:00, 68.19, 68.53, 68.19, 68.34, 39, 25, 31, 8
2026/3/11, 13:00:00, 67.83, 68.21, 67.69, 68.06, 29, 29, 17, 12
2026/3/11, 14:00:00, 67.51, 68.15, 67.27, 68.15, 105, 68, 23, 82
2026/3/11, 15:00:00, 68.09, 68.50, 68.09, 68.45, 123, 100, 38, 85
2026/3/11, 16:00:00, 68.45, 68.60, 68.03, 68.21, 10, 8, 3, 7
2026/3/11, 17:00:00, 68.25, 68.90, 68.25, 68.90, 56, 56, 5, 51
2026/3/11, 18:00:00, 69.30, 69.69, 69.30, 69.37, 236, 187, 58, 178
2026/3/11, 19:00:00, 69.66, 69.77, 69.29, 69.77, 17, 16, 12, 5
2026/3/11, 20:00:00, 69.75, 69.92, 69.43, 69.43, 51, 40, 28, 23
2026/3/11, 23:00:00, 70.87, 71.27, 70.87, 70.90, 13, 12, 9, 4
2026/3/12, 00:00:00, 70.58, 70.58, 70.13, 70.26, 18, 15, 15, 3
2026/3/12, 01:00:00, 70.18, 70.18, 69.70, 69.70, 12, 9, 8, 4
2026/3/12, 02:00:00, 70.61, 70.74, 70.43, 70.43, 9, 8, 1, 8
2026/3/12, 03:00:00, 70.50, 70.58, 70.47, 70.49, 6, 6, 3, 3
2026/3/12, 04:00:00, 70.51, 70.77, 70.50, 70.57, 9, 9, 3, 6
2026/3/12, 05:00:00, 70.42, 70.46, 70.26, 70.31, 17, 17, 15, 2
2026/3/12, 06:00:00, 70.05, 70.26, 69.81, 69.81, 18, 18, 5, 13
2026/3/12, 07:00:00, 69.68, 69.75, 69.41, 69.51, 7, 7, 6, 1
2026/3/12, 08:00:00, 69.68, 70.33, 69.68, 70.16, 6, 6, 2, 4
2026/3/12, 09:00:00, 70.11, 70.45, 70.11, 70.24, 19, 18, 5, 14
2026/3/12, 10:00:00, 69.68, 70.20, 69.57, 69.87, 134, 104, 104, 30
2026/3/12, 11:00:00, 70.12, 70.59, 70.01, 70.59, 88, 67, 63, 25
2026/3/12, 12:00:00, 70.59, 70.88, 70.30, 70.30, 62, 58, 35, 27
2026/3/12, 13:00:00, 70.66, 70.82, 70.12, 70.61, 154, 134, 22, 132
2026/3/12, 14:00:00, 70.60, 70.79, 70.17, 70.55, 54, 51, 19, 35
2026/3/12, 15:00:00, 70.65, 71.02, 70.12, 70.64, 70, 64, 34, 36
2026/3/12, 16:00:00, 70.70, 71.03, 70.22, 70.55, 48, 45, 18, 30
2026/3/12, 17:00:00, 70.88, 71.17, 70.87, 71.14, 33, 24, 5, 28
2026/3/12, 18:00:00, 71.00, 72.13, 70.89, 72.13, 238, 200, 66, 172
2026/3/12, 19:00:00, 72.32, 72.32, 71.88, 72.07, 138, 122, 76, 62
2026/3/12, 20:00:00, 71.87, 71.91, 71.58, 71.58, 98, 90, 71, 27
2026/3/12, 22:00:00, 72.50, 72.50, 72.50, 72.50, 1, 1, 0, 1
2026/3/12, 23:00:00, 72.15, 72.27, 72.12, 72.12, 6, 4, 2, 4
2026/3/13, 01:00:00, 71.84, 72.03, 71.59, 72.00, 15, 15, 9, 6
2026/3/13, 02:00:00, 71.96, 72.08, 71.96, 72.08, 8, 7, 5, 3
2026/3/13, 06:00:00, 71.47, 71.47, 71.47, 71.47, 1, 1, 0, 1
2026/3/13, 07:00:00, 72.27, 72.60, 72.27, 72.60, 6, 5, 5, 1
2026/3/13, 08:00:00, 72.59, 72.59, 72.57, 72.57, 5, 3, 5, 0
2026/3/13, 09:00:00, 72.06, 72.07, 71.98, 71.99, 109, 77, 7, 102
2026/3/13, 10:00:00, 71.79, 72.16, 71.76, 71.81, 124, 88, 20, 104
2026/3/13, 11:00:00, 72.07, 72.17, 72.01, 72.01, 9, 7, 5, 4
2026/3/13, 12:00:00, 72.14, 72.14, 71.32, 71.73, 181, 116, 34, 147
2026/3/13, 13:00:00, 71.85, 71.99, 71.37, 71.64, 79, 59, 64, 15
2026/3/13, 14:00:00, 71.78, 71.91, 71.53, 71.86, 43, 36, 30, 13
2026/3/13, 15:00:00, 72.00, 72.16, 71.94, 72.15, 205, 131, 34, 171
2026/3/13, 16:00:00, 72.30, 72.30, 71.77, 71.78, 38, 32, 22, 16
2026/3/13, 17:00:00, 71.80, 72.31, 71.77, 72.08, 55, 55, 18, 37
2026/3/13, 18:00:00, 72.31, 72.72, 72.06, 72.13, 219, 178, 66, 153
2026/3/13, 19:00:00, 72.13, 72.34, 71.94, 72.25, 161, 134, 41, 120
2026/3/13, 20:00:00, 72.27, 72.63, 72.26, 72.59, 156, 124, 23, 133
2026/3/15, 22:00:00, 73.34, 73.34, 72.84, 72.84, 41, 34, 14, 27
2026/3/15, 23:00:00, 72.90, 72.90, 72.63, 72.63, 12, 9, 4, 8
2026/3/16, 00:00:00, 72.56, 72.56, 72.56, 72.56, 1, 1, 1, 0
2026/3/16, 06:00:00, 72.56, 72.56, 72.42, 72.42, 4, 4, 3, 1
2026/3/16, 07:00:00, 72.38, 72.99, 72.38, 72.90, 22, 16, 8, 14
2026/3/16, 08:00:00, 72.68, 72.78, 72.63, 72.72, 25, 17, 4, 21
2026/3/16, 09:00:00, 72.72, 72.77, 72.57, 72.57, 11, 8, 3, 8
2026/3/16, 10:00:00, 72.16, 72.19, 71.78, 71.82, 10, 9, 2, 8
2026/3/16, 11:00:00, 72.10, 72.16, 71.95, 72.16, 14, 9, 3, 11
2026/3/16, 12:00:00, 72.02, 72.02, 71.66, 71.66, 9, 7, 5, 4
2026/3/16, 13:00:00, 71.64, 72.01, 70.94, 70.94, 56, 51, 53, 3
2026/3/16, 14:00:00, 71.19, 72.38, 71.08, 72.38, 35, 30, 28, 7
2026/3/16, 15:00:00, 72.26, 72.43, 72.23, 72.43, 22, 18, 15, 7
2026/3/16, 16:00:00, 72.37, 72.71, 72.33, 72.55, 21, 19, 20, 1
2026/3/16, 17:00:00, 72.54, 72.58, 71.86, 72.13, 40, 34, 32, 8
2026/3/16, 18:00:00, 72.12, 72.16, 71.73, 71.91, 68, 54, 49, 19
2026/3/16, 19:00:00, 72.00, 72.15, 72.00, 72.11, 65, 50, 17, 48
2026/3/16, 20:00:00, 71.96, 72.16, 71.81, 72.16, 21, 16, 14, 7
2026/3/16, 22:00:00, 72.75, 72.81, 72.75, 72.81, 22, 7, 3, 19
2026/3/17, 00:00:00, 72.78, 72.78, 72.75, 72.75, 17, 14, 16, 1
2026/3/17, 01:00:00, 72.75, 72.75, 72.75, 72.75, 3, 3, 3, 0
2026/3/17, 04:00:00, 72.69, 72.69, 72.69, 72.69, 1, 1, 1, 0
2026/3/17, 05:00:00, 72.94, 72.94, 72.94, 72.94, 1, 1, 0, 1
2026/3/17, 07:00:00, 73.45, 73.45, 73.21, 73.28, 8, 8, 3, 5
2026/3/17, 08:00:00, 73.74, 73.77, 73.65, 73.73, 4, 4, 1, 3
2026/3/17, 09:00:00, 73.76, 73.76, 73.76, 73.76, 1, 1, 0, 1
2026/3/17, 10:00:00, 73.87, 73.87, 73.87, 73.87, 1, 1, 0, 1
2026/3/17, 11:00:00, 74.03, 74.07, 74.00, 74.00, 4, 4, 1, 3
2026/3/17, 12:00:00, 73.76, 73.76, 73.25, 73.25, 128, 62, 80, 48
2026/3/17, 13:00:00, 73.14, 73.29, 72.63, 72.63, 24, 21, 15, 9
2026/3/17, 14:00:00, 72.98, 73.18, 72.81, 72.82, 99, 93, 11, 88
2026/3/17, 15:00:00, 72.79, 73.46, 72.75, 73.46, 184, 109, 141, 43
2026/3/17, 16:00:00, 73.28, 73.32, 72.88, 73.11, 39, 29, 23, 16
2026/3/17, 17:00:00, 73.14, 73.17, 72.97, 73.09, 16, 16, 10, 6
2026/3/17, 18:00:00, 73.04, 73.42, 72.94, 73.40, 49, 48, 45, 4
2026/3/17, 19:00:00, 73.50, 73.62, 73.39, 73.39, 23, 16, 10, 13
2026/3/17, 20:00:00, 73.35, 73.72, 73.35, 73.57, 4, 3, 3, 1
2026/3/17, 22:00:00, 73.32, 73.61, 73.32, 73.61, 8, 8, 7, 1
2026/3/17, 23:00:00, 73.67, 73.67, 73.67, 73.67, 1, 1, 1, 0
2026/3/18, 00:00:00, 73.69, 73.75, 73.69, 73.75, 2, 2, 1, 1
2026/3/18, 01:00:00, 73.34, 73.36, 73.17, 73.17, 8, 8, 1, 7
2026/3/18, 02:00:00, 72.99, 72.99, 72.99, 72.99, 1, 1, 0, 1
2026/3/18, 03:00:00, 73.13, 73.13, 72.60, 72.60, 6, 6, 6, 0
2026/3/18, 04:00:00, 72.63, 72.72, 72.40, 72.72, 12, 11, 11, 1
2026/3/18, 05:00:00, 72.72, 72.85, 72.69, 72.72, 8, 8, 7, 1
2026/3/18, 06:00:00, 72.44, 72.58, 72.44, 72.58, 2, 2, 2, 0
2026/3/18, 07:00:00, 72.72, 72.77, 72.70, 72.77, 12, 11, 0, 12
2026/3/18, 08:00:00, 72.82, 73.17, 72.78, 73.11, 15, 15, 1, 14
2026/3/18, 09:00:00, 73.18, 73.23, 73.10, 73.10, 5, 5, 3, 2
2026/3/18, 10:00:00, 73.10, 73.23, 73.06, 73.06, 4, 4, 2, 2
2026/3/18, 11:00:00, 73.08, 73.85, 73.02, 73.56, 104, 93, 54, 50
2026/3/18, 12:00:00, 73.74, 74.67, 73.73, 74.66, 170, 148, 25, 145
2026/3/18, 13:00:00, 74.69, 75.18, 74.59, 74.90, 320, 269, 148, 172
2026/3/18, 14:00:00, 74.90, 75.07, 74.59, 74.72, 263, 186, 143, 120
2026/3/18, 15:00:00, 74.70, 74.95, 74.47, 74.86, 30, 24, 15, 15
2026/3/18, 16:00:00, 74.91, 75.08, 74.66, 74.66, 140, 108, 27, 113
2026/3/18, 17:00:00, 74.83, 75.09, 74.34, 74.67, 140, 126, 112, 28
2026/3/18, 18:00:00, 74.55, 75.10, 74.27, 74.79, 262, 214, 115, 147
2026/3/18, 19:00:00, 74.83, 75.47, 74.83, 75.15, 245, 156, 70, 175
2026/3/18, 20:00:00, 75.11, 75.75, 75.10, 75.75, 124, 108, 30, 94
2026/3/18, 22:00:00, 75.74, 75.74, 75.57, 75.60, 13, 13, 13, 0
2026/3/18, 23:00:00, 75.61, 75.75, 75.38, 75.70, 38, 36, 36, 2
2026/3/19, 00:00:00, 75.58, 75.74, 75.38, 75.56, 13, 13, 5, 8
2026/3/19, 01:00:00, 75.39, 75.65, 75.39, 75.63, 11, 11, 7, 4
2026/3/19, 02:00:00, 75.63, 75.63, 75.30, 75.36, 17, 17, 15, 2
2026/3/19, 03:00:00, 75.14, 75.28, 75.08, 75.27, 16, 12, 7, 9
2026/3/19, 04:00:00, 75.23, 75.36, 75.17, 75.35, 16, 15, 1, 15
