Date, Time, Open, High, Low, Last, Volume, NumberOfTrades, BidVolume, AskVolume
2026/2/18, 09:25:00, 60.13, 60.13, 60.13, 60.13, 1, 1, 1, 0
2026/2/18, 09:50:00, 60.13, 60.13, 60.13, 60.13, 1, 1, 0, 1
2026/2/18, 19:25:00, 61.39, 61.39, 61.33, 61.33, 4, 4, 0, 4
2026/2/18, 20:55:00, 61.37, 61.37, 61.37, 61.37, 1, 1, 1, 0
2026/2/19, 15:00:00, 61.82, 61.86, 61.66, 61.81, 9, 7, 6, 3
2026/2/19, 16:20:00, 62.05, 62.05, 62.05, 62.05, 1, 1, 1, 0
2026/2/19, 20:10:00, 62.07, 62.07, 62.07, 62.07, 4, 2, 4, 0
2026/2/19, 20:25:00, 62.01, 62.01, 62.01, 62.01, 1, 1, 0, 1
2026/2/20, 19:25:00, 61.95, 62.04, 61.95, 62.04, 8, 6, 0, 8
2026/2/23, 18:00:00, 62.04, 62.05, 62.04, 62.05, 4, 4, 0, 4
2026/2/23, 19:25:00, 62.19, 62.19, 62.19, 62.19, 1, 1, 0, 1
2026/2/23, 19:40:00, 62.16, 62.16, 62.16, 62.16, 1, 1, 1, 0
2026/2/24, 09:40:00, 62.48, 62.48, 62.48, 62.48, 1, 1, 1, 0
2026/2/24, 10:00:00, 62.54, 62.54, 62.54, 62.54, 1, 1, 0, 1
2026/2/24, 16:10:00, 62.23, 62.23, 62.23, 62.23, 1, 1, 1, 0
2026/2/24, 18:25:00, 62.31, 62.31, 62.31, 62.31, 1, 1, 0, 1
2026/2/25, 19:25:00, 62.09, 62.15, 62.09, 62.15, 3, 3, 0, 3
2026/2/25, 19:30:00, 62.18, 62.18, 62.18, 62.18, 1, 1, 1, 0
2026/2/26, 12:20:00, 61.02, 61.02, 61.02, 61.02, 1, 1, 0, 1
2026/2/26, 15:40:00, 62.14, 62.14, 62.14, 62.14, 1, 1, 0, 1
2026/2/26, 20:55:00, 61.61, 61.79, 61.61, 61.79, 2, 2, 1, 1
2026/2/27, 01:50:00, 61.41, 61.41, 61.41, 61.41, 1, 1, 0, 1
2026/2/27, 09:05:00, 61.94, 61.94, 61.94, 61.94, 1, 1, 0, 1
2026/2/27, 11:25:00, 62.34, 62.34, 62.30, 62.30, 7, 3, 6, 1
2026/2/27, 12:35:00, 62.44, 62.44, 62.44, 62.44, 1, 1, 0, 1
2026/2/27, 14:25:00, 62.71, 62.71, 62.71, 62.71, 3, 1, 3, 0
2026/2/27, 17:30:00, 62.19, 62.19, 62.19, 62.19, 3, 2, 0, 3
2026/2/27, 17:50:00, 62.18, 62.18, 62.18, 62.18, 160, 132, 0, 160
2026/2/27, 19:00:00, 62.46, 62.51, 62.46, 62.51, 302, 226, 2, 300
2026/3/1, 23:10:00, 65.17, 65.17, 65.17, 65.17, 1, 1, 0, 1
2026/3/2, 16:20:00, 63.42, 63.42, 63.42, 63.42, 1, 1, 1, 0
2026/3/3, 12:30:00, 64.05, 64.05, 64.05, 64.05, 3, 3, 3, 0
2026/3/3, 14:35:00, 64.28, 64.28, 64.28, 64.28, 3, 3, 0, 3
2026/3/3, 14:40:00, 64.20, 64.20, 64.20, 64.20, 1, 1, 0, 1
2026/3/3, 14:50:00, 64.14, 64.14, 64.14, 64.14, 1, 1, 0, 1
2026/3/3, 14:55:00, 64.14, 64.14, 64.14, 64.14, 1, 1, 0, 1
2026/3/3, 15:00:00, 64.06, 64.06, 64.06, 64.06, 1, 1, 0, 1
2026/3/3, 15:05:00, 63.99, 63.99, 63.99, 63.99, 1, 1, 0, 1
2026/3/3, 15:10:00, 64.01, 64.01, 64.01, 64.01, 1, 1, 0, 1
2026/3/3, 15:15:00, 64.12, 64.12, 64.12, 64.12, 1, 1, 0, 1
2026/3/3, 15:20:00, 64.12, 64.12, 64.12, 64.12, 1, 1, 0, 1
2026/3/3, 15:30:00, 64.12, 64.12, 64.12, 64.12, 1, 1, 0, 1
2026/3/3, 15:35:00, 64.08, 64.08, 64.08, 64.08, 1, 1, 0, 1
2026/3/3, 15:40:00, 64.09, 64.09, 64.09, 64.09, 1, 1, 0, 1
2026/3/3, 15:50:00, 64.05, 64.05, 64.05, 64.05, 1, 1, 0, 1
2026/3/3, 15:55:00, 64.05, 64.05, 64.03, 64.03, 2, 2, 0, 2
2026/3/3, 19:25:00, 63.23, 63.39, 63.14, 63.34, 6, 6, 4, 2
2026/3/4, 15:00:00, 63.35, 63.35, 63.35, 63.35, 1, 1, 0, 1
2026/3/4, 15:15:00, 63.42, 63.42, 63.42, 63.42, 6, 1, 0, 6
2026/3/4, 18:50:00, 63.54, 64.42, 63.54, 64.31, 73, 12, 13, 60
2026/3/4, 19:00:00, 64.29, 64.29, 64.29, 64.29, 1, 1, 0, 1
2026/3/4, 19:05:00, 64.28, 64.28, 64.28, 64.28, 1, 1, 0, 1
2026/3/4, 19:10:00, 64.28, 64.28, 64.28, 64.28, 1, 1, 0, 1
2026/3/4, 19:20:00, 64.28, 64.28, 64.28, 64.28, 2, 2, 0, 2
2026/3/4, 19:25:00, 64.28, 64.28, 63.96, 64.06, 4, 4, 1, 3
2026/3/4, 21:10:00, 63.88, 63.88, 63.88, 63.88, 2, 1, 0, 2
2026/3/4, 21:15:00, 63.87, 63.87, 63.87, 63.87, 2, 2, 0, 2
2026/3/4, 21:20:00, 63.97, 63.97, 63.97, 63.97, 3, 3, 0, 3
2026/3/4, 21:25:00, 63.94, 63.95, 63.94, 63.95, 3, 3, 0, 3
2026/3/4, 21:30:00, 63.97, 63.97, 63.95, 63.95, 3, 3, 0, 3
2026/3/4, 21:35:00, 63.87, 63.87, 63.87, 63.87, 2, 1, 0, 2
2026/3/4, 21:40:00, 63.87, 63.87, 63.87, 63.87, 2, 1, 0, 2
2026/3/5, 19:25:00, 65.29, 65.35, 65.22, 65.22, 20, 16, 18, 2
2026/3/5, 19:30:00, 65.18, 65.18, 65.18, 65.18, 1, 1, 1, 0
2026/3/6, 10:20:00, 66.30, 66.30, 66.30, 66.30, 10, 1, 0, 10
2026/3/6, 12:20:00, 66.50, 66.50, 66.50, 66.50, 10, 4, 0, 10
2026/3/6, 19:20:00, 66.31, 66.31, 66.25, 66.25, 10, 9, 9, 1
2026/3/6, 19:25:00, 66.50, 66.50, 66.27, 66.27, 3, 3, 2, 1
2026/3/6, 20:00:00, 66.52, 66.52, 66.52, 66.52, 1, 1, 1, 0
2026/3/6, 21:25:00, 66.40, 66.44, 66.40, 66.44, 10, 10, 0, 10
2026/3/9, 00:50:00, 69.76, 69.76, 69.76, 69.76, 1, 1, 0, 1
2026/3/9, 01:10:00, 69.60, 69.60, 69.16, 69.16, 8, 5, 5, 3
2026/3/9, 01:20:00, 69.50, 69.50, 69.34, 69.34, 2, 2, 1, 1
2026/3/9, 01:25:00, 69.34, 69.34, 69.34, 69.34, 6, 4, 6, 0
2026/3/9, 05:20:00, 69.34, 69.34, 69.34, 69.34, 1, 1, 1, 0
2026/3/9, 11:40:00, 69.03, 69.03, 69.03, 69.03, 1, 1, 0, 1
2026/3/9, 11:45:00, 68.93, 68.93, 68.93, 68.93, 1, 1, 0, 1
2026/3/9, 11:50:00, 68.88, 68.88, 68.05, 68.05, 3, 3, 2, 1
2026/3/9, 12:00:00, 68.05, 68.05, 68.05, 68.05, 1, 1, 1, 0
2026/3/9, 12:05:00, 68.39, 68.39, 68.39, 68.39, 1, 1, 0, 1
2026/3/9, 12:10:00, 68.39, 68.39, 68.39, 68.39, 2, 2, 0, 2
2026/3/9, 12:15:00, 68.39, 68.39, 68.39, 68.39, 1, 1, 0, 1
2026/3/9, 12:20:00, 68.39, 68.65, 68.39, 68.65, 2, 2, 0, 2
2026/3/9, 12:25:00, 68.65, 68.65, 68.65, 68.65, 1, 1, 0, 1
2026/3/9, 12:30:00, 68.65, 68.65, 68.65, 68.65, 2, 2, 0, 2
2026/3/9, 12:35:00, 68.65, 68.65, 68.65, 68.65, 1, 1, 0, 1
2026/3/9, 12:40:00, 68.65, 68.65, 68.65, 68.65, 2, 2, 0, 2
2026/3/9, 12:45:00, 68.65, 68.65, 68.65, 68.65, 2, 2, 0, 2
2026/3/9, 12:50:00, 68.73, 68.73, 68.73, 68.73, 2, 2, 0, 2
2026/3/9, 12:55:00, 68.73, 68.73, 68.73, 68.73, 5, 5, 0, 5
2026/3/9, 14:50:00, 68.10, 68.10, 68.10, 68.10, 1, 1, 0, 1
2026/3/9, 15:25:00, 66.50, 66.69, 66.50, 66.69, 2, 2, 1, 1
2026/3/9, 16:25:00, 66.50, 66.80, 66.50, 66.80, 10, 9, 10, 0
2026/3/9, 19:25:00, 65.50, 65.50, 65.50, 65.50, 1, 1, 1, 0
2026/3/9, 19:35:00, 66.00, 66.00, 66.00, 66.00, 1, 1, 0, 1
2026/3/9, 20:25:00, 66.60, 66.60, 66.60, 66.60, 1, 1, 1, 0
2026/3/9, 22:20:00, 67.01, 67.01, 67.01, 67.01, 1, 1, 0, 1
2026/3/10, 01:15:00, 65.62, 65.62, 65.62, 65.62, 3, 1, 3, 0
2026/3/10, 01:20:00, 66.50, 66.50, 66.50, 66.50, 2, 2, 0, 2
2026/3/10, 01:30:00, 66.50, 66.50, 66.50, 66.50, 3, 3, 0, 3
2026/3/10, 05:00:00, 66.50, 66.50, 66.50, 66.50, 1, 1, 0, 1
2026/3/10, 05:05:00, 66.50, 66.50, 66.50, 66.50, 2, 2, 0, 2
2026/3/10, 05:40:00, 66.50, 66.50, 66.50, 66.50, 1, 1, 0, 1
2026/3/10, 10:50:00, 66.96, 66.96, 66.96, 66.96, 1, 1, 1, 0
2026/3/10, 11:00:00, 66.87, 66.87, 66.87, 66.87, 3, 3, 3, 0
2026/3/10, 11:10:00, 67.30, 67.30, 67.30, 67.30, 2, 1, 2, 0
2026/3/10, 11:15:00, 67.17, 67.17, 67.16, 67.16, 3, 3, 1, 2
2026/3/10, 17:10:00, 66.44, 66.45, 66.32, 66.32, 35, 11, 15, 20
2026/3/10, 17:20:00, 65.67, 65.79, 65.67, 65.75, 4, 4, 3, 1
2026/3/10, 17:25:00, 65.76, 65.76, 65.76, 65.76, 1, 1, 1, 0
2026/3/10, 17:30:00, 66.19, 66.19, 66.19, 66.19, 1, 1, 1, 0
2026/3/10, 17:35:00, 66.24, 66.24, 65.90, 65.90, 2, 2, 2, 0
2026/3/10, 18:25:00, 67.12, 67.16, 67.12, 67.16, 6, 6, 0, 6
2026/3/10, 18:40:00, 67.23, 67.23, 67.00, 67.00, 2, 2, 1, 1
2026/3/11, 00:25:00, 67.15, 67.15, 67.15, 67.15, 1, 1, 0, 1
2026/3/11, 00:35:00, 67.25, 67.25, 67.25, 67.25, 1, 1, 0, 1
2026/3/11, 03:05:00, 67.75, 67.75, 67.75, 67.75, 1, 1, 1, 0
2026/3/11, 11:40:00, 67.36, 67.36, 67.36, 67.36, 2, 1, 2, 0
2026/3/11, 11:45:00, 68.05, 68.10, 68.05, 68.10, 3, 3, 0, 3
2026/3/11, 13:15:00, 67.50, 67.50, 67.50, 67.50, 1, 1, 0, 1
2026/3/11, 14:30:00, 67.62, 67.62, 67.62, 67.62, 4, 1, 0, 4
2026/3/11, 18:05:00, 68.78, 68.78, 68.78, 68.78, 1, 1, 0, 1
2026/3/11, 18:25:00, 68.63, 68.72, 68.63, 68.72, 2, 2, 0, 2
2026/3/11, 20:35:00, 68.72, 68.72, 68.72, 68.72, 1, 1, 1, 0
2026/3/12, 00:30:00, 69.60, 69.63, 69.60, 69.62, 3, 3, 3, 0
2026/3/12, 02:30:00, 69.57, 69.64, 69.57, 69.64, 2, 2, 2, 0
2026/3/12, 06:45:00, 68.84, 68.84, 68.84, 68.84, 5, 5, 5, 0
2026/3/12, 08:25:00, 69.55, 69.55, 69.55, 69.55, 2, 2, 0, 2
2026/3/12, 15:45:00, 69.56, 69.56, 69.56, 69.56, 1, 1, 1, 0
2026/3/12, 15:55:00, 70.23, 70.23, 70.23, 70.23, 3, 3, 0, 3
2026/3/12, 16:00:00, 70.29, 70.33, 70.29, 70.33, 6, 6, 0, 6
2026/3/12, 16:35:00, 69.71, 69.71, 69.63, 69.63, 8, 4, 7, 1
2026/3/12, 18:30:00, 71.03, 71.03, 71.03, 71.03, 1, 1, 0, 1
2026/3/12, 19:20:00, 71.62, 71.62, 71.62, 71.62, 3, 1, 0, 3
2026/3/12, 19:35:00, 71.21, 71.21, 71.21, 71.21, 10, 10, 10, 0
2026/3/12, 20:05:00, 71.04, 71.04, 71.04, 71.04, 5, 5, 5, 0
2026/3/12, 20:10:00, 71.03, 71.03, 71.03, 71.03, 5, 5, 5, 0
2026/3/12, 20:40:00, 70.98, 70.98, 70.98, 70.98, 10, 10, 10, 0
2026/3/13, 09:15:00, 71.00, 71.15, 71.00, 71.15, 8, 4, 3, 5
2026/3/13, 11:20:00, 71.80, 71.80, 71.80, 71.80, 1, 1, 0, 1
2026/3/13, 12:45:00, 70.64, 70.65, 70.51, 70.51, 6, 6, 1, 5
2026/3/13, 12:50:00, 71.04, 71.04, 71.04, 71.04, 1, 1, 0, 1
2026/3/13, 13:00:00, 71.17, 71.17, 71.17, 71.17, 1, 1, 0, 1
2026/3/13, 15:45:00, 71.50, 71.50, 71.24, 71.24, 14, 12, 0, 14
2026/3/13, 16:05:00, 71.29, 71.29, 71.29, 71.29, 3, 1, 3, 0
2026/3/13, 16:20:00, 71.50, 71.50, 71.50, 71.50, 1, 1, 1, 0
2026/3/13, 18:25:00, 71.73, 71.78, 71.73, 71.78, 9, 9, 0, 9
2026/3/13, 20:10:00, 71.39, 71.47, 71.39, 71.47, 6, 3, 3, 3
2026/3/16, 13:10:00, 71.09, 71.09, 71.09, 71.09, 1, 1, 0, 1
2026/3/16, 16:40:00, 71.85, 71.85, 71.80, 71.80, 2, 2, 1, 1
2026/3/16, 18:25:00, 71.31, 71.36, 71.31, 71.36, 9, 9, 0, 9
2026/3/16, 18:30:00, 71.27, 71.27, 71.27, 71.27, 4, 2, 4, 0
2026/3/17, 08:15:00, 72.82, 72.82, 72.82, 72.82, 1, 1, 0, 1
2026/3/17, 18:25:00, 72.65, 72.65, 72.33, 72.57, 4, 4, 2, 2
2026/3/18, 09:45:00, 72.49, 72.49, 72.49, 72.49, 2, 1, 0, 2
2026/3/18, 12:45:00, 73.72, 73.72, 73.72, 73.72, 1, 1, 1, 0
2026/3/18, 13:15:00, 74.41, 74.41, 74.19, 74.19, 2, 2, 1, 1
2026/3/18, 13:25:00, 74.20, 74.30, 74.10, 74.10, 104, 32, 99, 5
2026/3/18, 14:10:00, 73.62, 73.71, 73.56, 73.69, 70, 11, 70, 0
2026/3/18, 14:25:00, 74.50, 74.50, 74.32, 74.40, 108, 52, 100, 8
2026/3/18, 15:30:00, 74.12, 74.26, 74.12, 74.26, 10, 4, 5, 5
2026/3/18, 15:50:00, 74.31, 74.31, 74.31, 74.31, 6, 6, 0, 6
2026/3/18, 18:00:00, 73.69, 73.69, 73.65, 73.65, 5, 2, 1, 4
2026/3/18, 18:15:00, 74.03, 74.16, 74.03, 74.09, 7, 7, 5, 2
2026/3/18, 18:25:00, 73.87, 74.30, 73.87, 74.18, 6, 5, 5, 1
2026/3/18, 18:30:00, 74.14, 74.14, 74.14, 74.14, 1, 1, 1, 0
2026/3/19, 01:20:00, 75.14, 75.14, 75.14, 75.14, 1, 1, 0, 1
