Date, Time, Open, High, Low, Last, Volume, NumberOfTrades, BidVolume, AskVolume
2026/2/17, 23:00:00, 62.07, 62.09, 61.92, 62.04, 88, 75, 44, 44
2026/2/18, 00:00:00, 62.04, 62.12, 61.99, 62.01, 66, 53, 27, 39
2026/2/18, 01:00:00, 62.02, 62.14, 62.01, 62.10, 105, 67, 34, 71
2026/2/18, 02:00:00, 62.11, 62.20, 62.08, 62.13, 110, 106, 51, 59
2026/2/18, 03:00:00, 62.16, 62.27, 62.16, 62.25, 85, 64, 32, 53
2026/2/18, 04:00:00, 62.26, 62.33, 62.23, 62.33, 100, 84, 53, 47
2026/2/18, 05:00:00, 62.32, 62.32, 62.19, 62.19, 86, 80, 55, 31
2026/2/18, 06:00:00, 62.19, 62.35, 62.13, 62.21, 139, 108, 50, 89
2026/2/18, 07:00:00, 62.20, 62.32, 62.16, 62.27, 227, 216, 82, 145
2026/2/18, 08:00:00, 62.28, 62.52, 62.21, 62.22, 718, 627, 322, 396
2026/2/18, 09:00:00, 62.23, 62.47, 62.20, 62.29, 660, 593, 328, 332
2026/2/18, 10:00:00, 62.31, 62.90, 62.31, 62.82, 1438, 1278, 676, 762
2026/2/18, 11:00:00, 62.84, 63.43, 62.82, 63.43, 1293, 1137, 623, 670
2026/2/18, 12:00:00, 63.43, 63.92, 63.27, 63.81, 2870, 2432, 1419, 1451
2026/2/18, 13:00:00, 63.81, 63.88, 63.56, 63.61, 3028, 2348, 1677, 1351
2026/2/18, 14:00:00, 63.60, 64.22, 63.47, 64.08, 6526, 4837, 3893, 2633
2026/2/18, 15:00:00, 64.08, 64.12, 63.89, 64.01, 3719, 3225, 1897, 1822
2026/2/18, 16:00:00, 64.02, 64.45, 63.94, 64.36, 4191, 3536, 2395, 1796
2026/2/18, 17:00:00, 64.35, 64.78, 64.26, 64.74, 2856, 2355, 1481, 1375
2026/2/18, 18:00:00, 64.74, 64.86, 64.40, 64.83, 4356, 3499, 2262, 2094
2026/2/18, 19:00:00, 64.83, 65.06, 64.62, 64.81, 4278, 3486, 2382, 1896
2026/2/18, 20:00:00, 64.83, 65.19, 64.80, 65.02, 1349, 1148, 668, 681
2026/2/18, 21:00:00, 65.02, 65.07, 64.60, 64.72, 688, 482, 329, 359
2026/2/18, 23:00:00, 64.71, 65.11, 64.62, 64.82, 262, 166, 169, 93
2026/2/19, 00:00:00, 64.79, 64.88, 64.72, 64.82, 148, 121, 90, 58
2026/2/19, 01:00:00, 64.85, 64.96, 64.73, 64.95, 308, 235, 164, 144
2026/2/19, 02:00:00, 64.97, 65.08, 64.93, 65.07, 287, 194, 184, 103
2026/2/19, 03:00:00, 65.06, 65.17, 65.05, 65.14, 223, 174, 115, 108
2026/2/19, 04:00:00, 65.13, 65.19, 64.94, 64.98, 189, 165, 92, 97
2026/2/19, 05:00:00, 65.02, 65.10, 65.00, 65.01, 179, 136, 95, 84
2026/2/19, 06:00:00, 65.03, 65.08, 64.95, 65.01, 135, 132, 76, 59
2026/2/19, 07:00:00, 65.05, 65.57, 65.01, 65.53, 678, 576, 318, 360
2026/2/19, 08:00:00, 65.54, 65.99, 65.40, 65.95, 1835, 1632, 828, 1007
2026/2/19, 09:00:00, 65.95, 66.00, 65.42, 65.53, 1749, 1590, 936, 813
2026/2/19, 10:00:00, 65.51, 65.78, 65.38, 65.73, 1419, 1218, 722, 697
2026/2/19, 11:00:00, 65.74, 66.02, 65.58, 65.78, 1480, 1176, 803, 677
2026/2/19, 12:00:00, 65.79, 65.90, 65.72, 65.83, 1367, 1274, 718, 649
2026/2/19, 13:00:00, 65.83, 66.25, 65.69, 66.12, 3268, 2682, 1700, 1568
2026/2/19, 14:00:00, 66.11, 66.27, 65.69, 66.10, 5038, 4009, 2633, 2405
2026/2/19, 15:00:00, 66.11, 66.24, 65.24, 66.20, 7575, 6205, 4107, 3468
2026/2/19, 16:00:00, 66.20, 66.38, 66.02, 66.34, 3228, 2861, 1666, 1562
2026/2/19, 17:00:00, 66.31, 66.49, 66.15, 66.33, 3019, 2452, 1599, 1420
2026/2/19, 18:00:00, 66.32, 66.35, 66.01, 66.28, 2897, 2453, 1660, 1237
2026/2/19, 19:00:00, 66.29, 66.39, 66.13, 66.37, 3042, 2451, 1603, 1439
2026/2/19, 20:00:00, 66.37, 66.50, 66.32, 66.48, 840, 677, 405, 435
2026/2/19, 21:00:00, 66.50, 66.67, 65.73, 66.48, 1153, 894, 598, 555
2026/2/19, 23:00:00, 66.49, 66.49, 66.23, 66.26, 120, 88, 52, 68
2026/2/20, 00:00:00, 66.25, 66.31, 66.10, 66.26, 173, 125, 90, 83
2026/2/20, 01:00:00, 66.27, 66.59, 66.15, 66.35, 361, 305, 157, 204
2026/2/20, 02:00:00, 66.38, 66.63, 66.30, 66.39, 312, 248, 146, 166
2026/2/20, 03:00:00, 66.40, 66.49, 66.28, 66.42, 129, 116, 65, 64
2026/2/20, 04:00:00, 66.43, 66.51, 66.41, 66.51, 146, 135, 81, 65
2026/2/20, 05:00:00, 66.52, 66.70, 66.48, 66.62, 252, 180, 107, 145
2026/2/20, 06:00:00, 66.64, 66.79, 66.48, 66.51, 345, 272, 150, 195
2026/2/20, 07:00:00, 66.50, 66.53, 66.11, 66.11, 706, 641, 401, 305
2026/2/20, 08:00:00, 66.13, 66.22, 65.90, 65.95, 1964, 1758, 1005, 959
2026/2/20, 09:00:00, 65.96, 66.37, 65.69, 65.83, 1818, 1684, 903, 915
2026/2/20, 10:00:00, 65.85, 65.95, 65.70, 65.81, 1711, 1597, 803, 908
2026/2/20, 11:00:00, 65.81, 66.19, 65.63, 65.82, 2070, 1765, 967, 1103
2026/2/20, 12:00:00, 65.80, 66.03, 65.77, 65.97, 1314, 1212, 575, 739
2026/2/20, 13:00:00, 65.98, 66.10, 65.85, 66.08, 2137, 1401, 925, 1212
2026/2/20, 14:00:00, 66.09, 66.30, 65.71, 66.07, 4371, 3677, 2294, 2077
2026/2/20, 15:00:00, 66.09, 66.45, 65.68, 65.76, 5100, 4401, 2617, 2483
2026/2/20, 16:00:00, 65.77, 66.14, 65.65, 65.97, 3933, 3311, 2340, 1593
2026/2/20, 17:00:00, 65.99, 66.28, 65.95, 66.22, 1636, 1512, 866, 770
2026/2/20, 18:00:00, 66.22, 66.48, 66.07, 66.32, 2215, 1929, 1034, 1181
2026/2/20, 19:00:00, 66.33, 66.33, 66.03, 66.23, 3319, 2655, 1672, 1647
2026/2/20, 20:00:00, 66.24, 66.28, 66.04, 66.17, 897, 762, 480, 417
2026/2/20, 21:00:00, 66.18, 66.23, 66.09, 66.13, 380, 346, 204, 176
2026/2/22, 23:00:00, 65.72, 65.90, 65.24, 65.81, 717, 538, 327, 390
2026/2/23, 00:00:00, 65.81, 65.82, 65.48, 65.54, 449, 324, 281, 168
2026/2/23, 01:00:00, 65.53, 65.79, 65.42, 65.70, 418, 257, 157, 261
2026/2/23, 02:00:00, 65.72, 65.85, 65.69, 65.69, 155, 137, 70, 85
2026/2/23, 03:00:00, 65.66, 65.72, 65.50, 65.52, 181, 137, 87, 94
2026/2/23, 04:00:00, 65.55, 65.57, 65.33, 65.39, 205, 172, 94, 111
2026/2/23, 05:00:00, 65.38, 65.61, 65.38, 65.58, 159, 128, 58, 101
2026/2/23, 06:00:00, 65.55, 65.62, 65.46, 65.50, 138, 122, 97, 41
2026/2/23, 07:00:00, 65.52, 65.61, 65.35, 65.48, 591, 505, 350, 241
2026/2/23, 08:00:00, 65.48, 65.73, 65.39, 65.70, 1220, 1063, 566, 654
2026/2/23, 09:00:00, 65.69, 66.10, 65.59, 66.02, 1687, 1198, 860, 827
2026/2/23, 10:00:00, 66.01, 66.03, 65.82, 65.90, 787, 701, 444, 343
2026/2/23, 11:00:00, 65.89, 66.26, 65.82, 66.23, 712, 593, 375, 337
2026/2/23, 12:00:00, 66.24, 66.50, 66.22, 66.49, 1323, 1099, 536, 787
2026/2/23, 13:00:00, 66.49, 66.72, 66.33, 66.69, 1805, 1467, 875, 930
2026/2/23, 14:00:00, 66.69, 66.99, 66.53, 66.78, 4071, 3295, 1798, 2273
2026/2/23, 15:00:00, 66.80, 67.05, 66.58, 66.60, 3320, 2886, 1598, 1722
2026/2/23, 16:00:00, 66.60, 66.91, 66.09, 66.20, 4777, 4071, 2524, 2253
2026/2/23, 17:00:00, 66.22, 66.27, 65.95, 66.06, 2153, 1845, 1145, 1008
2026/2/23, 18:00:00, 66.05, 66.15, 65.92, 66.02, 1229, 1089, 678, 551
2026/2/23, 19:00:00, 66.02, 66.19, 65.93, 66.15, 3661, 2746, 1962, 1699
2026/2/23, 20:00:00, 66.17, 66.33, 66.16, 66.26, 2022, 1360, 814, 1208
2026/2/23, 21:00:00, 66.26, 66.33, 66.10, 66.10, 426, 340, 243, 183
2026/2/23, 23:00:00, 66.13, 66.16, 66.01, 66.09, 146, 108, 68, 78
2026/2/24, 00:00:00, 66.11, 66.17, 66.05, 66.16, 147, 117, 61, 86
2026/2/24, 01:00:00, 66.15, 66.30, 65.90, 66.28, 921, 714, 513, 408
2026/2/24, 02:00:00, 66.30, 66.64, 66.24, 66.63, 590, 461, 258, 332
2026/2/24, 03:00:00, 66.63, 66.75, 66.61, 66.71, 585, 450, 282, 303
2026/2/24, 04:00:00, 66.71, 66.71, 66.60, 66.62, 114, 98, 61, 53
2026/2/24, 05:00:00, 66.62, 66.78, 66.44, 66.67, 593, 416, 282, 311
2026/2/24, 06:00:00, 66.66, 66.66, 66.45, 66.59, 369, 286, 156, 213
2026/2/24, 07:00:00, 66.59, 66.62, 66.31, 66.38, 577, 498, 329, 248
2026/2/24, 08:00:00, 66.39, 66.43, 66.12, 66.39, 1599, 1500, 779, 820
2026/2/24, 09:00:00, 66.40, 66.42, 66.18, 66.39, 1549, 1214, 930, 619
2026/2/24, 10:00:00, 66.40, 66.43, 66.05, 66.13, 1595, 1462, 779, 816
2026/2/24, 11:00:00, 66.11, 66.26, 66.02, 66.22, 881, 777, 416, 465
2026/2/24, 12:00:00, 66.21, 66.48, 66.12, 66.46, 1353, 1137, 657, 696
2026/2/24, 13:00:00, 66.47, 66.97, 66.47, 66.72, 3447, 2912, 1778, 1669
2026/2/24, 14:00:00, 66.72, 66.73, 66.26, 66.40, 3243, 2833, 1666, 1577
2026/2/24, 15:00:00, 66.40, 66.53, 65.53, 65.76, 8585, 7137, 4092, 4493
2026/2/24, 16:00:00, 65.78, 66.11, 65.68, 65.87, 3217, 2886, 1574, 1643
2026/2/24, 17:00:00, 65.87, 66.20, 65.58, 65.73, 2774, 2440, 1572, 1202
2026/2/24, 18:00:00, 65.73, 65.93, 65.70, 65.85, 1417, 1202, 722, 695
2026/2/24, 19:00:00, 65.85, 65.85, 65.46, 65.81, 4213, 3013, 1834, 2379
2026/2/24, 20:00:00, 65.80, 66.35, 65.71, 66.20, 2541, 2097, 1378, 1163
2026/2/24, 21:00:00, 66.20, 66.22, 65.86, 65.97, 877, 590, 368, 509
2026/2/24, 23:00:00, 65.97, 65.99, 65.85, 65.93, 135, 113, 78, 57
2026/2/25, 00:00:00, 65.94, 66.11, 65.84, 65.97, 225, 193, 108, 117
2026/2/25, 01:00:00, 65.97, 66.16, 65.86, 65.96, 390, 355, 217, 173
2026/2/25, 02:00:00, 65.98, 66.22, 65.97, 66.20, 366, 353, 201, 165
2026/2/25, 03:00:00, 66.20, 66.47, 65.89, 65.92, 1374, 1046, 755, 619
2026/2/25, 04:00:00, 65.90, 66.02, 65.88, 65.94, 143, 132, 64, 79
2026/2/25, 05:00:00, 65.90, 65.98, 65.87, 65.92, 283, 211, 103, 180
2026/2/25, 06:00:00, 65.92, 65.92, 65.67, 65.89, 311, 261, 155, 156
2026/2/25, 07:00:00, 65.90, 66.06, 65.73, 65.79, 448, 423, 215, 233
2026/2/25, 08:00:00, 65.80, 66.02, 65.63, 65.90, 1579, 1453, 742, 837
2026/2/25, 09:00:00, 65.91, 65.94, 65.38, 65.55, 1901, 1634, 1042, 859
2026/2/25, 10:00:00, 65.55, 65.93, 65.52, 65.82, 1224, 1088, 570, 654
2026/2/25, 11:00:00, 65.83, 65.89, 65.71, 65.78, 1083, 965, 521, 562
2026/2/25, 12:00:00, 65.75, 66.19, 65.64, 66.10, 2982, 2472, 1486, 1496
2026/2/25, 13:00:00, 66.10, 66.19, 65.77, 65.80, 1838, 1691, 860, 978
2026/2/25, 14:00:00, 65.81, 65.91, 65.21, 65.23, 3878, 3482, 1937, 1941
2026/2/25, 15:00:00, 65.22, 65.53, 65.16, 65.35, 4699, 4250, 2236, 2463
2026/2/25, 16:00:00, 65.34, 65.46, 65.05, 65.40, 4988, 4182, 2512, 2476
2026/2/25, 17:00:00, 65.40, 65.50, 65.29, 65.45, 1749, 1601, 852, 897
2026/2/25, 18:00:00, 65.44, 65.71, 65.40, 65.53, 1891, 1495, 910, 981
2026/2/25, 19:00:00, 65.53, 65.66, 65.27, 65.62, 4184, 3181, 1858, 2326
2026/2/25, 20:00:00, 65.62, 65.64, 65.33, 65.37, 701, 657, 342, 359
2026/2/25, 21:00:00, 65.38, 65.52, 65.34, 65.47, 534, 440, 220, 314
2026/2/25, 23:00:00, 65.55, 65.62, 65.50, 65.53, 129, 106, 67, 62
2026/2/26, 00:00:00, 65.52, 65.75, 65.46, 65.65, 245, 182, 150, 95
2026/2/26, 01:00:00, 65.65, 65.65, 65.44, 65.54, 424, 393, 247, 177
2026/2/26, 02:00:00, 65.53, 65.57, 65.24, 65.36, 317, 291, 163, 154
2026/2/26, 03:00:00, 65.39, 65.51, 65.35, 65.44, 213, 180, 124, 89
2026/2/26, 04:00:00, 65.43, 65.52, 65.42, 65.49, 97, 94, 44, 53
2026/2/26, 05:00:00, 65.48, 65.56, 65.40, 65.40, 232, 197, 149, 83
2026/2/26, 06:00:00, 65.45, 65.47, 65.33, 65.40, 355, 332, 210, 145
2026/2/26, 07:00:00, 65.40, 65.51, 65.28, 65.39, 613, 582, 298, 315
2026/2/26, 08:00:00, 65.39, 65.56, 65.31, 65.37, 1256, 1222, 626, 630
2026/2/26, 09:00:00, 65.36, 65.36, 64.74, 65.03, 2695, 2478, 1425, 1270
2026/2/26, 10:00:00, 65.03, 65.03, 64.16, 64.33, 4030, 3503, 2187, 1843
2026/2/26, 11:00:00, 64.32, 64.61, 64.24, 64.27, 1559, 1445, 793, 766
2026/2/26, 12:00:00, 64.29, 64.38, 63.79, 64.09, 3110, 2678, 1602, 1508
2026/2/26, 13:00:00, 64.10, 64.44, 63.57, 64.34, 5497, 4798, 2700, 2797
2026/2/26, 14:00:00, 64.34, 64.67, 64.02, 64.64, 4663, 4107, 2162, 2501
2026/2/26, 15:00:00, 64.64, 66.37, 64.64, 66.35, 11904, 10093, 5584, 6320
2026/2/26, 16:00:00, 66.34, 66.55, 65.75, 66.27, 9955, 8020, 5131, 4824
2026/2/26, 17:00:00, 66.28, 66.43, 65.97, 66.32, 3057, 2733, 1620, 1437
2026/2/26, 18:00:00, 66.30, 66.50, 64.85, 65.59, 11754, 9772, 5952, 5802
2026/2/26, 19:00:00, 65.59, 65.67, 64.82, 65.22, 6966, 5625, 3622, 3344
2026/2/26, 20:00:00, 65.22, 65.46, 65.14, 65.39, 880, 827, 341, 539
2026/2/26, 21:00:00, 65.36, 65.53, 65.30, 65.36, 934, 837, 468, 466
2026/2/26, 23:00:00, 65.37, 65.40, 65.10, 65.13, 406, 224, 164, 242
2026/2/27, 00:00:00, 65.10, 65.20, 65.00, 65.16, 147, 135, 69, 78
2026/2/27, 01:00:00, 65.13, 65.13, 64.76, 64.99, 800, 569, 504, 296
2026/2/27, 02:00:00, 65.00, 65.02, 64.85, 64.85, 250, 240, 131, 119
2026/2/27, 03:00:00, 64.93, 65.19, 64.93, 65.18, 240, 191, 105, 135
2026/2/27, 04:00:00, 65.18, 65.30, 65.14, 65.20, 183, 138, 85, 98
2026/2/27, 05:00:00, 65.24, 65.56, 65.23, 65.47, 394, 313, 170, 224
2026/2/27, 06:00:00, 65.46, 65.64, 65.39, 65.61, 274, 211, 84, 190
2026/2/27, 07:00:00, 65.61, 65.68, 65.53, 65.64, 562, 514, 271, 291
2026/2/27, 08:00:00, 65.62, 65.90, 65.43, 65.58, 1508, 1328, 777, 731
2026/2/27, 09:00:00, 65.57, 66.31, 65.51, 66.29, 3249, 2647, 1426, 1823
2026/2/27, 10:00:00, 66.30, 66.46, 65.97, 66.39, 2820, 2475, 1559, 1261
2026/2/27, 11:00:00, 66.39, 66.75, 66.31, 66.70, 2701, 2328, 1321, 1380
2026/2/27, 12:00:00, 66.69, 66.88, 66.59, 66.86, 2745, 2076, 1483, 1262
2026/2/27, 13:00:00, 66.86, 67.63, 66.86, 67.59, 9354, 7351, 5127, 4227
2026/2/27, 14:00:00, 67.59, 67.65, 66.74, 66.77, 7777, 6483, 4473, 3304
2026/2/27, 15:00:00, 66.76, 66.94, 66.40, 66.79, 5654, 4886, 2862, 2792
2026/2/27, 16:00:00, 66.78, 66.80, 66.34, 66.45, 3992, 3515, 2055, 1937
2026/2/27, 17:00:00, 66.45, 66.70, 66.05, 66.65, 7194, 5948, 3763, 3431
2026/2/27, 18:00:00, 66.64, 66.93, 66.59, 66.92, 3704, 2915, 1787, 1917
2026/2/27, 19:00:00, 66.92, 67.08, 66.75, 66.91, 4940, 3790, 2438, 2502
2026/2/27, 20:00:00, 66.90, 67.24, 66.85, 67.12, 2303, 1822, 1017, 1286
2026/2/27, 21:00:00, 67.12, 67.25, 66.84, 67.14, 1579, 1292, 776, 803
2026/3/1, 23:00:00, 73.71, 74.70, 70.79, 71.65, 10117, 8085, 4428, 5689
2026/3/2, 00:00:00, 71.65, 71.78, 71.21, 71.44, 3377, 3156, 1631, 1746
2026/3/2, 01:00:00, 71.45, 71.45, 69.00, 69.43, 7654, 5242, 4405, 3249
2026/3/2, 02:00:00, 69.45, 69.95, 69.15, 69.63, 2000, 1515, 978, 1022
2026/3/2, 03:00:00, 69.65, 70.67, 69.56, 70.31, 2034, 1596, 904, 1130
2026/3/2, 04:00:00, 70.23, 70.89, 70.08, 70.76, 2025, 1276, 1002, 1023
2026/3/2, 05:00:00, 70.71, 71.10, 70.49, 71.10, 1484, 1145, 602, 882
2026/3/2, 06:00:00, 71.12, 71.84, 71.10, 71.50, 2650, 2104, 1104, 1546
2026/3/2, 07:00:00, 71.48, 72.78, 71.48, 72.69, 5551, 3897, 2647, 2904
2026/3/2, 08:00:00, 72.66, 72.76, 71.57, 72.00, 5857, 4825, 3076, 2781
2026/3/2, 09:00:00, 71.98, 72.00, 71.28, 71.95, 6355, 5583, 3423, 2932
2026/3/2, 10:00:00, 71.95, 71.97, 70.87, 71.53, 6293, 5590, 3156, 3137
2026/3/2, 11:00:00, 71.54, 71.85, 70.68, 71.51, 3256, 2870, 1622, 1634
2026/3/2, 12:00:00, 71.50, 72.41, 71.48, 72.13, 6510, 5884, 3083, 3427
2026/3/2, 13:00:00, 72.12, 72.12, 71.28, 71.80, 8297, 7489, 4125, 4172
2026/3/2, 14:00:00, 71.81, 71.99, 70.40, 70.66, 12605, 10954, 6200, 6405
2026/3/2, 15:00:00, 70.66, 71.34, 70.53, 70.88, 9559, 8601, 4784, 4775
2026/3/2, 16:00:00, 70.86, 70.94, 69.73, 70.47, 14372, 12093, 7318, 7054
2026/3/2, 17:00:00, 70.47, 70.57, 69.87, 70.18, 6289, 5674, 2890, 3399
2026/3/2, 18:00:00, 70.21, 70.75, 69.95, 70.63, 4863, 4173, 2601, 2262
2026/3/2, 19:00:00, 70.63, 70.79, 70.32, 70.40, 10432, 7454, 4936, 5496
2026/3/2, 20:00:00, 70.41, 72.23, 70.40, 71.04, 12400, 10794, 5628, 6772
2026/3/2, 21:00:00, 71.03, 71.23, 70.44, 70.47, 2788, 2264, 1591, 1197
2026/3/2, 23:00:00, 70.66, 70.96, 69.93, 70.42, 810, 666, 379, 431
2026/3/3, 00:00:00, 70.42, 71.17, 70.40, 71.12, 1440, 1109, 689, 751
2026/3/3, 01:00:00, 71.11, 71.59, 71.09, 71.16, 2088, 1709, 1012, 1076
2026/3/3, 02:00:00, 71.14, 71.87, 70.95, 71.77, 1052, 875, 485, 567
2026/3/3, 03:00:00, 71.79, 72.06, 71.70, 71.78, 1074, 863, 466, 608
2026/3/3, 04:00:00, 71.79, 72.14, 71.65, 72.03, 445, 413, 168, 277
2026/3/3, 05:00:00, 72.01, 72.75, 71.90, 72.24, 3151, 1763, 849, 2302
2026/3/3, 06:00:00, 72.26, 72.46, 71.73, 72.40, 1182, 1015, 617, 565
2026/3/3, 07:00:00, 72.43, 73.46, 72.38, 73.21, 5330, 4465, 2824, 2506
2026/3/3, 08:00:00, 73.19, 73.84, 72.85, 73.79, 7947, 7325, 4102, 3845
2026/3/3, 09:00:00, 73.77, 74.79, 73.65, 74.46, 8565, 7825, 4207, 4358
2026/3/3, 10:00:00, 74.44, 76.50, 74.14, 75.70, 13430, 11870, 6028, 7402
2026/3/3, 11:00:00, 75.72, 76.75, 75.18, 76.39, 15010, 12326, 7353, 7657
2026/3/3, 12:00:00, 76.39, 76.68, 74.67, 74.90, 16236, 13630, 8283, 7953
2026/3/3, 13:00:00, 74.90, 75.38, 74.32, 75.09, 10208, 8851, 5178, 5030
2026/3/3, 14:00:00, 75.09, 76.43, 75.07, 75.44, 13886, 11395, 6658, 7228
2026/3/3, 15:00:00, 75.44, 76.14, 75.23, 75.67, 11718, 10298, 5575, 6143
2026/3/3, 16:00:00, 75.67, 76.02, 73.52, 74.77, 22898, 19433, 11176, 11722
2026/3/3, 17:00:00, 74.79, 75.24, 74.15, 74.46, 10583, 8782, 5183, 5400
2026/3/3, 18:00:00, 74.46, 74.47, 72.75, 73.69, 15937, 12744, 8368, 7569
2026/3/3, 19:00:00, 73.68, 73.81, 70.86, 72.66, 21731, 18818, 11289, 10442
2026/3/3, 20:00:00, 72.66, 73.25, 72.19, 73.17, 5477, 4825, 2706, 2771
2026/3/3, 21:00:00, 73.16, 74.06, 73.13, 73.77, 2592, 2151, 1183, 1409
2026/3/3, 23:00:00, 73.56, 74.46, 73.52, 74.42, 895, 653, 456, 439
2026/3/4, 00:00:00, 74.42, 74.60, 73.32, 73.90, 1208, 972, 652, 556
2026/3/4, 01:00:00, 73.87, 74.52, 73.33, 73.80, 4517, 2906, 2221, 2296
2026/3/4, 02:00:00, 73.82, 74.40, 73.67, 73.99, 845, 749, 399, 446
2026/3/4, 03:00:00, 73.96, 74.27, 73.61, 74.04, 681, 561, 372, 309
2026/3/4, 04:00:00, 74.08, 74.41, 73.94, 74.34, 649, 507, 272, 377
2026/3/4, 05:00:00, 74.38, 75.19, 74.11, 74.72, 1737, 1185, 631, 1106
2026/3/4, 06:00:00, 74.72, 75.66, 74.58, 75.66, 1255, 1055, 598, 657
2026/3/4, 07:00:00, 75.68, 75.79, 75.18, 75.35, 3466, 2711, 2047, 1419
2026/3/4, 08:00:00, 75.29, 75.99, 74.93, 75.45, 6004, 5484, 2928, 3076
2026/3/4, 09:00:00, 75.44, 75.60, 74.32, 75.48, 6152, 5674, 3162, 2990
2026/3/4, 10:00:00, 75.49, 75.49, 73.75, 74.06, 12278, 11090, 6516, 5762
2026/3/4, 11:00:00, 74.03, 74.40, 73.37, 73.83, 4729, 4372, 2364, 2365
2026/3/4, 12:00:00, 73.81, 74.13, 73.13, 73.40, 8135, 7246, 4148, 3987
2026/3/4, 13:00:00, 73.42, 73.45, 72.19, 72.86, 14268, 11764, 7717, 6551
2026/3/4, 14:00:00, 72.88, 74.03, 72.64, 73.29, 14950, 12351, 7588, 7362
2026/3/4, 15:00:00, 73.29, 73.45, 72.65, 73.12, 10085, 8401, 5028, 5057
2026/3/4, 16:00:00, 73.14, 73.68, 72.58, 73.08, 7875, 6520, 3801, 4074
2026/3/4, 17:00:00, 73.08, 73.99, 72.98, 73.93, 6954, 5763, 3364, 3590
2026/3/4, 18:00:00, 73.96, 74.02, 73.54, 73.70, 5780, 4946, 3102, 2678
2026/3/4, 19:00:00, 73.72, 73.72, 73.22, 73.35, 6700, 5270, 3716, 2984
2026/3/4, 20:00:00, 73.37, 74.13, 73.37, 74.04, 2559, 2202, 1294, 1265
2026/3/4, 21:00:00, 74.05, 74.85, 73.99, 74.61, 1931, 1619, 785, 1146
2026/3/4, 23:00:00, 74.61, 74.71, 74.36, 74.47, 362, 298, 195, 167
2026/3/5, 00:00:00, 74.48, 74.49, 74.09, 74.25, 426, 366, 210, 216
2026/3/5, 01:00:00, 74.26, 75.49, 74.26, 75.44, 2533, 2204, 1136, 1397
2026/3/5, 02:00:00, 75.45, 75.90, 75.27, 75.87, 2654, 1948, 1324, 1330
2026/3/5, 03:00:00, 75.85, 75.86, 75.42, 75.62, 1598, 1331, 885, 713
2026/3/5, 04:00:00, 75.62, 76.14, 75.59, 75.85, 1402, 1176, 647, 755
2026/3/5, 05:00:00, 75.86, 76.55, 75.81, 76.18, 2372, 1833, 1299, 1073
2026/3/5, 06:00:00, 76.19, 76.23, 74.55, 75.08, 6215, 5011, 3234, 2981
2026/3/5, 07:00:00, 75.04, 75.82, 75.04, 75.65, 5049, 4442, 2268, 2781
2026/3/5, 08:00:00, 75.66, 76.24, 75.41, 75.66, 7615, 6861, 3947, 3668
2026/3/5, 09:00:00, 75.64, 75.77, 73.79, 75.13, 15716, 14397, 8084, 7632
2026/3/5, 10:00:00, 75.12, 75.44, 74.89, 75.29, 4419, 4264, 2163, 2256
2026/3/5, 11:00:00, 75.29, 75.86, 75.09, 75.74, 4699, 4265, 2407, 2292
2026/3/5, 12:00:00, 75.73, 76.06, 75.31, 75.83, 6582, 5814, 3341, 3241
2026/3/5, 13:00:00, 75.83, 76.01, 75.22, 75.84, 8069, 7320, 3995, 4074
2026/3/5, 14:00:00, 75.84, 76.83, 75.57, 76.38, 12932, 10762, 6349, 6583
2026/3/5, 15:00:00, 76.38, 77.27, 76.17, 76.92, 14917, 13362, 7065, 7852
2026/3/5, 16:00:00, 76.92, 78.18, 76.59, 77.42, 16375, 14799, 8139, 8236
2026/3/5, 17:00:00, 77.42, 77.91, 77.01, 77.80, 12787, 11498, 6361, 6426
2026/3/5, 18:00:00, 77.79, 79.07, 77.27, 78.62, 14270, 13230, 7229, 7041
2026/3/5, 19:00:00, 78.61, 79.17, 78.30, 79.11, 14472, 12669, 7425, 7047
2026/3/5, 20:00:00, 79.11, 79.47, 77.30, 77.61, 16020, 14678, 8223, 7797
2026/3/5, 21:00:00, 77.60, 77.76, 76.62, 77.04, 4131, 3764, 2213, 1918
2026/3/5, 23:00:00, 77.20, 77.83, 77.04, 77.46, 758, 636, 358, 400
2026/3/6, 00:00:00, 77.46, 77.61, 76.71, 76.83, 1366, 1079, 688, 678
2026/3/6, 01:00:00, 76.85, 77.68, 76.40, 77.61, 4271, 3703, 2132, 2139
2026/3/6, 02:00:00, 77.63, 77.68, 77.10, 77.58, 2036, 1854, 1030, 1006
2026/3/6, 03:00:00, 77.57, 77.91, 77.41, 77.76, 1693, 1443, 812, 881
2026/3/6, 04:00:00, 77.74, 77.82, 77.54, 77.79, 934, 813, 473, 461
2026/3/6, 05:00:00, 77.76, 78.21, 77.50, 78.11, 2946, 2707, 1487, 1459
2026/3/6, 06:00:00, 78.12, 78.62, 77.98, 78.43, 3215, 2569, 1764, 1451
2026/3/6, 07:00:00, 78.39, 78.77, 77.94, 78.73, 3994, 3396, 2027, 1967
2026/3/6, 08:00:00, 78.71, 79.23, 78.49, 78.81, 7846, 7016, 3768, 4078
2026/3/6, 09:00:00, 78.81, 81.69, 78.62, 81.57, 16039, 14556, 7892, 8147
2026/3/6, 10:00:00, 81.57, 81.61, 80.78, 81.25, 15108, 13221, 7702, 7406
2026/3/6, 11:00:00, 81.25, 83.32, 81.18, 83.11, 14993, 13218, 7173, 7820
2026/3/6, 12:00:00, 83.11, 83.61, 82.52, 83.10, 15133, 13374, 8085, 7048
2026/3/6, 13:00:00, 83.09, 84.45, 81.94, 84.04, 27564, 24570, 13454, 14110
2026/3/6, 14:00:00, 84.02, 85.81, 83.75, 84.99, 27753, 24611, 13358, 14395
2026/3/6, 15:00:00, 84.98, 85.26, 83.93, 84.67, 20045, 17329, 9965, 10080
2026/3/6, 16:00:00, 84.68, 86.10, 84.23, 86.04, 16469, 13932, 8083, 8386
2026/3/6, 17:00:00, 86.05, 88.16, 85.73, 87.94, 23709, 21115, 12131, 11578
2026/3/6, 18:00:00, 87.92, 88.01, 85.69, 87.68, 22073, 19860, 11249, 10824
2026/3/6, 19:00:00, 87.66, 88.13, 86.64, 87.83, 21354, 18549, 11577, 9777
2026/3/6, 20:00:00, 87.83, 87.87, 86.99, 87.40, 8426, 7770, 4506, 3920
2026/3/6, 21:00:00, 87.40, 88.10, 87.29, 87.85, 3669, 3204, 1822, 1847
2026/3/8, 22:00:00, 91.91, 105.79, 91.86, 102.28, 20168, 15640, 10287, 9881
2026/3/8, 23:00:00, 102.21, 103.28, 100.45, 102.88, 8063, 6959, 3916, 4147
2026/3/9, 00:00:00, 102.91, 104.56, 101.45, 103.22, 7559, 6950, 3373, 4186
2026/3/9, 01:00:00, 103.25, 109.21, 102.80, 108.70, 12853, 11121, 5440, 7413
2026/3/9, 02:00:00, 108.77, 113.41, 107.21, 109.25, 19087, 16232, 9892, 9195
2026/3/9, 03:00:00, 109.26, 110.86, 106.36, 110.15, 8218, 7305, 3726, 4492
2026/3/9, 04:00:00, 110.19, 111.62, 109.37, 110.55, 4488, 4112, 1979, 2509
2026/3/9, 05:00:00, 110.55, 110.59, 98.62, 99.64, 19917, 15512, 10741, 9176
2026/3/9, 06:00:00, 99.54, 102.39, 96.59, 100.92, 15610, 11653, 7461, 8149
2026/3/9, 07:00:00, 100.79, 100.82, 97.34, 99.44, 11274, 9824, 5632, 5642
2026/3/9, 08:00:00, 99.46, 101.18, 98.22, 99.23, 9092, 8234, 4734, 4358
2026/3/9, 09:00:00, 99.22, 100.51, 93.16, 96.65, 9672, 7879, 5358, 4314
2026/3/9, 10:00:00, 96.58, 99.45, 96.22, 98.68, 9311, 7829, 4849, 4462
2026/3/9, 11:00:00, 98.69, 99.11, 97.00, 97.58, 5509, 5048, 2715, 2794
2026/3/9, 12:00:00, 97.47, 98.78, 95.60, 97.55, 11431, 10257, 5674, 5757
2026/3/9, 13:00:00, 97.55, 97.55, 93.40, 95.56, 36645, 33746, 18170, 18475
2026/3/9, 14:00:00, 95.57, 99.67, 95.25, 96.36, 29260, 26597, 14161, 15099
2026/3/9, 15:00:00, 96.34, 96.44, 91.00, 91.47, 28798, 25462, 13771, 15027
2026/3/9, 16:00:00, 91.45, 93.27, 90.07, 91.66, 28237, 25832, 13558, 14679
2026/3/9, 17:00:00, 91.65, 92.56, 91.06, 91.57, 16310, 15494, 7565, 8745
2026/3/9, 18:00:00, 91.56, 92.00, 88.33, 91.90, 36121, 33455, 17717, 18404
2026/3/9, 19:00:00, 91.91, 92.16, 79.00, 83.69, 25401, 21829, 13704, 11697
2026/3/9, 20:00:00, 83.78, 86.01, 80.40, 82.68, 9571, 7578, 4536, 5035
2026/3/9, 22:00:00, 83.00, 87.15, 82.67, 84.98, 5423, 4152, 2741, 2682
2026/3/9, 23:00:00, 85.10, 87.00, 84.68, 85.65, 2501, 1973, 1332, 1169
2026/3/10, 00:00:00, 85.60, 86.30, 82.55, 84.04, 5600, 4813, 3039, 2561
2026/3/10, 01:00:00, 84.01, 84.24, 81.80, 82.47, 4882, 4261, 2467, 2415
2026/3/10, 02:00:00, 82.48, 86.45, 82.29, 86.23, 3812, 3251, 1664, 2148
2026/3/10, 03:00:00, 86.18, 88.49, 85.76, 87.05, 4330, 3772, 2112, 2218
2026/3/10, 04:00:00, 87.10, 88.18, 86.87, 87.62, 2086, 1904, 981, 1105
2026/3/10, 05:00:00, 87.62, 87.62, 85.01, 86.50, 3574, 3248, 2142, 1432
2026/3/10, 06:00:00, 86.49, 87.58, 85.47, 87.28, 3784, 3406, 1989, 1795
2026/3/10, 07:00:00, 87.25, 87.52, 83.37, 83.61, 7258, 6797, 3672, 3586
2026/3/10, 08:00:00, 83.56, 86.33, 83.16, 86.25, 6493, 6167, 3373, 3120
2026/3/10, 09:00:00, 86.22, 86.38, 83.40, 84.44, 5900, 5284, 3010, 2890
2026/3/10, 10:00:00, 84.50, 87.11, 84.29, 85.78, 5602, 5072, 2669, 2933
2026/3/10, 11:00:00, 85.78, 86.94, 84.00, 86.31, 8039, 6623, 3864, 4175
2026/3/10, 12:00:00, 86.29, 88.08, 85.89, 86.68, 11847, 10080, 5845, 6002
2026/3/10, 13:00:00, 86.69, 86.71, 84.64, 85.03, 20393, 17717, 10151, 10242
2026/3/10, 14:00:00, 85.01, 86.00, 81.20, 82.20, 29165, 24940, 14447, 14718
2026/3/10, 15:00:00, 82.22, 83.01, 80.97, 82.47, 18806, 16937, 9431, 9375
2026/3/10, 16:00:00, 82.47, 83.72, 80.35, 80.56, 19824, 17279, 10184, 9640
2026/3/10, 17:00:00, 80.57, 80.87, 75.64, 78.82, 49599, 42186, 25256, 24343
2026/3/10, 18:00:00, 78.80, 85.07, 78.26, 82.70, 35585, 31370, 17136, 18449
2026/3/10, 19:00:00, 82.69, 85.84, 82.55, 85.08, 15754, 12954, 8458, 7296
2026/3/10, 20:00:00, 85.06, 85.64, 84.15, 84.82, 4564, 3585, 2876, 1688
2026/3/10, 22:00:00, 85.11, 87.00, 84.96, 86.80, 2033, 1694, 913, 1120
2026/3/10, 23:00:00, 86.80, 86.81, 83.82, 84.31, 3630, 2367, 1395, 2235
2026/3/11, 00:00:00, 84.32, 84.40, 80.60, 81.78, 7161, 5964, 3983, 3178
2026/3/11, 01:00:00, 81.82, 83.17, 81.31, 82.15, 4010, 3365, 2268, 1742
2026/3/11, 02:00:00, 82.10, 83.73, 82.03, 82.87, 2587, 2170, 1345, 1242
2026/3/11, 03:00:00, 83.00, 83.08, 81.57, 81.78, 1998, 1663, 1216, 782
2026/3/11, 04:00:00, 81.76, 82.41, 81.30, 81.96, 1306, 1142, 678, 628
2026/3/11, 05:00:00, 81.97, 83.00, 81.89, 82.75, 1820, 1612, 947, 873
2026/3/11, 06:00:00, 82.77, 83.28, 81.88, 82.30, 2138, 1774, 971, 1167
2026/3/11, 07:00:00, 82.30, 84.37, 82.06, 84.15, 6222, 5698, 3066, 3156
2026/3/11, 08:00:00, 84.10, 85.35, 83.53, 85.01, 8872, 8080, 4301, 4571
2026/3/11, 09:00:00, 85.03, 87.32, 84.81, 87.09, 9591, 7688, 4404, 5187
2026/3/11, 10:00:00, 87.06, 87.07, 83.21, 83.53, 9691, 7889, 5464, 4227
2026/3/11, 11:00:00, 83.57, 85.89, 83.29, 85.16, 7395, 6208, 3446, 3949
2026/3/11, 12:00:00, 85.14, 86.49, 84.69, 85.66, 8229, 7091, 3981, 4248
2026/3/11, 13:00:00, 85.66, 85.73, 82.40, 82.90, 18451, 15638, 9519, 8932
2026/3/11, 14:00:00, 82.95, 85.64, 81.05, 84.95, 25606, 22023, 12408, 13198
2026/3/11, 15:00:00, 84.97, 86.30, 84.57, 86.14, 17213, 15268, 8749, 8464
2026/3/11, 16:00:00, 86.15, 87.04, 85.52, 85.81, 15338, 13625, 7487, 7851
2026/3/11, 17:00:00, 85.80, 87.00, 84.97, 86.39, 16590, 14259, 8151, 8439
2026/3/11, 18:00:00, 86.39, 87.00, 85.62, 86.05, 15704, 13813, 7755, 7949
2026/3/11, 19:00:00, 86.05, 86.85, 85.75, 86.77, 5449, 4494, 2871, 2578
2026/3/11, 20:00:00, 86.79, 87.29, 86.56, 87.07, 2790, 2275, 1198, 1592
2026/3/11, 22:00:00, 87.46, 91.64, 87.18, 89.48, 6526, 4201, 2565, 3961
2026/3/11, 23:00:00, 89.65, 93.39, 89.50, 91.38, 6011, 4424, 3220, 2791
2026/3/12, 00:00:00, 91.29, 93.02, 90.66, 91.95, 8974, 7796, 4427, 4547
2026/3/12, 01:00:00, 91.94, 92.35, 90.41, 91.82, 7235, 6502, 3686, 3549
2026/3/12, 02:00:00, 91.85, 94.60, 91.79, 93.15, 5337, 4891, 2501, 2836
2026/3/12, 03:00:00, 93.15, 94.25, 92.83, 93.34, 4283, 3927, 2127, 2156
2026/3/12, 04:00:00, 93.32, 93.91, 92.91, 93.53, 2515, 2303, 1183, 1332
2026/3/12, 05:00:00, 93.51, 93.51, 91.13, 91.79, 7786, 6752, 4094, 3692
2026/3/12, 06:00:00, 91.80, 92.37, 90.07, 91.22, 6054, 5364, 3316, 2738
2026/3/12, 07:00:00, 91.16, 91.16, 88.71, 89.23, 7038, 6226, 3849, 3189
2026/3/12, 08:00:00, 89.23, 91.39, 89.03, 91.01, 7239, 6704, 3618, 3621
2026/3/12, 09:00:00, 91.00, 91.68, 89.78, 89.95, 6023, 5380, 3151, 2872
2026/3/12, 10:00:00, 89.93, 90.55, 89.50, 89.85, 5721, 5240, 2905, 2816
2026/3/12, 11:00:00, 89.85, 91.57, 89.82, 91.42, 6363, 5640, 2981, 3382
2026/3/12, 12:00:00, 91.39, 92.19, 91.13, 91.54, 8950, 8150, 4323, 4627
2026/3/12, 13:00:00, 91.53, 93.72, 91.24, 93.19, 23416, 20895, 11174, 12242
2026/3/12, 14:00:00, 93.20, 94.39, 92.50, 93.95, 24222, 21995, 12339, 11883
2026/3/12, 15:00:00, 93.94, 95.19, 92.53, 92.87, 29523, 26485, 15100, 14423
2026/3/12, 16:00:00, 92.88, 94.05, 91.52, 93.32, 18473, 16284, 9801, 8672
2026/3/12, 17:00:00, 93.31, 94.03, 93.00, 93.14, 13340, 11865, 6881, 6459
2026/3/12, 18:00:00, 93.12, 95.43, 92.69, 95.27, 14750, 12247, 7317, 7433
2026/3/12, 19:00:00, 95.29, 95.68, 94.23, 95.05, 6768, 6217, 3450, 3318
2026/3/12, 20:00:00, 95.06, 95.35, 94.40, 95.08, 3278, 2935, 1795, 1483
2026/3/12, 22:00:00, 95.52, 96.77, 94.52, 95.14, 2466, 1773, 1230, 1236
2026/3/12, 23:00:00, 95.20, 96.28, 95.18, 95.43, 1994, 1588, 1035, 959
2026/3/13, 00:00:00, 95.38, 95.50, 93.70, 94.40, 4613, 3947, 2460, 2153
2026/3/13, 01:00:00, 94.41, 94.96, 93.53, 94.44, 4340, 3632, 2108, 2232
2026/3/13, 02:00:00, 94.42, 95.23, 94.10, 95.01, 2991, 2384, 1550, 1441
2026/3/13, 03:00:00, 95.03, 95.39, 94.05, 94.37, 2858, 2716, 1546, 1312
2026/3/13, 04:00:00, 94.35, 94.64, 94.05, 94.11, 1394, 1302, 663, 731
2026/3/13, 05:00:00, 94.10, 94.45, 93.74, 93.94, 2050, 1863, 1057, 993
2026/3/13, 06:00:00, 93.93, 95.13, 93.36, 95.07, 3665, 3067, 1762, 1903
2026/3/13, 07:00:00, 95.09, 96.36, 94.90, 96.05, 7197, 5625, 4140, 3057
2026/3/13, 08:00:00, 96.04, 96.68, 94.41, 94.53, 11390, 8970, 6259, 5131
2026/3/13, 09:00:00, 94.51, 95.20, 93.85, 94.77, 6888, 5754, 3566, 3322
2026/3/13, 10:00:00, 94.72, 94.85, 92.42, 92.64, 7122, 6105, 3553, 3569
2026/3/13, 11:00:00, 92.64, 94.04, 92.18, 92.46, 8646, 7253, 4509, 4137
2026/3/13, 12:00:00, 92.47, 93.34, 91.09, 92.45, 11616, 9793, 5702, 5914
2026/3/13, 13:00:00, 92.44, 93.28, 91.81, 93.18, 15564, 13321, 8148, 7416
2026/3/13, 14:00:00, 93.16, 94.36, 92.75, 94.17, 13500, 11502, 6280, 7220
2026/3/13, 15:00:00, 94.17, 95.34, 93.96, 94.93, 13241, 11673, 6569, 6672
2026/3/13, 16:00:00, 94.92, 95.88, 94.75, 95.26, 10105, 8832, 5280, 4825
2026/3/13, 17:00:00, 95.25, 96.30, 94.79, 96.08, 8897, 7859, 4347, 4550
2026/3/13, 18:00:00, 96.07, 97.31, 95.25, 95.68, 14321, 12278, 6930, 7391
2026/3/13, 19:00:00, 95.70, 96.41, 95.48, 96.28, 4665, 3985, 2283, 2382
2026/3/13, 20:00:00, 96.28, 97.30, 96.28, 97.20, 3945, 3459, 1817, 2128
2026/3/15, 22:00:00, 98.76, 99.95, 97.66, 97.81, 9320, 7087, 4991, 4329
2026/3/15, 23:00:00, 97.83, 98.57, 96.66, 97.03, 7408, 6078, 4089, 3319
2026/3/16, 00:00:00, 97.03, 97.12, 95.64, 95.72, 6087, 5159, 3067, 3020
2026/3/16, 01:00:00, 95.76, 97.20, 95.08, 96.99, 6102, 5376, 2992, 3110
2026/3/16, 02:00:00, 97.00, 97.88, 96.56, 97.42, 5621, 4586, 2755, 2866
2026/3/16, 03:00:00, 97.44, 97.70, 96.99, 97.57, 2243, 2045, 1097, 1146
2026/3/16, 04:00:00, 97.58, 98.06, 97.52, 97.87, 1567, 1284, 717, 850
2026/3/16, 05:00:00, 97.87, 98.07, 96.76, 96.86, 2810, 2577, 1435, 1375
2026/3/16, 06:00:00, 96.86, 98.12, 96.54, 97.37, 3766, 3229, 1741, 2025
2026/3/16, 07:00:00, 97.40, 99.29, 97.04, 98.79, 5837, 4838, 2829, 3008
2026/3/16, 08:00:00, 98.79, 99.18, 98.02, 98.25, 5446, 4789, 2715, 2731
2026/3/16, 09:00:00, 98.23, 98.75, 97.26, 97.74, 5045, 4398, 2435, 2610
2026/3/16, 10:00:00, 97.72, 97.88, 95.58, 95.69, 7375, 6222, 3787, 3588
2026/3/16, 11:00:00, 95.71, 96.68, 95.55, 96.00, 8305, 6505, 4120, 4185
2026/3/16, 12:00:00, 96.00, 96.35, 93.39, 94.16, 24083, 17128, 11683, 12400
2026/3/16, 13:00:00, 94.14, 94.65, 91.82, 92.22, 28591, 24188, 13784, 14807
2026/3/16, 14:00:00, 92.18, 94.43, 91.88, 94.11, 20747, 16157, 9946, 10801
2026/3/16, 15:00:00, 94.11, 94.63, 93.50, 94.36, 12536, 10825, 5893, 6643
2026/3/16, 16:00:00, 94.34, 95.49, 93.85, 94.50, 11935, 9659, 6085, 5850
2026/3/16, 17:00:00, 94.50, 94.54, 92.67, 93.19, 15945, 13342, 8210, 7735
2026/3/16, 18:00:00, 93.19, 93.45, 91.96, 92.46, 15785, 12933, 8364, 7421
2026/3/16, 19:00:00, 92.47, 93.69, 91.94, 92.35, 9440, 8290, 4216, 5224
2026/3/16, 20:00:00, 92.37, 93.35, 92.08, 93.23, 4720, 4082, 2247, 2473
2026/3/16, 22:00:00, 93.42, 94.27, 92.88, 93.94, 2803, 2437, 1383, 1420
2026/3/16, 23:00:00, 93.94, 94.27, 93.41, 93.88, 2339, 1991, 1236, 1103
2026/3/17, 00:00:00, 93.89, 95.38, 93.77, 94.92, 9427, 8527, 5038, 4389
2026/3/17, 01:00:00, 94.93, 95.23, 94.28, 95.01, 8343, 7544, 4251, 4092
2026/3/17, 02:00:00, 95.01, 95.30, 94.73, 95.12, 4372, 4137, 2184, 2188
2026/3/17, 03:00:00, 95.11, 95.39, 94.89, 95.17, 3349, 3014, 1778, 1571
2026/3/17, 04:00:00, 95.20, 95.46, 94.62, 95.02, 2683, 2277, 1460, 1223
2026/3/17, 05:00:00, 95.03, 97.20, 94.48, 97.00, 8563, 6364, 4402, 4161
2026/3/17, 06:00:00, 97.04, 97.65, 96.22, 96.80, 12609, 10571, 7316, 5293
2026/3/17, 07:00:00, 96.81, 97.04, 95.71, 96.04, 8812, 8111, 4607, 4205
2026/3/17, 08:00:00, 96.05, 97.06, 95.88, 96.65, 12130, 10977, 5961, 6169
2026/3/17, 09:00:00, 96.65, 96.66, 94.98, 95.24, 10326, 9196, 5194, 5132
2026/3/17, 10:00:00, 95.22, 96.24, 95.22, 95.54, 6587, 5738, 3309, 3278
2026/3/17, 11:00:00, 95.54, 96.37, 95.53, 96.21, 7362, 6534, 3697, 3665
2026/3/17, 12:00:00, 96.22, 96.33, 94.57, 94.58, 12486, 11079, 6497, 5989
2026/3/17, 13:00:00, 94.60, 94.83, 93.18, 94.44, 23408, 20015, 11013, 12395
2026/3/17, 14:00:00, 94.42, 94.81, 93.19, 93.50, 18899, 15289, 8854, 10045
2026/3/17, 15:00:00, 93.52, 95.22, 93.26, 94.89, 20053, 15450, 9319, 10734
2026/3/17, 16:00:00, 94.88, 95.06, 93.60, 94.31, 16905, 13968, 8651, 8254
2026/3/17, 17:00:00, 94.32, 95.37, 94.29, 95.14, 14427, 12277, 7387, 7040
2026/3/17, 18:00:00, 95.14, 95.65, 94.81, 95.27, 13417, 11160, 6689, 6728
2026/3/17, 19:00:00, 95.28, 95.60, 95.00, 95.43, 6415, 5303, 3389, 3026
2026/3/17, 20:00:00, 95.45, 95.62, 95.07, 95.30, 3513, 3090, 1818, 1695
2026/3/17, 22:00:00, 95.27, 95.65, 94.25, 95.16, 5068, 4183, 2534, 2534
2026/3/17, 23:00:00, 95.13, 95.65, 94.95, 95.29, 3607, 2885, 1734, 1873
2026/3/18, 00:00:00, 95.27, 95.35, 93.94, 94.14, 6712, 5805, 3611, 3101
2026/3/18, 01:00:00, 94.14, 94.50, 93.75, 94.29, 6298, 5342, 3178, 3120
2026/3/18, 02:00:00, 94.28, 94.50, 93.20, 93.77, 6150, 4926, 3354, 2796
2026/3/18, 03:00:00, 93.76, 93.88, 92.30, 92.50, 7483, 6188, 4467, 3016
2026/3/18, 04:00:00, 92.52, 92.65, 92.10, 92.50, 7398, 5885, 3833, 3565
2026/3/18, 05:00:00, 92.51, 92.93, 91.86, 92.05, 6376, 5433, 3216, 3160
2026/3/18, 06:00:00, 92.06, 92.89, 91.45, 92.77, 10240, 8827, 5007, 5233
2026/3/18, 07:00:00, 92.77, 93.32, 92.61, 93.25, 8781, 8043, 4194, 4587
2026/3/18, 08:00:00, 93.26, 94.27, 93.16, 93.85, 16182, 13725, 7348, 8834
2026/3/18, 09:00:00, 93.84, 94.49, 93.69, 94.29, 10228, 9066, 4902, 5326
2026/3/18, 10:00:00, 94.31, 94.56, 94.01, 94.31, 8378, 7665, 4212, 4166
2026/3/18, 11:00:00, 94.29, 95.56, 93.90, 94.52, 25973, 21551, 12031, 13942
2026/3/18, 12:00:00, 94.52, 97.33, 94.44, 97.17, 49739, 40535, 22917, 26822
2026/3/18, 13:00:00, 97.15, 98.22, 96.79, 98.04, 50265, 43290, 25200, 25065
2026/3/18, 14:00:00, 98.03, 98.67, 97.35, 98.01, 32451, 27952, 15625, 16826
2026/3/18, 15:00:00, 98.02, 98.38, 96.92, 97.18, 40644, 35864, 21530, 19114
2026/3/18, 16:00:00, 97.18, 97.50, 96.53, 97.06, 29292, 25754, 15466, 13826
2026/3/18, 17:00:00, 97.07, 97.39, 95.01, 95.17, 27503, 23558, 14459, 13044
2026/3/18, 18:00:00, 95.22, 96.50, 94.21, 96.29, 41664, 34279, 20429, 21235
2026/3/18, 19:00:00, 96.30, 98.00, 95.87, 97.67, 16657, 14309, 7969, 8688
2026/3/18, 20:00:00, 97.68, 99.78, 97.58, 99.05, 16631, 13149, 7935, 8696
2026/3/18, 22:00:00, 98.06, 98.69, 97.60, 98.19, 5500, 4176, 2814, 2686
2026/3/18, 23:00:00, 98.17, 98.59, 97.33, 98.30, 6641, 5185, 3312, 3329
2026/3/19, 00:00:00, 98.31, 99.17, 98.16, 98.36, 12853, 11685, 6349, 6504
2026/3/19, 01:00:00, 98.36, 98.66, 97.42, 98.05, 10805, 9179, 5291, 5514
2026/3/19, 02:00:00, 98.05, 98.25, 95.75, 96.19, 17367, 14372, 7796, 9571
2026/3/19, 03:00:00, 96.19, 96.55, 95.85, 96.47, 6931, 6044, 3360, 3571
2026/3/19, 04:00:00, 96.48, 96.70, 96.30, 96.60, 1095, 938, 526, 569
