Date, Time, Open, High, Low, Last, Volume, NumberOfTrades, BidVolume, AskVolume
2026/2/17, 23:00:00, 61.89, 61.89, 61.84, 61.86, 12, 12, 4, 8
2026/2/18, 00:00:00, 61.87, 61.93, 61.82, 61.82, 26, 23, 11, 15
2026/2/18, 01:00:00, 61.83, 61.95, 61.83, 61.91, 74, 59, 41, 33
2026/2/18, 02:00:00, 61.90, 62.01, 61.88, 61.93, 55, 53, 25, 30
2026/2/18, 03:00:00, 61.93, 62.07, 61.93, 62.06, 43, 34, 18, 25
2026/2/18, 04:00:00, 62.05, 62.13, 62.03, 62.13, 62, 42, 25, 37
2026/2/18, 05:00:00, 62.13, 62.13, 62.01, 62.01, 43, 43, 31, 12
2026/2/18, 06:00:00, 61.98, 62.16, 61.93, 62.01, 105, 94, 59, 46
2026/2/18, 07:00:00, 62.00, 62.11, 61.98, 62.08, 106, 100, 55, 51
2026/2/18, 08:00:00, 62.08, 62.31, 62.03, 62.03, 684, 518, 284, 400
2026/2/18, 09:00:00, 62.04, 62.26, 62.00, 62.08, 360, 316, 153, 207
2026/2/18, 10:00:00, 62.14, 62.70, 62.13, 62.62, 1298, 950, 341, 957
2026/2/18, 11:00:00, 62.66, 63.23, 62.62, 63.23, 600, 450, 340, 260
2026/2/18, 12:00:00, 63.23, 63.68, 63.06, 63.57, 1449, 1110, 679, 770
2026/2/18, 13:00:00, 63.59, 63.64, 63.33, 63.37, 1887, 1085, 736, 1151
2026/2/18, 14:00:00, 63.36, 63.96, 63.25, 63.82, 3124, 1799, 1357, 1767
2026/2/18, 15:00:00, 63.80, 63.87, 63.64, 63.76, 2011, 1463, 1104, 907
2026/2/18, 16:00:00, 63.75, 64.16, 63.69, 64.06, 3381, 2185, 1496, 1885
2026/2/18, 17:00:00, 64.05, 64.47, 63.97, 64.44, 2023, 1484, 1024, 999
2026/2/18, 18:00:00, 64.44, 64.55, 64.13, 64.54, 2314, 1874, 1397, 917
2026/2/18, 19:00:00, 64.54, 64.76, 64.32, 64.50, 3001, 2083, 1533, 1468
2026/2/18, 20:00:00, 64.52, 64.84, 64.49, 64.67, 1191, 717, 546, 645
2026/2/18, 21:00:00, 64.68, 64.72, 64.29, 64.44, 587, 437, 294, 293
2026/2/18, 23:00:00, 64.35, 64.73, 64.35, 64.51, 66, 60, 29, 37
2026/2/19, 00:00:00, 64.48, 64.57, 64.41, 64.53, 71, 49, 41, 30
2026/2/19, 01:00:00, 64.49, 64.64, 64.43, 64.64, 138, 126, 99, 39
2026/2/19, 02:00:00, 64.67, 64.77, 64.63, 64.76, 115, 96, 71, 44
2026/2/19, 03:00:00, 64.75, 64.86, 64.74, 64.81, 173, 127, 120, 53
2026/2/19, 04:00:00, 64.82, 64.86, 64.64, 64.67, 66, 64, 29, 37
2026/2/19, 05:00:00, 64.70, 64.79, 64.68, 64.70, 68, 55, 34, 34
2026/2/19, 06:00:00, 64.67, 64.77, 64.64, 64.70, 53, 52, 40, 13
2026/2/19, 07:00:00, 64.73, 65.24, 64.70, 65.19, 324, 275, 105, 219
2026/2/19, 08:00:00, 65.15, 65.63, 65.06, 65.57, 1291, 891, 675, 616
2026/2/19, 09:00:00, 65.60, 65.63, 65.08, 65.19, 812, 727, 537, 275
2026/2/19, 10:00:00, 65.17, 65.44, 65.06, 65.41, 645, 468, 389, 256
2026/2/19, 11:00:00, 65.39, 65.66, 65.24, 65.44, 466, 387, 253, 213
2026/2/19, 12:00:00, 65.45, 65.54, 65.37, 65.47, 926, 705, 481, 445
2026/2/19, 13:00:00, 65.48, 65.87, 65.33, 65.72, 2495, 1713, 1273, 1222
2026/2/19, 14:00:00, 65.71, 65.89, 65.34, 65.73, 3104, 1879, 1414, 1690
2026/2/19, 15:00:00, 65.74, 65.87, 64.90, 65.84, 3419, 2586, 1958, 1461
2026/2/19, 16:00:00, 65.85, 66.00, 65.67, 65.94, 1099, 837, 557, 542
2026/2/19, 17:00:00, 66.02, 66.10, 65.81, 65.97, 2197, 1171, 1157, 1040
2026/2/19, 18:00:00, 65.94, 66.01, 65.69, 65.94, 2217, 1359, 1059, 1158
2026/2/19, 19:00:00, 65.96, 66.04, 65.81, 66.01, 1823, 1392, 827, 996
2026/2/19, 20:00:00, 66.02, 66.15, 65.97, 66.12, 928, 556, 473, 455
2026/2/19, 21:00:00, 66.13, 66.29, 65.44, 66.14, 1134, 834, 862, 272
2026/2/19, 23:00:00, 66.01, 66.03, 65.89, 65.89, 65, 55, 30, 35
2026/2/20, 00:00:00, 65.93, 65.95, 65.77, 65.90, 118, 75, 63, 55
2026/2/20, 01:00:00, 65.91, 66.16, 65.80, 66.00, 475, 287, 251, 224
2026/2/20, 02:00:00, 66.03, 66.26, 65.97, 66.02, 237, 193, 162, 75
2026/2/20, 03:00:00, 66.05, 66.14, 65.94, 66.07, 120, 111, 84, 36
2026/2/20, 04:00:00, 66.06, 66.15, 66.06, 66.14, 94, 85, 54, 40
2026/2/20, 05:00:00, 66.19, 66.33, 66.12, 66.26, 197, 99, 52, 145
2026/2/20, 06:00:00, 66.30, 66.42, 66.13, 66.13, 180, 149, 84, 96
2026/2/20, 07:00:00, 66.14, 66.16, 65.76, 65.77, 464, 423, 264, 200
2026/2/20, 08:00:00, 65.79, 65.87, 65.57, 65.60, 877, 802, 447, 430
2026/2/20, 09:00:00, 65.63, 66.01, 65.37, 65.51, 1242, 1165, 603, 639
2026/2/20, 10:00:00, 65.52, 65.62, 65.39, 65.50, 834, 791, 403, 431
2026/2/20, 11:00:00, 65.49, 65.85, 65.31, 65.50, 1009, 952, 505, 504
2026/2/20, 12:00:00, 65.48, 65.70, 65.45, 65.63, 879, 752, 374, 505
2026/2/20, 13:00:00, 65.64, 65.79, 65.53, 65.75, 1402, 1081, 737, 665
2026/2/20, 14:00:00, 65.76, 65.96, 65.39, 65.74, 2563, 2131, 1380, 1183
2026/2/20, 15:00:00, 65.78, 66.10, 65.36, 65.43, 3469, 2701, 1515, 1954
2026/2/20, 16:00:00, 65.44, 65.78, 65.32, 65.64, 2451, 2003, 1543, 908
2026/2/20, 17:00:00, 65.66, 65.92, 65.59, 65.87, 1028, 933, 541, 487
2026/2/20, 18:00:00, 65.87, 66.11, 65.72, 65.95, 1205, 1085, 607, 598
2026/2/20, 19:00:00, 65.96, 65.96, 65.67, 65.87, 2212, 1661, 1103, 1109
2026/2/20, 20:00:00, 65.88, 65.91, 65.68, 65.81, 588, 492, 294, 294
2026/2/20, 21:00:00, 65.82, 65.87, 65.74, 65.77, 139, 120, 76, 63
2026/2/22, 23:00:00, 65.40, 65.55, 64.94, 65.52, 258, 200, 138, 120
2026/2/23, 00:00:00, 65.48, 65.48, 65.15, 65.22, 179, 167, 97, 82
2026/2/23, 01:00:00, 65.20, 65.45, 65.10, 65.38, 175, 154, 106, 69
2026/2/23, 02:00:00, 65.44, 65.51, 65.37, 65.38, 66, 63, 34, 32
2026/2/23, 03:00:00, 65.33, 65.38, 65.19, 65.20, 79, 72, 46, 33
2026/2/23, 04:00:00, 65.20, 65.22, 65.02, 65.09, 79, 70, 51, 28
2026/2/23, 05:00:00, 65.07, 65.29, 65.07, 65.25, 48, 45, 18, 30
2026/2/23, 06:00:00, 65.23, 65.31, 65.15, 65.17, 43, 41, 28, 15
2026/2/23, 07:00:00, 65.22, 65.30, 65.05, 65.16, 223, 212, 123, 100
2026/2/23, 08:00:00, 65.18, 65.42, 65.11, 65.39, 509, 459, 236, 273
2026/2/23, 09:00:00, 65.38, 65.77, 65.29, 65.68, 767, 524, 265, 502
2026/2/23, 10:00:00, 65.66, 65.70, 65.49, 65.57, 315, 297, 170, 145
2026/2/23, 11:00:00, 65.56, 65.92, 65.50, 65.90, 289, 264, 147, 142
2026/2/23, 12:00:00, 65.92, 66.15, 65.89, 66.13, 1280, 817, 462, 818
2026/2/23, 13:00:00, 66.14, 66.35, 65.99, 66.33, 1002, 827, 509, 493
2026/2/23, 14:00:00, 66.34, 66.63, 66.18, 66.43, 1763, 1506, 931, 832
2026/2/23, 15:00:00, 66.44, 66.67, 66.23, 66.26, 1687, 1455, 911, 776
2026/2/23, 16:00:00, 66.25, 66.55, 65.77, 65.89, 2440, 2025, 1334, 1106
2026/2/23, 17:00:00, 65.89, 65.94, 65.64, 65.75, 1206, 999, 760, 446
2026/2/23, 18:00:00, 65.73, 65.84, 65.62, 65.71, 543, 487, 254, 289
2026/2/23, 19:00:00, 65.72, 65.89, 65.64, 65.86, 1162, 902, 508, 654
2026/2/23, 20:00:00, 65.87, 66.01, 65.87, 65.96, 496, 410, 204, 292
2026/2/23, 21:00:00, 65.98, 66.01, 65.79, 65.82, 299, 264, 185, 114
2026/2/23, 23:00:00, 65.81, 65.85, 65.71, 65.82, 80, 66, 41, 39
2026/2/24, 00:00:00, 65.83, 65.88, 65.76, 65.87, 170, 138, 57, 113
2026/2/24, 01:00:00, 65.85, 65.98, 65.62, 65.98, 368, 312, 238, 130
2026/2/24, 02:00:00, 65.99, 66.34, 65.94, 66.34, 207, 181, 82, 125
2026/2/24, 03:00:00, 66.34, 66.45, 66.31, 66.39, 190, 169, 106, 84
2026/2/24, 04:00:00, 66.38, 66.39, 66.30, 66.30, 58, 54, 40, 18
2026/2/24, 05:00:00, 66.30, 66.46, 66.15, 66.38, 242, 179, 100, 142
2026/2/24, 06:00:00, 66.35, 66.36, 66.15, 66.30, 98, 86, 43, 55
2026/2/24, 07:00:00, 66.30, 66.31, 66.02, 66.09, 152, 131, 98, 54
2026/2/24, 08:00:00, 66.08, 66.11, 65.83, 66.08, 384, 298, 158, 226
2026/2/24, 09:00:00, 66.11, 66.13, 65.90, 66.10, 462, 423, 243, 219
2026/2/24, 10:00:00, 66.12, 66.16, 65.80, 65.87, 825, 707, 478, 347
2026/2/24, 11:00:00, 65.85, 65.99, 65.76, 65.96, 356, 306, 189, 167
2026/2/24, 12:00:00, 65.93, 66.20, 65.86, 66.19, 489, 454, 306, 183
2026/2/24, 13:00:00, 66.19, 66.68, 66.19, 66.42, 2227, 1758, 1232, 995
2026/2/24, 14:00:00, 66.42, 66.44, 66.02, 66.15, 2117, 1651, 1096, 1021
2026/2/24, 15:00:00, 66.14, 66.27, 65.32, 65.53, 3520, 2799, 1855, 1665
2026/2/24, 16:00:00, 65.55, 65.87, 65.46, 65.63, 1291, 1141, 669, 622
2026/2/24, 17:00:00, 65.64, 65.96, 65.38, 65.53, 1103, 880, 592, 511
2026/2/24, 18:00:00, 65.54, 65.72, 65.50, 65.65, 1067, 736, 575, 492
2026/2/24, 19:00:00, 65.65, 65.66, 65.28, 65.62, 2184, 1670, 1277, 907
2026/2/24, 20:00:00, 65.61, 66.13, 65.53, 65.97, 1439, 1219, 708, 731
2026/2/24, 21:00:00, 65.97, 65.99, 65.63, 65.76, 626, 486, 397, 229
2026/2/24, 23:00:00, 65.78, 65.78, 65.67, 65.73, 21, 17, 13, 8
2026/2/25, 00:00:00, 65.73, 65.90, 65.72, 65.75, 107, 84, 96, 11
2026/2/25, 01:00:00, 65.77, 65.94, 65.68, 65.76, 162, 101, 95, 67
2026/2/25, 02:00:00, 65.83, 66.01, 65.77, 66.01, 127, 73, 50, 77
2026/2/25, 03:00:00, 66.01, 66.25, 65.69, 65.72, 324, 271, 176, 148
2026/2/25, 04:00:00, 65.72, 65.82, 65.70, 65.73, 58, 49, 32, 26
2026/2/25, 05:00:00, 65.71, 65.78, 65.67, 65.75, 84, 74, 34, 50
2026/2/25, 06:00:00, 65.72, 65.72, 65.48, 65.68, 89, 86, 36, 53
2026/2/25, 07:00:00, 65.74, 65.84, 65.54, 65.59, 155, 111, 105, 50
2026/2/25, 08:00:00, 65.60, 65.81, 65.45, 65.73, 548, 488, 291, 257
2026/2/25, 09:00:00, 65.71, 65.74, 65.22, 65.37, 603, 528, 324, 279
2026/2/25, 10:00:00, 65.37, 65.74, 65.36, 65.61, 420, 392, 196, 224
2026/2/25, 11:00:00, 65.64, 65.68, 65.52, 65.57, 531, 399, 188, 343
2026/2/25, 12:00:00, 65.58, 65.99, 65.45, 65.90, 1600, 1199, 805, 795
2026/2/25, 13:00:00, 65.90, 65.97, 65.58, 65.62, 788, 700, 414, 374
2026/2/25, 14:00:00, 65.61, 65.72, 65.05, 65.08, 1514, 1271, 764, 750
2026/2/25, 15:00:00, 65.06, 65.35, 64.99, 65.17, 2311, 1660, 1259, 1052
2026/2/25, 16:00:00, 65.17, 65.29, 64.89, 65.22, 2494, 1754, 1329, 1165
2026/2/25, 17:00:00, 65.23, 65.32, 65.12, 65.28, 1044, 874, 489, 555
2026/2/25, 18:00:00, 65.27, 65.53, 65.23, 65.36, 1106, 866, 608, 498
2026/2/25, 19:00:00, 65.36, 65.47, 65.11, 65.47, 1680, 1495, 904, 776
2026/2/25, 20:00:00, 65.44, 65.45, 65.16, 65.20, 384, 314, 228, 156
2026/2/25, 21:00:00, 65.20, 65.34, 65.17, 65.30, 234, 158, 102, 132
2026/2/25, 23:00:00, 65.34, 65.43, 65.30, 65.37, 116, 79, 45, 71
2026/2/26, 00:00:00, 65.34, 65.57, 65.28, 65.45, 168, 110, 110, 58
2026/2/26, 01:00:00, 65.45, 65.46, 65.27, 65.37, 102, 87, 52, 50
2026/2/26, 02:00:00, 65.34, 65.38, 65.07, 65.23, 137, 112, 79, 58
2026/2/26, 03:00:00, 65.19, 65.30, 65.18, 65.26, 40, 30, 22, 18
2026/2/26, 04:00:00, 65.29, 65.33, 65.28, 65.32, 19, 19, 9, 10
2026/2/26, 05:00:00, 65.32, 65.37, 65.22, 65.27, 101, 76, 57, 44
2026/2/26, 06:00:00, 65.28, 65.28, 65.15, 65.22, 105, 51, 48, 57
2026/2/26, 07:00:00, 65.25, 65.32, 65.11, 65.19, 308, 266, 145, 163
2026/2/26, 08:00:00, 65.21, 65.37, 65.15, 65.19, 592, 547, 321, 271
2026/2/26, 09:00:00, 65.19, 65.20, 64.58, 64.86, 1299, 1103, 725, 574
2026/2/26, 10:00:00, 64.87, 64.87, 64.03, 64.19, 2311, 1901, 1488, 823
2026/2/26, 11:00:00, 64.18, 64.44, 64.10, 64.12, 795, 736, 386, 409
2026/2/26, 12:00:00, 64.13, 64.22, 63.67, 63.96, 1372, 1190, 735, 637
2026/2/26, 13:00:00, 63.97, 64.30, 63.47, 64.20, 2605, 2108, 1268, 1337
2026/2/26, 14:00:00, 64.20, 64.52, 63.89, 64.49, 2707, 2036, 1580, 1127
2026/2/26, 15:00:00, 64.50, 66.13, 64.49, 66.10, 5580, 4313, 2535, 3045
2026/2/26, 16:00:00, 66.10, 66.27, 65.51, 66.00, 4990, 3973, 2563, 2427
2026/2/26, 17:00:00, 65.99, 66.12, 65.70, 66.01, 2164, 1715, 1188, 976
2026/2/26, 18:00:00, 66.00, 66.17, 64.61, 65.34, 5305, 3875, 2592, 2713
2026/2/26, 19:00:00, 65.35, 65.43, 64.62, 65.01, 3278, 2333, 1600, 1678
2026/2/26, 20:00:00, 65.00, 65.22, 64.91, 65.14, 523, 458, 238, 285
2026/2/26, 21:00:00, 65.14, 65.28, 65.07, 65.13, 291, 245, 154, 137
2026/2/26, 23:00:00, 64.96, 65.02, 64.87, 64.87, 200, 125, 39, 161
2026/2/27, 00:00:00, 64.83, 64.95, 64.82, 64.90, 57, 42, 29, 28
2026/2/27, 01:00:00, 64.91, 64.91, 64.53, 64.74, 193, 150, 108, 85
2026/2/27, 02:00:00, 64.74, 64.76, 64.62, 64.68, 50, 45, 22, 28
2026/2/27, 03:00:00, 64.70, 64.97, 64.70, 64.97, 122, 85, 42, 80
2026/2/27, 04:00:00, 64.94, 65.07, 64.91, 64.98, 40, 32, 21, 19
2026/2/27, 05:00:00, 64.99, 65.30, 64.99, 65.21, 129, 92, 79, 50
2026/2/27, 06:00:00, 65.24, 65.37, 65.14, 65.36, 49, 45, 18, 31
2026/2/27, 07:00:00, 65.37, 65.42, 65.29, 65.39, 241, 198, 110, 131
2026/2/27, 08:00:00, 65.36, 65.64, 65.19, 65.32, 503, 450, 240, 263
2026/2/27, 09:00:00, 65.32, 66.04, 65.27, 66.00, 1494, 942, 691, 803
2026/2/27, 10:00:00, 66.03, 66.15, 65.70, 66.09, 1111, 977, 578, 533
2026/2/27, 11:00:00, 66.09, 66.44, 66.02, 66.40, 1419, 1201, 683, 736
2026/2/27, 12:00:00, 66.38, 66.54, 66.28, 66.52, 946, 857, 472, 474
2026/2/27, 13:00:00, 66.52, 67.26, 66.52, 67.21, 5012, 3847, 2104, 2908
2026/2/27, 14:00:00, 67.22, 67.27, 66.40, 66.42, 3111, 2535, 1644, 1467
2026/2/27, 15:00:00, 66.42, 66.60, 66.08, 66.47, 2647, 2033, 1397, 1250
2026/2/27, 16:00:00, 66.45, 66.47, 66.05, 66.14, 2113, 1592, 1144, 969
2026/2/27, 17:00:00, 66.15, 66.37, 65.75, 66.32, 3472, 2360, 1581, 1891
2026/2/27, 18:00:00, 66.30, 66.58, 66.27, 66.57, 2431, 1235, 877, 1554
2026/2/27, 19:00:00, 66.57, 66.73, 66.43, 66.52, 3021, 1654, 1561, 1460
2026/2/27, 20:00:00, 66.52, 66.85, 66.47, 66.73, 1107, 826, 461, 646
2026/2/27, 21:00:00, 66.73, 66.86, 66.47, 66.75, 922, 600, 510, 412
2026/3/1, 23:00:00, 71.78, 73.00, 70.13, 70.90, 4966, 3765, 1710, 3256
2026/3/2, 00:00:00, 70.90, 71.02, 70.48, 70.73, 3339, 2483, 630, 2709
2026/3/2, 01:00:00, 70.74, 70.76, 68.38, 68.83, 2536, 1617, 1531, 1005
2026/3/2, 02:00:00, 68.90, 69.29, 68.59, 69.03, 810, 543, 424, 386
2026/3/2, 03:00:00, 69.05, 70.00, 68.96, 69.62, 1386, 857, 425, 961
2026/3/2, 04:00:00, 69.60, 70.14, 69.43, 70.03, 535, 399, 230, 305
2026/3/2, 05:00:00, 69.98, 70.35, 69.76, 70.31, 495, 389, 174, 321
2026/3/2, 06:00:00, 70.36, 71.00, 70.36, 70.68, 741, 570, 335, 406
2026/3/2, 07:00:00, 70.69, 71.87, 70.69, 71.79, 1745, 1202, 797, 948
2026/3/2, 08:00:00, 71.77, 71.84, 70.77, 71.12, 1748, 1332, 854, 894
2026/3/2, 09:00:00, 71.09, 71.11, 70.37, 71.04, 1250, 1035, 663, 587
2026/3/2, 10:00:00, 71.06, 71.06, 70.04, 70.61, 1430, 1084, 641, 789
2026/3/2, 11:00:00, 70.69, 70.93, 69.83, 70.62, 952, 745, 548, 404
2026/3/2, 12:00:00, 70.67, 71.44, 70.65, 71.16, 2057, 1408, 1130, 927
2026/3/2, 13:00:00, 71.16, 71.17, 70.41, 70.89, 2732, 1913, 1516, 1216
2026/3/2, 14:00:00, 70.90, 71.11, 69.58, 69.86, 4869, 3411, 2211, 2658
2026/3/2, 15:00:00, 69.82, 70.41, 69.69, 70.02, 4803, 3652, 1930, 2873
2026/3/2, 16:00:00, 69.99, 70.05, 68.94, 69.60, 4724, 3280, 2367, 2357
2026/3/2, 17:00:00, 69.59, 69.78, 69.14, 69.39, 3041, 2230, 1452, 1589
2026/3/2, 18:00:00, 69.39, 69.87, 69.17, 69.74, 3445, 2107, 2021, 1424
2026/3/2, 19:00:00, 69.73, 69.85, 69.40, 69.45, 3513, 2371, 1301, 2212
2026/3/2, 20:00:00, 69.48, 71.18, 69.48, 70.02, 4006, 2617, 1958, 2048
2026/3/2, 21:00:00, 70.05, 70.20, 69.51, 69.54, 1920, 1377, 1075, 845
2026/3/2, 23:00:00, 69.78, 70.04, 69.07, 69.45, 252, 182, 163, 89
2026/3/3, 00:00:00, 69.56, 70.25, 69.53, 70.18, 329, 217, 147, 182
2026/3/3, 01:00:00, 70.24, 70.66, 70.19, 70.26, 787, 574, 324, 463
2026/3/3, 02:00:00, 70.25, 70.90, 70.10, 70.83, 303, 267, 131, 172
2026/3/3, 03:00:00, 70.83, 71.04, 70.70, 70.82, 299, 270, 150, 149
2026/3/3, 04:00:00, 70.78, 71.08, 70.68, 70.98, 144, 127, 57, 87
2026/3/3, 05:00:00, 70.99, 71.66, 70.87, 71.27, 550, 456, 254, 296
2026/3/3, 06:00:00, 71.22, 71.39, 70.74, 71.37, 263, 232, 145, 118
2026/3/3, 07:00:00, 71.38, 72.35, 71.34, 72.10, 1305, 1093, 636, 669
2026/3/3, 08:00:00, 72.00, 72.58, 71.75, 72.50, 1867, 1560, 889, 978
2026/3/3, 09:00:00, 72.42, 73.42, 72.37, 73.07, 2079, 1689, 940, 1139
2026/3/3, 10:00:00, 73.10, 74.75, 72.81, 74.00, 2371, 1930, 1128, 1243
2026/3/3, 11:00:00, 74.00, 74.76, 73.60, 74.53, 2699, 2137, 1215, 1484
2026/3/3, 12:00:00, 74.53, 74.80, 72.94, 73.14, 4723, 3131, 2264, 2459
2026/3/3, 13:00:00, 73.14, 73.58, 72.61, 73.24, 7605, 5114, 3121, 4484
2026/3/3, 14:00:00, 73.27, 74.27, 73.27, 73.37, 8006, 5983, 3898, 4108
2026/3/3, 15:00:00, 73.38, 73.93, 73.20, 73.65, 7764, 6303, 4124, 3640
2026/3/3, 16:00:00, 73.67, 73.96, 71.72, 72.83, 10627, 8423, 5168, 5459
2026/3/3, 17:00:00, 72.82, 73.31, 72.43, 72.68, 4604, 3691, 2114, 2490
2026/3/3, 18:00:00, 72.66, 72.69, 71.13, 72.03, 6100, 5349, 3011, 3089
2026/3/3, 19:00:00, 72.02, 72.13, 69.47, 71.11, 8961, 7508, 4224, 4737
2026/3/3, 20:00:00, 71.08, 71.58, 70.68, 71.51, 2926, 2568, 1361, 1565
2026/3/3, 21:00:00, 71.49, 72.31, 71.48, 72.01, 859, 696, 369, 490
2026/3/3, 23:00:00, 71.98, 72.66, 71.91, 72.63, 127, 120, 65, 62
2026/3/4, 00:00:00, 72.63, 72.78, 71.63, 72.12, 543, 330, 334, 209
2026/3/4, 01:00:00, 72.09, 72.60, 71.64, 71.98, 749, 599, 376, 373
2026/3/4, 02:00:00, 72.03, 72.59, 71.94, 72.30, 356, 283, 219, 137
2026/3/4, 03:00:00, 72.10, 72.58, 71.90, 72.31, 321, 268, 159, 162
2026/3/4, 04:00:00, 72.33, 72.61, 72.31, 72.52, 379, 300, 157, 222
2026/3/4, 05:00:00, 72.56, 73.38, 72.34, 72.92, 737, 584, 384, 353
2026/3/4, 06:00:00, 72.88, 73.80, 72.80, 73.76, 435, 374, 211, 224
2026/3/4, 07:00:00, 73.73, 73.84, 73.26, 73.43, 1028, 926, 528, 500
2026/3/4, 08:00:00, 73.36, 73.95, 73.02, 73.40, 953, 805, 494, 459
2026/3/4, 09:00:00, 73.39, 73.52, 72.40, 73.43, 1261, 1102, 629, 632
2026/3/4, 10:00:00, 73.42, 73.42, 71.97, 72.19, 1852, 1653, 911, 941
2026/3/4, 11:00:00, 72.18, 72.51, 71.70, 72.10, 957, 826, 464, 493
2026/3/4, 12:00:00, 72.07, 72.35, 71.47, 71.66, 1606, 1329, 773, 833
2026/3/4, 13:00:00, 71.66, 71.68, 70.50, 71.23, 2141, 1693, 1138, 1003
2026/3/4, 14:00:00, 71.26, 72.31, 71.05, 71.68, 3653, 2619, 1696, 1957
2026/3/4, 15:00:00, 71.72, 71.81, 71.19, 71.57, 2725, 2058, 1138, 1587
2026/3/4, 16:00:00, 71.57, 72.08, 71.04, 71.53, 1930, 1410, 938, 992
2026/3/4, 17:00:00, 71.54, 72.30, 71.46, 72.21, 1986, 1398, 928, 1058
2026/3/4, 18:00:00, 72.26, 72.31, 71.85, 72.01, 1724, 1357, 745, 979
2026/3/4, 19:00:00, 72.02, 72.02, 71.54, 71.71, 2089, 1524, 1080, 1009
2026/3/4, 20:00:00, 71.75, 72.41, 71.73, 72.24, 1163, 724, 609, 554
2026/3/4, 21:00:00, 72.26, 72.89, 72.22, 72.66, 800, 661, 384, 416
2026/3/4, 23:00:00, 72.79, 72.79, 72.50, 72.60, 123, 116, 66, 57
2026/3/5, 00:00:00, 72.62, 72.62, 72.23, 72.35, 240, 213, 137, 103
2026/3/5, 01:00:00, 72.40, 73.57, 72.38, 73.53, 1055, 783, 543, 512
2026/3/5, 02:00:00, 73.58, 73.86, 73.36, 73.82, 951, 619, 457, 494
2026/3/5, 03:00:00, 73.81, 73.81, 73.37, 73.54, 413, 317, 191, 222
2026/3/5, 04:00:00, 73.53, 74.05, 73.53, 73.74, 436, 336, 224, 212
2026/3/5, 05:00:00, 73.81, 74.44, 73.76, 74.10, 1335, 584, 842, 493
2026/3/5, 06:00:00, 74.10, 74.14, 72.53, 73.02, 1536, 1119, 932, 604
2026/3/5, 07:00:00, 73.03, 73.73, 73.03, 73.53, 1324, 1221, 609, 715
2026/3/5, 08:00:00, 73.52, 74.13, 73.31, 73.60, 2334, 2166, 1202, 1132
2026/3/5, 09:00:00, 73.57, 73.66, 71.95, 73.10, 3688, 3256, 2058, 1630
2026/3/5, 10:00:00, 73.18, 73.40, 72.87, 73.25, 1429, 1346, 732, 697
2026/3/5, 11:00:00, 73.22, 73.78, 73.05, 73.67, 1532, 1361, 745, 787
2026/3/5, 12:00:00, 73.66, 73.84, 73.22, 73.66, 2673, 2319, 1238, 1435
2026/3/5, 13:00:00, 73.68, 73.82, 73.08, 73.65, 3905, 3330, 1764, 2141
2026/3/5, 14:00:00, 73.65, 74.38, 73.40, 73.93, 5384, 4485, 2636, 2748
2026/3/5, 15:00:00, 73.92, 74.57, 73.77, 74.21, 6877, 5457, 3512, 3365
2026/3/5, 16:00:00, 74.20, 75.09, 73.90, 74.66, 5882, 4697, 2996, 2886
2026/3/5, 17:00:00, 74.65, 75.05, 74.30, 74.99, 4393, 3472, 2223, 2170
2026/3/5, 18:00:00, 74.99, 75.94, 74.55, 75.47, 5245, 4042, 2661, 2584
2026/3/5, 19:00:00, 75.46, 75.97, 75.21, 75.88, 6239, 4830, 3292, 2947
2026/3/5, 20:00:00, 75.88, 76.14, 74.32, 74.61, 5343, 4452, 2366, 2977
2026/3/5, 21:00:00, 74.60, 74.72, 73.80, 74.35, 1000, 779, 554, 446
2026/3/5, 23:00:00, 74.55, 74.82, 74.16, 74.64, 336, 277, 207, 129
2026/3/6, 00:00:00, 74.55, 74.74, 73.91, 74.13, 468, 349, 205, 263
2026/3/6, 01:00:00, 74.13, 74.66, 73.56, 74.63, 1090, 922, 531, 559
2026/3/6, 02:00:00, 74.65, 74.65, 74.18, 74.62, 486, 460, 233, 253
2026/3/6, 03:00:00, 74.46, 74.82, 74.43, 74.64, 365, 335, 165, 200
2026/3/6, 04:00:00, 74.63, 74.71, 74.44, 74.65, 350, 302, 169, 181
2026/3/6, 05:00:00, 74.64, 75.14, 74.47, 75.07, 607, 510, 287, 320
2026/3/6, 06:00:00, 75.05, 75.50, 74.93, 75.35, 865, 661, 482, 383
2026/3/6, 07:00:00, 75.31, 75.54, 74.94, 75.52, 1541, 1294, 778, 763
2026/3/6, 08:00:00, 75.48, 75.87, 75.29, 75.50, 3426, 3028, 1771, 1655
2026/3/6, 09:00:00, 75.49, 77.63, 75.33, 77.53, 5686, 5149, 2393, 3293
2026/3/6, 10:00:00, 77.50, 77.82, 77.04, 77.50, 5705, 4768, 3069, 2636
2026/3/6, 11:00:00, 77.50, 79.42, 77.44, 79.17, 6899, 5817, 3800, 3099
2026/3/6, 12:00:00, 79.16, 79.50, 78.67, 79.10, 7441, 6615, 4190, 3251
2026/3/6, 13:00:00, 79.09, 80.12, 78.03, 79.72, 9430, 8423, 4770, 4660
2026/3/6, 14:00:00, 79.72, 80.84, 79.51, 80.25, 12392, 10299, 6310, 6082
2026/3/6, 15:00:00, 80.24, 80.42, 79.35, 79.86, 11053, 9132, 5657, 5396
2026/3/6, 16:00:00, 79.87, 80.98, 79.54, 80.89, 9545, 8766, 4492, 5053
2026/3/6, 17:00:00, 80.86, 82.47, 80.70, 82.22, 11843, 10700, 5579, 6264
2026/3/6, 18:00:00, 82.21, 82.29, 80.57, 82.25, 9607, 8053, 4932, 4675
2026/3/6, 19:00:00, 82.20, 82.58, 81.54, 82.46, 10792, 9292, 5122, 5670
2026/3/6, 20:00:00, 82.44, 82.52, 81.96, 82.26, 4985, 4284, 2388, 2597
2026/3/6, 21:00:00, 82.24, 82.95, 82.16, 82.56, 1832, 1564, 810, 1022
2026/3/8, 22:00:00, 85.00, 97.56, 84.78, 94.74, 7833, 5221, 3060, 4773
2026/3/8, 23:00:00, 94.67, 95.33, 93.27, 95.01, 6756, 4162, 2109, 4647
2026/3/9, 00:00:00, 94.99, 95.94, 93.89, 94.89, 4604, 3937, 1545, 3059
2026/3/9, 01:00:00, 94.90, 100.00, 94.56, 99.71, 6015, 4832, 2945, 3070
2026/3/9, 02:00:00, 99.68, 104.34, 98.65, 100.75, 3632, 3280, 1901, 1731
2026/3/9, 03:00:00, 100.61, 102.55, 98.83, 101.90, 1873, 1703, 909, 964
2026/3/9, 04:00:00, 101.91, 103.02, 101.19, 102.18, 1956, 1554, 943, 1013
2026/3/9, 05:00:00, 102.13, 102.17, 91.87, 92.88, 5207, 4368, 2750, 2457
2026/3/9, 06:00:00, 92.80, 95.55, 91.05, 94.43, 4405, 3760, 2244, 2161
2026/3/9, 07:00:00, 94.24, 94.24, 91.40, 92.56, 4965, 4391, 2620, 2345
2026/3/9, 08:00:00, 92.55, 94.69, 91.50, 92.69, 2447, 2174, 1196, 1251
2026/3/9, 09:00:00, 92.63, 93.68, 87.85, 90.52, 3833, 3289, 2217, 1616
2026/3/9, 10:00:00, 90.52, 92.60, 90.23, 91.69, 3148, 2820, 1618, 1530
2026/3/9, 11:00:00, 91.74, 92.09, 90.16, 90.50, 2658, 2387, 1477, 1181
2026/3/9, 12:00:00, 90.49, 91.92, 89.22, 90.77, 6717, 6217, 3545, 3172
2026/3/9, 13:00:00, 90.75, 90.76, 87.45, 88.99, 9066, 7892, 4721, 4345
2026/3/9, 14:00:00, 88.99, 92.27, 88.68, 89.60, 9074, 8076, 4560, 4514
2026/3/9, 15:00:00, 89.59, 89.66, 85.29, 85.67, 12837, 11761, 6440, 6397
2026/3/9, 16:00:00, 85.67, 87.14, 85.11, 86.43, 17753, 16688, 8314, 9439
2026/3/9, 17:00:00, 86.42, 87.26, 85.83, 86.61, 10820, 10283, 5113, 5707
2026/3/9, 18:00:00, 86.60, 87.18, 84.00, 87.14, 11641, 10696, 6015, 5626
2026/3/9, 19:00:00, 87.17, 87.30, 75.60, 79.67, 10491, 9032, 5559, 4932
2026/3/9, 20:00:00, 79.75, 81.88, 77.20, 79.15, 3443, 2861, 2113, 1330
2026/3/9, 22:00:00, 80.00, 83.02, 79.36, 80.94, 2399, 1845, 844, 1555
2026/3/9, 23:00:00, 80.94, 82.69, 80.67, 81.53, 618, 541, 329, 289
2026/3/10, 00:00:00, 81.38, 82.31, 79.08, 80.17, 2000, 1690, 1287, 713
2026/3/10, 01:00:00, 80.02, 80.38, 78.14, 78.68, 2044, 1746, 1158, 886
2026/3/10, 02:00:00, 78.88, 82.28, 78.60, 82.11, 1371, 1250, 762, 609
2026/3/10, 03:00:00, 82.07, 83.80, 81.61, 82.90, 1674, 1434, 903, 771
2026/3/10, 04:00:00, 82.99, 83.87, 82.69, 83.42, 591, 539, 304, 287
2026/3/10, 05:00:00, 83.32, 83.32, 81.29, 82.43, 1217, 1051, 715, 502
2026/3/10, 06:00:00, 82.34, 83.47, 81.71, 82.99, 752, 695, 358, 394
2026/3/10, 07:00:00, 82.98, 83.24, 80.00, 80.22, 3758, 3636, 2178, 1580
2026/3/10, 08:00:00, 80.10, 82.46, 79.80, 82.40, 2676, 2438, 1598, 1078
2026/3/10, 09:00:00, 82.35, 82.46, 79.62, 80.63, 1754, 1640, 928, 826
2026/3/10, 10:00:00, 80.59, 82.89, 80.48, 81.67, 1704, 1419, 875, 829
2026/3/10, 11:00:00, 81.69, 82.85, 80.25, 82.46, 2334, 1994, 1323, 1011
2026/3/10, 12:00:00, 82.32, 83.95, 81.95, 82.63, 3216, 2772, 1554, 1662
2026/3/10, 13:00:00, 82.68, 82.75, 81.18, 81.50, 7371, 6718, 3896, 3475
2026/3/10, 14:00:00, 81.55, 82.34, 78.24, 79.14, 6360, 5375, 3012, 3348
2026/3/10, 15:00:00, 79.12, 80.06, 78.18, 79.53, 7102, 6612, 3618, 3484
2026/3/10, 16:00:00, 79.56, 80.60, 77.56, 77.78, 8624, 7980, 4137, 4487
2026/3/10, 17:00:00, 77.75, 77.99, 73.56, 76.35, 23285, 21681, 11681, 11604
2026/3/10, 18:00:00, 76.35, 82.02, 75.82, 79.84, 12765, 10967, 6243, 6522
2026/3/10, 19:00:00, 79.79, 82.58, 79.69, 82.00, 6138, 5711, 3025, 3113
2026/3/10, 20:00:00, 82.06, 82.42, 81.09, 81.67, 1563, 1176, 662, 901
2026/3/10, 22:00:00, 82.40, 83.70, 82.20, 83.54, 548, 399, 193, 355
2026/3/10, 23:00:00, 83.50, 83.50, 81.00, 81.52, 501, 360, 189, 312
2026/3/11, 00:00:00, 81.59, 81.64, 78.26, 79.34, 1615, 1261, 944, 671
2026/3/11, 01:00:00, 79.35, 80.51, 78.90, 79.65, 1110, 1028, 496, 614
2026/3/11, 02:00:00, 79.64, 81.14, 79.61, 80.36, 744, 610, 361, 383
2026/3/11, 03:00:00, 80.46, 80.51, 79.09, 79.27, 532, 495, 272, 260
2026/3/11, 04:00:00, 79.25, 79.88, 78.90, 79.39, 388, 345, 205, 183
2026/3/11, 05:00:00, 79.38, 80.32, 79.31, 80.10, 549, 497, 279, 270
2026/3/11, 06:00:00, 80.07, 80.59, 79.34, 79.79, 749, 616, 412, 337
2026/3/11, 07:00:00, 79.62, 81.43, 79.49, 81.17, 2196, 2002, 1124, 1072
2026/3/11, 08:00:00, 81.08, 82.14, 80.55, 81.81, 5313, 4821, 2579, 2734
2026/3/11, 09:00:00, 81.79, 83.51, 81.65, 83.34, 6018, 5611, 2842, 3176
2026/3/11, 10:00:00, 83.32, 83.32, 80.16, 80.50, 6190, 5836, 3149, 3041
2026/3/11, 11:00:00, 80.53, 82.49, 80.25, 81.90, 4764, 4527, 2420, 2344
2026/3/11, 12:00:00, 81.83, 83.19, 81.50, 82.45, 5804, 5305, 2845, 2959
2026/3/11, 13:00:00, 82.46, 82.54, 79.83, 80.22, 10372, 9395, 5400, 4972
2026/3/11, 14:00:00, 80.30, 82.40, 78.76, 81.94, 10272, 8993, 5140, 5132
2026/3/11, 15:00:00, 81.95, 83.09, 81.62, 83.01, 8177, 7632, 4240, 3937
2026/3/11, 16:00:00, 83.00, 83.71, 82.43, 82.71, 7151, 6744, 3534, 3617
2026/3/11, 17:00:00, 82.70, 83.81, 82.01, 83.34, 7341, 6757, 3532, 3809
2026/3/11, 18:00:00, 83.32, 84.15, 83.14, 83.50, 8313, 7381, 3825, 4488
2026/3/11, 19:00:00, 83.51, 84.22, 83.29, 84.13, 3365, 2808, 1622, 1743
2026/3/11, 20:00:00, 84.14, 84.55, 83.97, 84.39, 1182, 966, 580, 602
2026/3/11, 22:00:00, 84.80, 88.14, 84.49, 86.39, 1414, 1116, 668, 746
2026/3/11, 23:00:00, 86.60, 89.88, 86.38, 88.04, 1325, 1048, 666, 659
2026/3/12, 00:00:00, 88.00, 89.29, 87.41, 88.21, 1595, 1308, 751, 844
2026/3/12, 01:00:00, 88.16, 88.54, 86.74, 87.84, 1408, 1168, 655, 753
2026/3/12, 02:00:00, 87.85, 90.27, 87.82, 88.93, 1211, 1098, 566, 645
2026/3/12, 03:00:00, 88.87, 89.88, 88.74, 89.14, 680, 630, 388, 292
2026/3/12, 04:00:00, 89.02, 89.64, 88.79, 89.24, 508, 433, 243, 265
2026/3/12, 05:00:00, 89.24, 89.26, 87.18, 87.89, 1517, 1331, 785, 732
2026/3/12, 06:00:00, 87.92, 88.35, 86.50, 87.37, 1419, 1294, 636, 783
2026/3/12, 07:00:00, 87.33, 87.34, 85.40, 85.96, 3960, 3799, 2118, 1842
2026/3/12, 08:00:00, 85.88, 87.86, 85.76, 87.59, 4532, 4431, 2219, 2313
2026/3/12, 09:00:00, 87.58, 88.12, 86.46, 86.60, 3488, 3337, 1788, 1700
2026/3/12, 10:00:00, 86.59, 87.16, 86.23, 86.46, 3018, 2895, 1532, 1486
2026/3/12, 11:00:00, 86.51, 88.06, 86.43, 87.94, 2557, 2385, 1358, 1199
2026/3/12, 12:00:00, 87.94, 88.65, 87.71, 88.02, 3565, 3416, 1790, 1775
2026/3/12, 13:00:00, 88.07, 90.01, 87.76, 89.59, 6973, 6377, 3518, 3455
2026/3/12, 14:00:00, 89.58, 90.40, 88.61, 89.80, 8863, 8349, 4358, 4505
2026/3/12, 15:00:00, 89.79, 90.93, 88.66, 88.97, 12691, 11454, 6453, 6238
2026/3/12, 16:00:00, 88.96, 89.96, 87.88, 89.48, 7234, 6738, 3702, 3532
2026/3/12, 17:00:00, 89.48, 90.12, 89.25, 89.41, 7205, 6754, 3363, 3842
2026/3/12, 18:00:00, 89.40, 91.56, 89.01, 91.42, 9126, 8169, 4734, 4392
2026/3/12, 19:00:00, 91.43, 91.81, 90.43, 91.16, 3953, 3644, 2037, 1916
2026/3/12, 20:00:00, 91.17, 91.37, 90.52, 91.21, 1225, 1084, 649, 576
2026/3/12, 22:00:00, 91.67, 92.59, 90.56, 91.22, 389, 347, 192, 197
2026/3/12, 23:00:00, 91.24, 92.15, 91.18, 91.35, 270, 230, 150, 120
2026/3/13, 00:00:00, 91.39, 91.44, 90.00, 90.53, 786, 669, 449, 337
2026/3/13, 01:00:00, 90.60, 91.01, 89.76, 90.59, 619, 544, 296, 323
2026/3/13, 02:00:00, 90.57, 91.31, 90.32, 91.19, 398, 317, 213, 185
2026/3/13, 03:00:00, 91.23, 91.48, 90.32, 90.54, 374, 330, 193, 181
2026/3/13, 04:00:00, 90.51, 90.80, 90.29, 90.33, 175, 162, 85, 90
2026/3/13, 05:00:00, 90.22, 90.56, 89.95, 90.11, 245, 234, 143, 102
2026/3/13, 06:00:00, 90.04, 91.09, 89.52, 91.05, 590, 524, 289, 301
2026/3/13, 07:00:00, 91.05, 92.38, 90.87, 92.11, 2643, 2535, 1284, 1359
2026/3/13, 08:00:00, 92.09, 92.66, 90.66, 90.75, 4426, 4196, 2187, 2239
2026/3/13, 09:00:00, 90.74, 91.34, 90.15, 90.96, 2676, 2354, 1242, 1434
2026/3/13, 10:00:00, 90.90, 91.04, 88.98, 89.27, 3230, 3105, 1673, 1557
2026/3/13, 11:00:00, 89.25, 90.41, 88.79, 89.08, 2991, 2859, 1562, 1429
2026/3/13, 12:00:00, 89.10, 89.73, 87.76, 88.94, 3051, 2770, 1580, 1471
2026/3/13, 13:00:00, 88.91, 89.54, 88.37, 89.44, 4635, 4027, 2410, 2225
2026/3/13, 14:00:00, 89.46, 90.35, 89.03, 90.19, 5381, 4926, 2588, 2793
2026/3/13, 15:00:00, 90.16, 91.12, 89.98, 90.76, 5863, 5360, 2728, 3135
2026/3/13, 16:00:00, 90.74, 91.54, 90.57, 90.83, 4116, 3693, 1954, 2162
2026/3/13, 17:00:00, 90.83, 91.71, 90.34, 91.50, 4447, 4201, 2175, 2272
2026/3/13, 18:00:00, 91.49, 92.65, 91.05, 91.43, 6283, 5796, 3493, 2790
2026/3/13, 19:00:00, 91.47, 92.05, 91.27, 91.96, 2353, 1891, 1026, 1327
2026/3/13, 20:00:00, 91.96, 92.65, 91.90, 92.65, 1049, 849, 410, 639
2026/3/15, 22:00:00, 94.00, 94.98, 93.22, 93.33, 1836, 1497, 912, 924
2026/3/15, 23:00:00, 93.32, 93.92, 92.28, 92.67, 956, 806, 500, 456
2026/3/16, 00:00:00, 92.69, 92.72, 91.44, 91.55, 759, 578, 383, 376
2026/3/16, 01:00:00, 91.51, 92.91, 90.96, 92.76, 652, 582, 250, 402
2026/3/16, 02:00:00, 92.73, 93.47, 92.40, 93.18, 915, 778, 322, 593
2026/3/16, 03:00:00, 93.16, 93.33, 92.75, 93.24, 556, 484, 140, 416
2026/3/16, 04:00:00, 93.20, 93.60, 93.19, 93.43, 355, 227, 249, 106
2026/3/16, 05:00:00, 93.46, 93.65, 92.51, 92.60, 500, 373, 328, 172
2026/3/16, 06:00:00, 92.53, 93.62, 92.27, 92.92, 266, 241, 129, 137
2026/3/16, 07:00:00, 93.00, 94.59, 92.68, 94.12, 2344, 2184, 1115, 1229
2026/3/16, 08:00:00, 94.11, 94.54, 93.46, 93.67, 4145, 3890, 2080, 2065
2026/3/16, 09:00:00, 93.65, 94.11, 92.92, 93.27, 2196, 2150, 1055, 1141
2026/3/16, 10:00:00, 93.25, 93.41, 91.40, 91.41, 2365, 2245, 1193, 1172
2026/3/16, 11:00:00, 91.44, 92.27, 91.29, 91.76, 2240, 2137, 1071, 1169
2026/3/16, 12:00:00, 91.80, 92.13, 89.76, 90.40, 6852, 6281, 3811, 3041
2026/3/16, 13:00:00, 90.41, 90.93, 88.38, 88.72, 8460, 7938, 4508, 3952
2026/3/16, 14:00:00, 88.71, 90.62, 88.42, 90.35, 8143, 7346, 4097, 4046
2026/3/16, 15:00:00, 90.34, 90.78, 89.74, 90.36, 5152, 4854, 2685, 2467
2026/3/16, 16:00:00, 90.36, 91.38, 89.94, 90.55, 4907, 4517, 2578, 2329
2026/3/16, 17:00:00, 90.53, 90.57, 88.75, 89.15, 4615, 4071, 2376, 2239
2026/3/16, 18:00:00, 89.16, 89.38, 88.06, 88.60, 6095, 5285, 2864, 3231
2026/3/16, 19:00:00, 88.61, 89.66, 88.21, 88.62, 1974, 1847, 941, 1033
2026/3/16, 20:00:00, 88.62, 89.33, 88.30, 89.25, 830, 772, 546, 284
2026/3/16, 22:00:00, 89.41, 90.18, 89.02, 90.00, 606, 538, 261, 345
2026/3/16, 23:00:00, 89.94, 90.34, 89.51, 89.96, 382, 311, 177, 205
2026/3/17, 00:00:00, 89.89, 91.40, 89.85, 90.98, 946, 826, 500, 446
2026/3/17, 01:00:00, 91.02, 91.25, 90.47, 91.15, 647, 585, 312, 335
2026/3/17, 02:00:00, 91.12, 91.31, 90.83, 91.14, 329, 305, 174, 155
2026/3/17, 03:00:00, 91.11, 91.38, 90.99, 91.22, 301, 271, 165, 136
2026/3/17, 04:00:00, 91.22, 91.44, 90.74, 91.14, 324, 275, 163, 161
2026/3/17, 05:00:00, 91.14, 92.93, 90.65, 92.75, 1018, 898, 441, 577
2026/3/17, 06:00:00, 92.76, 93.27, 92.03, 92.49, 941, 848, 488, 453
2026/3/17, 07:00:00, 92.49, 92.69, 91.59, 91.84, 2619, 2525, 1289, 1330
2026/3/17, 08:00:00, 91.82, 92.77, 91.70, 92.46, 4871, 4740, 2352, 2519
2026/3/17, 09:00:00, 92.45, 92.46, 91.12, 91.33, 3435, 3338, 1719, 1716
2026/3/17, 10:00:00, 91.34, 92.23, 91.33, 91.69, 2397, 2342, 1228, 1169
2026/3/17, 11:00:00, 91.68, 92.41, 91.68, 92.32, 2564, 2459, 1299, 1265
2026/3/17, 12:00:00, 92.33, 92.40, 90.87, 90.97, 4740, 4428, 2368, 2372
2026/3/17, 13:00:00, 90.98, 91.16, 89.58, 90.73, 8157, 7534, 4151, 4006
2026/3/17, 14:00:00, 90.72, 91.12, 89.62, 89.89, 5254, 4971, 2693, 2561
2026/3/17, 15:00:00, 89.90, 91.47, 89.75, 91.18, 6276, 5392, 2776, 3500
2026/3/17, 16:00:00, 91.17, 91.35, 89.93, 90.49, 6364, 5894, 3279, 3085
2026/3/17, 17:00:00, 90.49, 91.41, 90.47, 91.36, 4480, 4180, 2284, 2196
2026/3/17, 18:00:00, 91.35, 91.73, 91.01, 91.51, 5369, 4967, 2640, 2729
2026/3/17, 19:00:00, 91.51, 91.81, 91.30, 91.69, 2546, 2335, 1294, 1252
2026/3/17, 20:00:00, 91.70, 91.84, 91.47, 91.56, 785, 726, 406, 379
2026/3/17, 22:00:00, 91.50, 91.82, 90.71, 91.47, 382, 324, 176, 206
2026/3/17, 23:00:00, 91.40, 91.89, 91.27, 91.59, 358, 298, 184, 174
2026/3/18, 00:00:00, 91.59, 91.64, 90.45, 90.63, 958, 852, 530, 428
2026/3/18, 01:00:00, 90.53, 90.94, 90.29, 90.78, 796, 739, 374, 422
2026/3/18, 02:00:00, 90.74, 90.98, 89.75, 90.22, 742, 669, 411, 331
2026/3/18, 03:00:00, 90.31, 90.32, 89.00, 89.06, 790, 688, 469, 321
2026/3/18, 04:00:00, 89.12, 89.20, 88.79, 89.11, 1093, 699, 364, 729
2026/3/18, 05:00:00, 89.06, 89.46, 88.53, 88.75, 782, 609, 356, 426
2026/3/18, 06:00:00, 88.84, 89.42, 88.20, 89.32, 1004, 860, 530, 474
2026/3/18, 07:00:00, 89.30, 89.89, 89.23, 89.84, 2173, 2123, 1088, 1085
2026/3/18, 08:00:00, 89.84, 90.73, 89.74, 90.34, 3331, 3258, 1584, 1747
2026/3/18, 09:00:00, 90.34, 90.85, 90.19, 90.70, 2206, 2091, 1068, 1138
2026/3/18, 10:00:00, 90.73, 90.88, 90.42, 90.63, 2222, 2102, 1116, 1106
2026/3/18, 11:00:00, 90.63, 91.78, 90.32, 90.84, 6552, 6203, 3237, 3315
2026/3/18, 12:00:00, 90.85, 93.53, 90.78, 93.38, 15129, 13980, 7194, 7935
2026/3/18, 13:00:00, 93.35, 94.21, 93.00, 94.08, 13617, 12476, 6736, 6881
2026/3/18, 14:00:00, 94.08, 94.57, 93.47, 93.99, 8293, 7645, 4230, 4063
2026/3/18, 15:00:00, 94.03, 94.33, 93.21, 93.40, 9909, 9037, 5174, 4735
2026/3/18, 16:00:00, 93.41, 93.67, 92.93, 93.48, 8673, 8094, 4316, 4357
2026/3/18, 17:00:00, 93.49, 93.86, 91.73, 91.89, 7969, 7346, 4089, 3880
2026/3/18, 18:00:00, 91.87, 93.29, 91.06, 93.01, 12026, 11246, 5835, 6191
2026/3/18, 19:00:00, 93.02, 94.49, 92.64, 94.21, 4114, 3658, 1971, 2143
2026/3/18, 20:00:00, 94.24, 96.20, 94.15, 95.52, 2470, 1906, 1044, 1426
2026/3/18, 22:00:00, 94.93, 95.24, 94.15, 95.01, 573, 504, 287, 286
2026/3/18, 23:00:00, 94.96, 95.29, 94.10, 94.90, 617, 527, 331, 286
2026/3/19, 00:00:00, 94.89, 95.66, 94.83, 95.00, 1346, 1209, 625, 721
2026/3/19, 01:00:00, 94.99, 95.23, 94.17, 94.84, 1218, 1013, 528, 690
2026/3/19, 02:00:00, 94.78, 94.91, 92.62, 93.20, 2461, 1973, 1303, 1158
2026/3/19, 03:00:00, 93.22, 93.48, 92.87, 93.43, 648, 603, 334, 314
2026/3/19, 04:00:00, 93.43, 93.65, 93.26, 93.53, 144, 143, 76, 68
