Date, Time, Open, High, Low, Last, Volume, NumberOfTrades, BidVolume, AskVolume
2026/2/18, 00:00:00, 61.69, 61.70, 61.59, 61.62, 7, 7, 3, 4
2026/2/18, 01:00:00, 61.69, 61.69, 61.62, 61.67, 62, 11, 56, 6
2026/2/18, 02:00:00, 61.64, 61.75, 61.64, 61.70, 20, 13, 8, 12
2026/2/18, 03:00:00, 61.69, 61.82, 61.69, 61.80, 5, 5, 3, 2
2026/2/18, 04:00:00, 61.82, 61.85, 61.80, 61.85, 50, 37, 13, 37
2026/2/18, 05:00:00, 61.85, 61.85, 61.78, 61.82, 12, 10, 10, 2
2026/2/18, 06:00:00, 61.75, 61.91, 61.72, 61.79, 18, 18, 9, 9
2026/2/18, 07:00:00, 61.77, 61.84, 61.75, 61.83, 35, 33, 15, 20
2026/2/18, 08:00:00, 61.81, 62.03, 61.80, 61.80, 42, 40, 17, 25
2026/2/18, 09:00:00, 61.80, 62.01, 61.77, 61.84, 119, 101, 62, 57
2026/2/18, 10:00:00, 61.95, 62.45, 61.89, 62.40, 236, 199, 46, 190
2026/2/18, 11:00:00, 62.42, 62.94, 62.38, 62.94, 85, 75, 36, 49
2026/2/18, 12:00:00, 62.96, 63.38, 62.80, 63.27, 277, 244, 151, 126
2026/2/18, 13:00:00, 63.32, 63.32, 63.05, 63.09, 192, 152, 123, 69
2026/2/18, 14:00:00, 63.08, 63.64, 62.99, 63.49, 425, 312, 218, 207
2026/2/18, 15:00:00, 63.49, 63.56, 63.37, 63.47, 404, 341, 282, 122
2026/2/18, 16:00:00, 63.43, 63.83, 63.41, 63.77, 539, 303, 339, 200
2026/2/18, 17:00:00, 63.71, 64.13, 63.67, 64.09, 491, 400, 242, 249
2026/2/18, 18:00:00, 64.10, 64.21, 63.81, 64.20, 584, 538, 380, 204
2026/2/18, 19:00:00, 64.20, 64.38, 63.99, 64.16, 890, 689, 502, 388
2026/2/18, 20:00:00, 64.16, 64.45, 64.14, 64.30, 518, 451, 346, 172
2026/2/18, 21:00:00, 64.30, 64.34, 64.00, 64.05, 68, 58, 42, 26
2026/2/18, 23:00:00, 64.25, 64.31, 64.16, 64.16, 6, 5, 2, 4
2026/2/19, 00:00:00, 64.10, 64.21, 64.08, 64.21, 6, 4, 0, 6
2026/2/19, 01:00:00, 64.15, 64.28, 64.09, 64.28, 33, 27, 18, 15
2026/2/19, 02:00:00, 64.36, 64.40, 64.31, 64.40, 14, 14, 11, 3
2026/2/19, 03:00:00, 64.48, 64.48, 64.39, 64.43, 18, 15, 15, 3
2026/2/19, 04:00:00, 64.45, 64.48, 64.27, 64.31, 21, 19, 11, 10
2026/2/19, 05:00:00, 64.37, 64.40, 64.33, 64.33, 10, 10, 5, 5
2026/2/19, 06:00:00, 64.32, 64.36, 64.30, 64.34, 16, 13, 10, 6
2026/2/19, 07:00:00, 64.37, 64.85, 64.34, 64.80, 43, 40, 13, 30
2026/2/19, 08:00:00, 64.72, 65.22, 64.70, 65.16, 148, 119, 74, 74
2026/2/19, 09:00:00, 65.11, 65.14, 64.70, 64.85, 127, 118, 75, 52
2026/2/19, 10:00:00, 64.77, 65.02, 64.69, 64.99, 147, 106, 103, 44
2026/2/19, 11:00:00, 64.92, 65.20, 64.92, 64.99, 90, 61, 49, 41
2026/2/19, 12:00:00, 65.06, 65.12, 64.99, 65.06, 196, 178, 143, 53
2026/2/19, 13:00:00, 65.08, 65.41, 64.96, 65.27, 712, 442, 342, 370
2026/2/19, 14:00:00, 65.24, 65.44, 64.94, 65.28, 437, 383, 292, 145
2026/2/19, 15:00:00, 65.31, 65.44, 64.51, 65.36, 874, 750, 559, 315
2026/2/19, 16:00:00, 65.43, 65.56, 65.26, 65.54, 333, 266, 184, 149
2026/2/19, 17:00:00, 65.60, 65.66, 65.39, 65.54, 392, 347, 283, 109
2026/2/19, 18:00:00, 65.49, 65.58, 65.28, 65.51, 366, 232, 162, 204
2026/2/19, 19:00:00, 65.50, 65.58, 65.38, 65.56, 493, 425, 206, 287
2026/2/19, 20:00:00, 65.57, 65.70, 65.55, 65.66, 77, 66, 49, 28
2026/2/19, 21:00:00, 65.68, 65.80, 65.04, 65.68, 316, 265, 243, 73
2026/2/19, 23:00:00, 65.56, 65.57, 65.47, 65.48, 10, 10, 4, 6
2026/2/20, 00:00:00, 65.45, 65.52, 65.35, 65.43, 32, 24, 16, 16
2026/2/20, 01:00:00, 65.39, 65.72, 65.39, 65.57, 40, 39, 18, 22
2026/2/20, 02:00:00, 65.59, 65.81, 65.53, 65.56, 48, 42, 20, 28
2026/2/20, 03:00:00, 65.61, 65.69, 65.50, 65.66, 24, 23, 13, 11
2026/2/20, 04:00:00, 65.63, 65.70, 65.63, 65.70, 28, 27, 20, 8
2026/2/20, 05:00:00, 65.73, 65.87, 65.68, 65.81, 37, 33, 17, 20
2026/2/20, 06:00:00, 65.86, 65.96, 65.74, 65.74, 26, 22, 10, 16
2026/2/20, 07:00:00, 65.66, 65.69, 65.35, 65.35, 102, 88, 73, 29
2026/2/20, 08:00:00, 65.36, 65.43, 65.14, 65.18, 140, 85, 107, 33
2026/2/20, 09:00:00, 65.22, 65.56, 65.00, 65.12, 148, 131, 72, 76
2026/2/20, 10:00:00, 65.13, 65.22, 65.00, 65.11, 50, 48, 23, 27
2026/2/20, 11:00:00, 65.12, 65.39, 64.95, 65.11, 151, 131, 69, 82
2026/2/20, 12:00:00, 65.10, 65.28, 65.07, 65.25, 100, 89, 41, 59
2026/2/20, 13:00:00, 65.24, 65.36, 65.13, 65.34, 130, 108, 54, 76
2026/2/20, 14:00:00, 65.31, 65.54, 65.03, 65.34, 406, 346, 211, 195
2026/2/20, 15:00:00, 65.36, 65.67, 64.99, 65.10, 604, 545, 339, 265
2026/2/20, 16:00:00, 65.04, 65.36, 64.93, 65.24, 227, 173, 110, 117
2026/2/20, 17:00:00, 65.28, 65.48, 65.19, 65.45, 98, 90, 55, 43
2026/2/20, 18:00:00, 65.47, 65.67, 65.30, 65.53, 187, 148, 83, 104
2026/2/20, 19:00:00, 65.51, 65.51, 65.24, 65.42, 624, 402, 236, 388
2026/2/20, 20:00:00, 65.44, 65.44, 65.25, 65.37, 61, 56, 47, 14
2026/2/20, 21:00:00, 65.40, 65.43, 65.33, 65.36, 41, 32, 25, 16
2026/2/22, 23:00:00, 64.77, 65.16, 64.63, 65.09, 98, 93, 46, 52
2026/2/23, 00:00:00, 65.04, 65.04, 64.77, 64.81, 69, 64, 40, 29
2026/2/23, 01:00:00, 64.80, 65.05, 64.70, 65.02, 26, 23, 14, 12
2026/2/23, 02:00:00, 65.06, 65.06, 64.97, 65.00, 27, 26, 11, 16
2026/2/23, 03:00:00, 64.92, 64.97, 64.81, 64.81, 18, 18, 10, 8
2026/2/23, 04:00:00, 64.86, 64.86, 64.65, 64.73, 22, 21, 15, 7
2026/2/23, 05:00:00, 64.74, 64.87, 64.74, 64.86, 22, 22, 7, 15
2026/2/23, 06:00:00, 64.81, 64.87, 64.79, 64.81, 29, 17, 25, 4
2026/2/23, 07:00:00, 64.82, 64.87, 64.67, 64.74, 52, 39, 31, 21
2026/2/23, 08:00:00, 64.81, 64.99, 64.74, 64.93, 66, 59, 37, 29
2026/2/23, 09:00:00, 64.94, 65.37, 64.94, 65.27, 83, 80, 42, 41
2026/2/23, 10:00:00, 65.26, 65.26, 65.11, 65.23, 55, 53, 28, 27
2026/2/23, 11:00:00, 65.16, 65.51, 65.10, 65.44, 51, 49, 23, 28
2026/2/23, 12:00:00, 65.51, 65.73, 65.50, 65.71, 214, 205, 124, 90
2026/2/23, 13:00:00, 65.71, 65.91, 65.58, 65.89, 492, 439, 323, 169
2026/2/23, 14:00:00, 65.90, 66.18, 65.76, 65.98, 530, 492, 304, 226
2026/2/23, 15:00:00, 66.01, 66.22, 65.80, 65.82, 550, 473, 339, 211
2026/2/23, 16:00:00, 65.81, 66.08, 65.35, 65.46, 616, 478, 317, 299
2026/2/23, 17:00:00, 65.47, 65.53, 65.25, 65.32, 591, 570, 400, 191
2026/2/23, 18:00:00, 65.34, 65.46, 65.23, 65.34, 196, 125, 86, 110
2026/2/23, 19:00:00, 65.30, 65.50, 65.29, 65.48, 348, 188, 140, 208
2026/2/23, 20:00:00, 65.52, 65.61, 65.50, 65.58, 93, 85, 28, 65
2026/2/23, 21:00:00, 65.59, 65.63, 65.43, 65.43, 48, 46, 30, 18
2026/2/23, 23:00:00, 65.44, 65.44, 65.36, 65.44, 11, 11, 5, 6
2026/2/24, 00:00:00, 65.43, 65.50, 65.39, 65.49, 37, 37, 17, 20
2026/2/24, 01:00:00, 65.44, 65.60, 65.23, 65.55, 46, 33, 33, 13
2026/2/24, 02:00:00, 65.66, 65.95, 65.65, 65.95, 18, 18, 5, 13
2026/2/24, 03:00:00, 65.96, 66.03, 65.92, 65.99, 46, 44, 17, 29
2026/2/24, 04:00:00, 65.98, 65.98, 65.96, 65.96, 10, 7, 4, 6
2026/2/24, 05:00:00, 65.84, 66.04, 65.74, 65.98, 58, 42, 41, 17
2026/2/24, 06:00:00, 65.93, 65.93, 65.80, 65.91, 16, 16, 4, 12
2026/2/24, 07:00:00, 65.88, 65.92, 65.65, 65.71, 27, 24, 14, 13
2026/2/24, 08:00:00, 65.68, 65.74, 65.47, 65.72, 92, 67, 39, 53
2026/2/24, 09:00:00, 65.73, 65.75, 65.53, 65.74, 110, 97, 66, 44
2026/2/24, 10:00:00, 65.75, 65.77, 65.46, 65.52, 107, 95, 74, 33
2026/2/24, 11:00:00, 65.50, 65.63, 65.45, 65.62, 60, 56, 41, 19
2026/2/24, 12:00:00, 65.57, 65.83, 65.54, 65.80, 60, 60, 37, 23
2026/2/24, 13:00:00, 65.84, 66.27, 65.84, 66.01, 283, 221, 166, 117
2026/2/24, 14:00:00, 66.05, 66.05, 65.68, 65.72, 322, 184, 97, 225
2026/2/24, 15:00:00, 65.79, 65.90, 64.98, 65.21, 863, 475, 467, 396
2026/2/24, 16:00:00, 65.17, 65.53, 65.17, 65.29, 143, 122, 81, 62
2026/2/24, 17:00:00, 65.28, 65.61, 65.07, 65.21, 199, 156, 126, 73
2026/2/24, 18:00:00, 65.24, 65.40, 65.20, 65.31, 130, 106, 76, 54
2026/2/24, 19:00:00, 65.34, 65.35, 65.01, 65.33, 424, 336, 242, 182
2026/2/24, 20:00:00, 65.30, 65.79, 65.25, 65.64, 170, 154, 88, 82
2026/2/24, 21:00:00, 65.60, 65.64, 65.32, 65.43, 72, 66, 43, 29
2026/2/24, 23:00:00, 65.41, 65.42, 65.34, 65.42, 27, 24, 8, 19
2026/2/25, 00:00:00, 65.35, 65.54, 65.35, 65.45, 13, 13, 6, 7
2026/2/25, 01:00:00, 65.40, 65.58, 65.40, 65.45, 23, 19, 6, 17
2026/2/25, 02:00:00, 65.46, 65.70, 65.46, 65.70, 26, 26, 14, 12
2026/2/25, 03:00:00, 65.65, 65.90, 65.38, 65.38, 81, 76, 46, 35
2026/2/25, 04:00:00, 65.41, 65.47, 65.40, 65.40, 15, 13, 9, 6
2026/2/25, 05:00:00, 65.40, 65.46, 65.37, 65.41, 17, 16, 9, 8
2026/2/25, 06:00:00, 65.37, 65.38, 65.18, 65.38, 36, 36, 17, 19
2026/2/25, 07:00:00, 65.42, 65.55, 65.24, 65.24, 60, 60, 43, 17
2026/2/25, 08:00:00, 65.30, 65.42, 65.15, 65.40, 98, 85, 38, 60
2026/2/25, 09:00:00, 65.39, 65.42, 64.94, 65.10, 136, 122, 64, 72
2026/2/25, 10:00:00, 65.07, 65.42, 65.07, 65.32, 78, 78, 42, 36
2026/2/25, 11:00:00, 65.34, 65.36, 65.22, 65.28, 47, 43, 15, 32
2026/2/25, 12:00:00, 65.26, 65.67, 65.15, 65.61, 677, 345, 484, 193
2026/2/25, 13:00:00, 65.61, 65.65, 65.29, 65.32, 74, 66, 35, 39
2026/2/25, 14:00:00, 65.34, 65.39, 64.79, 64.80, 255, 230, 136, 119
2026/2/25, 15:00:00, 64.86, 65.08, 64.72, 64.90, 425, 348, 222, 203
2026/2/25, 16:00:00, 64.88, 65.00, 64.63, 64.93, 284, 214, 97, 187
2026/2/25, 17:00:00, 64.95, 65.02, 64.86, 65.01, 156, 146, 96, 60
2026/2/25, 18:00:00, 65.00, 65.24, 64.97, 65.09, 212, 202, 110, 102
2026/2/25, 19:00:00, 65.01, 65.19, 64.85, 65.18, 388, 300, 194, 194
2026/2/25, 20:00:00, 65.17, 65.18, 64.89, 64.94, 41, 24, 11, 30
2026/2/25, 21:00:00, 64.94, 65.07, 64.91, 65.02, 120, 108, 53, 67
2026/2/25, 23:00:00, 65.11, 65.16, 65.04, 65.10, 42, 25, 12, 30
2026/2/26, 00:00:00, 65.07, 65.28, 65.04, 65.18, 53, 39, 14, 39
2026/2/26, 01:00:00, 65.20, 65.20, 64.99, 65.11, 28, 25, 18, 10
2026/2/26, 02:00:00, 65.06, 65.11, 64.81, 64.95, 44, 39, 18, 26
2026/2/26, 03:00:00, 64.93, 65.03, 64.93, 65.00, 16, 12, 9, 7
2026/2/26, 04:00:00, 65.02, 65.06, 65.02, 65.06, 8, 6, 3, 5
2026/2/26, 05:00:00, 65.03, 65.11, 65.01, 65.01, 22, 19, 9, 13
2026/2/26, 06:00:00, 64.98, 64.98, 64.90, 64.91, 17, 16, 7, 10
2026/2/26, 07:00:00, 64.99, 65.04, 64.94, 64.95, 28, 23, 14, 14
2026/2/26, 08:00:00, 64.96, 65.07, 64.90, 64.94, 45, 42, 21, 24
2026/2/26, 09:00:00, 64.91, 64.91, 64.36, 64.59, 258, 230, 123, 135
2026/2/26, 10:00:00, 64.59, 64.59, 63.83, 63.97, 495, 430, 277, 218
2026/2/26, 11:00:00, 63.95, 64.18, 63.87, 63.87, 104, 90, 55, 49
2026/2/26, 12:00:00, 63.93, 63.97, 63.49, 63.73, 409, 320, 183, 226
2026/2/26, 13:00:00, 63.73, 64.04, 63.26, 63.96, 695, 465, 396, 299
2026/2/26, 14:00:00, 63.91, 64.28, 63.67, 64.26, 735, 507, 371, 364
2026/2/26, 15:00:00, 64.28, 65.79, 64.28, 65.77, 1191, 980, 473, 718
2026/2/26, 16:00:00, 65.73, 65.88, 65.18, 65.62, 904, 705, 475, 429
2026/2/26, 17:00:00, 65.62, 65.73, 65.36, 65.61, 346, 257, 190, 156
2026/2/26, 18:00:00, 65.57, 65.81, 64.33, 64.98, 1287, 963, 748, 539
2026/2/26, 19:00:00, 64.97, 65.05, 64.31, 64.78, 813, 694, 356, 457
2026/2/26, 20:00:00, 64.74, 64.88, 64.61, 64.82, 96, 63, 49, 47
2026/2/26, 21:00:00, 64.75, 64.94, 64.75, 64.81, 110, 100, 60, 50
2026/2/26, 23:00:00, 64.81, 64.82, 64.55, 64.58, 50, 46, 8, 42
2026/2/27, 00:00:00, 64.58, 64.63, 64.58, 64.60, 15, 15, 7, 8
2026/2/27, 01:00:00, 64.56, 64.56, 64.22, 64.42, 60, 49, 29, 31
2026/2/27, 02:00:00, 64.44, 64.44, 64.34, 64.37, 24, 22, 9, 15
2026/2/27, 03:00:00, 64.39, 64.61, 64.39, 64.61, 59, 21, 7, 52
2026/2/27, 04:00:00, 64.62, 64.73, 64.59, 64.64, 117, 98, 2, 115
2026/2/27, 05:00:00, 64.72, 64.97, 64.72, 64.89, 26, 23, 14, 12
2026/2/27, 06:00:00, 64.89, 65.04, 64.85, 65.04, 82, 30, 42, 40
2026/2/27, 07:00:00, 65.05, 65.09, 64.97, 65.07, 52, 46, 18, 34
2026/2/27, 08:00:00, 65.01, 65.29, 64.89, 65.00, 155, 101, 24, 131
2026/2/27, 09:00:00, 64.99, 65.69, 64.99, 65.65, 217, 181, 103, 114
2026/2/27, 10:00:00, 65.67, 65.75, 65.35, 65.71, 158, 133, 90, 68
2026/2/27, 11:00:00, 65.72, 66.03, 65.66, 65.99, 303, 243, 119, 184
2026/2/27, 12:00:00, 65.97, 66.12, 65.91, 66.08, 276, 265, 165, 111
2026/2/27, 13:00:00, 66.15, 66.84, 66.15, 66.81, 481, 414, 222, 259
2026/2/27, 14:00:00, 66.80, 66.80, 66.00, 66.04, 760, 643, 470, 290
2026/2/27, 15:00:00, 66.01, 66.18, 65.71, 66.09, 703, 514, 323, 380
2026/2/27, 16:00:00, 66.05, 66.07, 65.68, 65.76, 355, 269, 187, 168
2026/2/27, 17:00:00, 65.77, 65.99, 65.41, 65.93, 786, 638, 384, 402
2026/2/27, 18:00:00, 65.92, 66.18, 65.88, 66.18, 730, 405, 354, 376
2026/2/27, 19:00:00, 66.15, 66.33, 66.05, 66.09, 622, 385, 367, 255
2026/2/27, 20:00:00, 66.12, 66.44, 66.09, 66.28, 238, 162, 116, 122
2026/2/27, 21:00:00, 66.36, 66.45, 66.13, 66.37, 171, 155, 90, 81
2026/3/1, 23:00:00, 71.46, 73.25, 69.64, 70.14, 484, 417, 205, 279
2026/3/2, 00:00:00, 70.14, 70.26, 69.61, 70.00, 326, 317, 144, 182
2026/3/2, 01:00:00, 70.03, 70.04, 67.76, 68.27, 765, 565, 282, 483
2026/3/2, 02:00:00, 68.25, 68.63, 67.97, 68.41, 306, 276, 162, 144
2026/3/2, 03:00:00, 68.43, 69.28, 68.33, 69.01, 683, 398, 385, 298
2026/3/2, 04:00:00, 68.85, 69.38, 68.75, 69.38, 508, 309, 223, 285
2026/3/2, 05:00:00, 69.20, 69.56, 69.03, 69.56, 118, 111, 50, 68
2026/3/2, 06:00:00, 69.57, 70.12, 69.55, 69.85, 222, 184, 106, 116
2026/3/2, 07:00:00, 69.84, 70.94, 69.82, 70.84, 816, 570, 385, 431
2026/3/2, 08:00:00, 70.78, 70.88, 69.93, 70.18, 538, 440, 228, 310
2026/3/2, 09:00:00, 70.14, 70.15, 69.49, 70.15, 503, 417, 147, 356
2026/3/2, 10:00:00, 70.14, 70.14, 69.20, 69.74, 840, 771, 370, 470
2026/3/2, 11:00:00, 69.79, 70.03, 69.00, 69.75, 963, 916, 339, 624
2026/3/2, 12:00:00, 69.78, 70.44, 69.76, 70.19, 1446, 1036, 526, 920
2026/3/2, 13:00:00, 70.16, 70.16, 69.54, 70.05, 838, 739, 498, 340
2026/3/2, 14:00:00, 69.99, 70.25, 68.81, 69.02, 1213, 1020, 560, 653
2026/3/2, 15:00:00, 68.99, 69.54, 68.91, 69.20, 1402, 1197, 763, 639
2026/3/2, 16:00:00, 69.17, 69.19, 68.14, 68.78, 1301, 1103, 629, 672
2026/3/2, 17:00:00, 68.77, 68.98, 68.38, 68.55, 579, 467, 274, 305
2026/3/2, 18:00:00, 68.53, 68.95, 68.33, 68.82, 389, 315, 190, 199
2026/3/2, 19:00:00, 68.80, 68.98, 68.54, 68.61, 1022, 845, 294, 728
2026/3/2, 20:00:00, 68.61, 70.17, 68.61, 69.11, 995, 810, 480, 515
2026/3/2, 21:00:00, 69.08, 69.24, 68.63, 68.63, 367, 304, 187, 180
2026/3/2, 23:00:00, 68.95, 69.10, 68.28, 68.59, 66, 63, 28, 38
2026/3/3, 00:00:00, 68.74, 69.31, 68.67, 69.23, 141, 105, 90, 51
2026/3/3, 01:00:00, 69.35, 69.73, 69.32, 69.40, 229, 187, 128, 101
2026/3/3, 02:00:00, 69.35, 69.97, 69.24, 69.92, 77, 68, 28, 49
2026/3/3, 03:00:00, 69.87, 70.02, 69.76, 69.79, 123, 93, 59, 64
2026/3/3, 04:00:00, 69.78, 70.08, 69.69, 70.03, 64, 61, 40, 24
2026/3/3, 05:00:00, 69.99, 70.65, 69.89, 70.20, 432, 407, 224, 208
2026/3/3, 06:00:00, 70.21, 70.38, 69.77, 70.38, 67, 58, 39, 28
2026/3/3, 07:00:00, 70.37, 71.21, 70.34, 70.99, 260, 214, 113, 147
2026/3/3, 08:00:00, 70.90, 71.36, 70.64, 71.26, 363, 287, 151, 212
2026/3/3, 09:00:00, 71.21, 72.17, 71.15, 71.83, 669, 486, 354, 315
2026/3/3, 10:00:00, 71.86, 73.24, 71.59, 72.55, 948, 775, 457, 491
2026/3/3, 11:00:00, 72.55, 73.12, 72.19, 72.96, 1061, 862, 553, 508
2026/3/3, 12:00:00, 72.95, 73.18, 71.52, 71.71, 1775, 1354, 903, 872
2026/3/3, 13:00:00, 71.72, 72.08, 71.24, 71.74, 2055, 1295, 780, 1275
2026/3/3, 14:00:00, 71.75, 72.55, 71.62, 71.67, 1677, 1273, 775, 902
2026/3/3, 15:00:00, 71.72, 72.16, 71.56, 71.94, 1411, 1136, 744, 667
2026/3/3, 16:00:00, 71.95, 72.17, 70.13, 71.12, 1806, 1440, 941, 865
2026/3/3, 17:00:00, 71.11, 71.60, 70.87, 71.13, 952, 731, 435, 517
2026/3/3, 18:00:00, 71.08, 71.11, 69.72, 70.63, 758, 671, 364, 394
2026/3/3, 19:00:00, 70.56, 70.67, 68.40, 69.73, 1722, 1284, 839, 883
2026/3/3, 20:00:00, 69.74, 70.18, 69.44, 70.12, 427, 374, 184, 243
2026/3/3, 21:00:00, 70.10, 70.82, 70.09, 70.54, 445, 348, 190, 255
2026/3/3, 23:00:00, 70.64, 71.18, 70.64, 71.18, 29, 29, 17, 12
2026/3/4, 00:00:00, 71.13, 71.26, 70.25, 70.67, 117, 94, 51, 66
2026/3/4, 01:00:00, 70.64, 71.04, 70.20, 70.51, 244, 224, 141, 103
2026/3/4, 02:00:00, 70.61, 71.00, 70.48, 70.83, 96, 88, 51, 45
2026/3/4, 03:00:00, 70.85, 71.08, 70.41, 70.77, 165, 137, 84, 81
2026/3/4, 04:00:00, 70.71, 71.04, 70.71, 70.95, 69, 67, 37, 32
2026/3/4, 05:00:00, 70.93, 71.76, 70.78, 71.35, 192, 160, 106, 86
2026/3/4, 06:00:00, 71.22, 72.11, 71.22, 72.09, 176, 144, 85, 91
2026/3/4, 07:00:00, 72.06, 72.18, 71.65, 71.73, 213, 161, 86, 127
2026/3/4, 08:00:00, 71.53, 72.22, 71.40, 71.65, 313, 248, 168, 145
2026/3/4, 09:00:00, 71.59, 71.73, 70.80, 71.73, 443, 378, 243, 200
2026/3/4, 10:00:00, 71.69, 71.70, 70.41, 70.67, 620, 541, 327, 293
2026/3/4, 11:00:00, 70.61, 70.94, 70.23, 70.55, 273, 244, 129, 144
2026/3/4, 12:00:00, 70.59, 70.79, 70.10, 70.16, 494, 412, 211, 283
2026/3/4, 13:00:00, 70.20, 70.20, 69.14, 69.90, 1067, 901, 483, 584
2026/3/4, 14:00:00, 69.92, 70.88, 69.73, 70.32, 1969, 1588, 1083, 886
2026/3/4, 15:00:00, 70.32, 70.46, 69.91, 70.21, 1289, 1101, 789, 500
2026/3/4, 16:00:00, 70.24, 70.71, 69.77, 70.24, 832, 733, 433, 399
2026/3/4, 17:00:00, 70.20, 70.85, 70.20, 70.78, 767, 670, 388, 379
2026/3/4, 18:00:00, 70.75, 70.88, 70.46, 70.62, 538, 497, 262, 276
2026/3/4, 19:00:00, 70.63, 70.63, 70.22, 70.36, 516, 439, 240, 276
2026/3/4, 20:00:00, 70.40, 70.97, 70.38, 70.77, 238, 205, 102, 136
2026/3/4, 21:00:00, 70.77, 71.33, 70.75, 71.16, 489, 445, 140, 349
2026/3/4, 23:00:00, 71.22, 71.22, 71.06, 71.07, 27, 25, 19, 8
2026/3/5, 00:00:00, 71.06, 71.06, 70.75, 70.87, 40, 30, 17, 23
2026/3/5, 01:00:00, 70.96, 71.98, 70.90, 71.96, 279, 230, 126, 153
2026/3/5, 02:00:00, 71.96, 72.18, 71.77, 72.17, 341, 263, 174, 167
2026/3/5, 03:00:00, 72.07, 72.16, 71.77, 71.93, 111, 104, 48, 63
2026/3/5, 04:00:00, 71.92, 72.40, 71.92, 72.13, 129, 122, 57, 72
2026/3/5, 05:00:00, 72.19, 72.77, 72.14, 72.44, 268, 201, 87, 181
2026/3/5, 06:00:00, 72.44, 72.46, 71.06, 71.44, 476, 422, 234, 242
2026/3/5, 07:00:00, 71.53, 72.08, 71.53, 71.82, 208, 198, 87, 121
2026/3/5, 08:00:00, 71.83, 72.47, 71.70, 71.92, 538, 326, 262, 276
2026/3/5, 09:00:00, 72.00, 72.03, 70.56, 71.63, 1071, 830, 623, 448
2026/3/5, 10:00:00, 71.61, 71.75, 71.33, 71.67, 233, 216, 108, 125
2026/3/5, 11:00:00, 71.71, 72.14, 71.51, 72.05, 322, 287, 163, 159
2026/3/5, 12:00:00, 72.01, 72.14, 71.61, 71.99, 443, 375, 243, 200
2026/3/5, 13:00:00, 71.97, 72.13, 71.42, 71.95, 594, 427, 267, 327
2026/3/5, 14:00:00, 71.95, 72.54, 71.75, 72.12, 1122, 758, 493, 629
2026/3/5, 15:00:00, 72.14, 72.61, 72.02, 72.30, 1043, 748, 481, 562
2026/3/5, 16:00:00, 72.26, 72.94, 71.98, 72.62, 1457, 1110, 909, 548
2026/3/5, 17:00:00, 72.60, 72.99, 72.35, 72.94, 1093, 726, 540, 553
2026/3/5, 18:00:00, 72.92, 73.68, 72.59, 73.19, 1085, 794, 426, 659
2026/3/5, 19:00:00, 73.14, 73.58, 72.91, 73.48, 2004, 1461, 962, 1042
2026/3/5, 20:00:00, 73.46, 73.66, 72.17, 72.46, 1429, 1260, 700, 729
2026/3/5, 21:00:00, 72.46, 72.52, 71.71, 72.27, 601, 506, 286, 315
2026/3/5, 23:00:00, 72.40, 72.51, 72.01, 72.39, 117, 107, 66, 51
2026/3/6, 00:00:00, 72.37, 72.51, 71.80, 71.99, 209, 158, 80, 129
2026/3/6, 01:00:00, 72.02, 72.42, 71.50, 72.40, 860, 565, 617, 243
2026/3/6, 02:00:00, 72.36, 72.43, 71.99, 72.32, 261, 250, 151, 110
2026/3/6, 03:00:00, 72.24, 72.52, 72.24, 72.40, 170, 145, 82, 88
2026/3/6, 04:00:00, 72.36, 72.41, 72.20, 72.37, 103, 101, 60, 43
2026/3/6, 05:00:00, 72.37, 72.78, 72.24, 72.73, 152, 140, 86, 66
2026/3/6, 06:00:00, 72.70, 73.11, 72.62, 73.05, 180, 127, 94, 86
2026/3/6, 07:00:00, 72.96, 73.13, 72.61, 73.13, 1109, 516, 825, 284
2026/3/6, 08:00:00, 73.05, 73.42, 72.91, 73.02, 1082, 426, 522, 560
2026/3/6, 09:00:00, 72.93, 74.62, 72.88, 74.55, 1074, 871, 421, 653
2026/3/6, 10:00:00, 74.52, 74.85, 74.16, 74.55, 1277, 1062, 723, 554
2026/3/6, 11:00:00, 74.57, 76.29, 74.54, 76.03, 1321, 1132, 692, 629
2026/3/6, 12:00:00, 75.98, 76.37, 75.61, 76.05, 1452, 1188, 824, 628
2026/3/6, 13:00:00, 76.01, 76.85, 75.04, 76.47, 3008, 2457, 1427, 1581
2026/3/6, 14:00:00, 76.48, 77.20, 76.24, 76.66, 2980, 2533, 1428, 1552
2026/3/6, 15:00:00, 76.64, 76.74, 75.89, 76.15, 2782, 2491, 1644, 1138
2026/3/6, 16:00:00, 76.21, 76.93, 75.79, 76.80, 1798, 1530, 909, 889
2026/3/6, 17:00:00, 76.78, 77.82, 76.57, 77.56, 2558, 2178, 1182, 1376
2026/3/6, 18:00:00, 77.54, 77.75, 76.37, 77.75, 2579, 2028, 1271, 1308
2026/3/6, 19:00:00, 77.66, 78.23, 77.24, 78.23, 2716, 2178, 1365, 1351
2026/3/6, 20:00:00, 78.12, 78.25, 77.76, 77.97, 1156, 977, 609, 547
2026/3/6, 21:00:00, 77.98, 78.64, 77.86, 78.20, 951, 904, 541, 410
2026/3/8, 22:00:00, 80.00, 90.44, 80.00, 88.40, 2095, 1893, 1004, 1091
2026/3/8, 23:00:00, 88.51, 88.71, 87.10, 88.44, 1112, 951, 568, 544
2026/3/9, 00:00:00, 88.52, 89.21, 87.68, 88.25, 1111, 969, 448, 663
2026/3/9, 01:00:00, 88.20, 92.23, 87.94, 91.97, 1422, 1297, 717, 705
2026/3/9, 02:00:00, 91.88, 96.05, 91.14, 93.13, 1414, 1353, 818, 596
2026/3/9, 03:00:00, 93.29, 94.82, 91.55, 94.13, 547, 513, 248, 299
2026/3/9, 04:00:00, 94.05, 94.99, 93.55, 94.29, 681, 596, 354, 327
2026/3/9, 05:00:00, 94.16, 94.19, 85.25, 86.67, 1643, 1497, 867, 776
2026/3/9, 06:00:00, 86.87, 89.15, 85.62, 88.21, 847, 809, 356, 491
2026/3/9, 07:00:00, 88.05, 88.05, 85.55, 86.03, 2270, 1379, 576, 1694
2026/3/9, 08:00:00, 85.87, 88.75, 85.25, 87.11, 705, 593, 481, 224
2026/3/9, 09:00:00, 86.96, 87.88, 82.90, 85.18, 675, 636, 338, 337
2026/3/9, 10:00:00, 85.13, 86.65, 84.96, 85.68, 414, 404, 203, 211
2026/3/9, 11:00:00, 85.73, 85.80, 84.27, 84.53, 767, 734, 345, 422
2026/3/9, 12:00:00, 84.45, 85.71, 83.46, 84.84, 726, 706, 344, 382
2026/3/9, 13:00:00, 84.80, 84.80, 82.37, 83.48, 1078, 978, 568, 510
2026/3/9, 14:00:00, 83.57, 86.30, 82.92, 83.83, 1898, 1688, 891, 1007
2026/3/9, 15:00:00, 83.79, 83.94, 80.28, 80.96, 1946, 1564, 1129, 817
2026/3/9, 16:00:00, 80.95, 82.13, 80.61, 81.93, 2861, 2417, 1400, 1461
2026/3/9, 17:00:00, 81.89, 82.51, 81.40, 82.12, 746, 715, 314, 432
2026/3/9, 18:00:00, 82.12, 82.73, 80.14, 82.69, 1316, 1186, 708, 608
2026/3/9, 19:00:00, 82.76, 82.79, 72.58, 76.19, 1929, 1803, 974, 955
2026/3/9, 20:00:00, 76.63, 78.50, 74.40, 76.13, 813, 760, 459, 354
2026/3/9, 22:00:00, 77.00, 79.36, 76.74, 77.76, 283, 264, 121, 162
2026/3/9, 23:00:00, 77.67, 79.39, 77.57, 78.21, 176, 160, 92, 84
2026/3/10, 00:00:00, 78.05, 78.84, 76.40, 77.19, 391, 371, 202, 189
2026/3/10, 01:00:00, 77.16, 77.31, 75.26, 75.66, 426, 394, 210, 216
2026/3/10, 02:00:00, 75.98, 78.69, 75.69, 78.52, 304, 295, 143, 161
2026/3/10, 03:00:00, 78.56, 79.73, 77.91, 79.02, 494, 479, 235, 259
2026/3/10, 04:00:00, 79.05, 79.78, 78.90, 79.42, 232, 220, 117, 115
2026/3/10, 05:00:00, 79.40, 79.40, 77.78, 78.70, 265, 257, 146, 119
2026/3/10, 06:00:00, 78.67, 79.67, 78.21, 79.19, 148, 140, 68, 80
2026/3/10, 07:00:00, 79.12, 79.33, 76.91, 76.93, 283, 275, 143, 140
2026/3/10, 08:00:00, 76.92, 78.89, 76.65, 78.81, 334, 326, 183, 151
2026/3/10, 09:00:00, 78.85, 78.85, 76.43, 77.30, 394, 376, 201, 193
2026/3/10, 10:00:00, 77.36, 79.24, 77.19, 78.14, 369, 351, 191, 178
2026/3/10, 11:00:00, 78.21, 79.23, 77.03, 78.85, 630, 606, 320, 310
2026/3/10, 12:00:00, 78.78, 80.25, 78.58, 79.08, 682, 624, 384, 298
2026/3/10, 13:00:00, 79.12, 79.21, 77.78, 78.30, 1031, 940, 530, 501
2026/3/10, 14:00:00, 78.38, 78.93, 75.60, 76.30, 1379, 1196, 708, 671
2026/3/10, 15:00:00, 76.27, 77.23, 75.53, 76.74, 1032, 919, 466, 566
2026/3/10, 16:00:00, 76.83, 77.62, 75.01, 75.08, 1148, 999, 519, 629
2026/3/10, 17:00:00, 75.16, 75.40, 71.64, 74.01, 3674, 2599, 1476, 2198
2026/3/10, 18:00:00, 74.07, 78.86, 73.60, 77.21, 2364, 2011, 1125, 1239
2026/3/10, 19:00:00, 77.21, 79.43, 77.14, 78.98, 974, 853, 420, 554
2026/3/10, 20:00:00, 78.80, 79.37, 78.20, 78.66, 299, 288, 160, 139
2026/3/10, 22:00:00, 79.49, 80.57, 79.20, 80.57, 149, 145, 52, 97
2026/3/10, 23:00:00, 80.38, 80.38, 78.17, 78.65, 118, 112, 58, 60
2026/3/11, 00:00:00, 78.55, 78.75, 75.95, 76.98, 539, 412, 328, 211
2026/3/11, 01:00:00, 76.98, 77.92, 76.65, 77.27, 285, 259, 108, 177
2026/3/11, 02:00:00, 77.20, 78.50, 77.20, 77.81, 136, 131, 60, 76
2026/3/11, 03:00:00, 77.96, 77.96, 76.78, 76.92, 171, 161, 97, 74
2026/3/11, 04:00:00, 76.90, 77.47, 76.62, 77.08, 127, 109, 57, 70
2026/3/11, 05:00:00, 76.97, 77.88, 76.97, 77.58, 108, 100, 44, 64
2026/3/11, 06:00:00, 77.61, 77.99, 76.96, 77.22, 131, 113, 54, 77
2026/3/11, 07:00:00, 77.18, 78.62, 76.96, 78.34, 271, 250, 152, 119
2026/3/11, 08:00:00, 78.30, 79.20, 77.97, 78.98, 394, 381, 194, 200
2026/3/11, 09:00:00, 78.98, 80.10, 78.91, 79.98, 463, 398, 203, 260
2026/3/11, 10:00:00, 79.81, 79.93, 77.45, 77.78, 456, 433, 216, 240
2026/3/11, 11:00:00, 77.78, 79.45, 77.55, 78.96, 635, 611, 300, 335
2026/3/11, 12:00:00, 78.94, 80.01, 78.69, 79.43, 609, 471, 246, 363
2026/3/11, 13:00:00, 79.47, 79.50, 77.47, 77.80, 643, 592, 323, 320
2026/3/11, 14:00:00, 77.76, 79.27, 76.40, 79.04, 1455, 1125, 738, 717
2026/3/11, 15:00:00, 79.07, 80.06, 78.84, 80.04, 679, 623, 396, 283
2026/3/11, 16:00:00, 80.09, 80.61, 79.45, 79.76, 581, 473, 323, 258
2026/3/11, 17:00:00, 79.64, 80.84, 79.22, 80.49, 458, 418, 237, 221
2026/3/11, 18:00:00, 80.51, 81.52, 80.51, 81.09, 1131, 846, 565, 566
2026/3/11, 19:00:00, 81.12, 81.64, 80.82, 81.64, 314, 235, 80, 234
2026/3/11, 20:00:00, 81.60, 81.95, 81.47, 81.73, 188, 165, 109, 79
2026/3/11, 22:00:00, 82.03, 84.85, 82.00, 83.54, 231, 211, 100, 131
2026/3/11, 23:00:00, 83.68, 86.72, 83.55, 85.24, 467, 317, 283, 184
2026/3/12, 00:00:00, 85.04, 86.08, 84.50, 84.85, 363, 307, 160, 203
2026/3/12, 01:00:00, 84.83, 85.19, 83.44, 84.40, 275, 245, 124, 151
2026/3/12, 02:00:00, 84.58, 86.63, 84.50, 85.49, 343, 301, 157, 186
2026/3/12, 03:00:00, 85.49, 86.33, 85.39, 85.66, 317, 283, 198, 119
2026/3/12, 04:00:00, 85.65, 86.26, 85.45, 85.91, 155, 142, 78, 77
2026/3/12, 05:00:00, 85.53, 85.82, 84.21, 84.93, 323, 301, 166, 157
2026/3/12, 06:00:00, 84.65, 85.07, 83.28, 84.14, 452, 402, 150, 302
2026/3/12, 07:00:00, 83.99, 83.99, 82.42, 83.02, 246, 236, 128, 118
2026/3/12, 08:00:00, 82.95, 84.69, 82.94, 84.40, 570, 309, 146, 424
2026/3/12, 09:00:00, 84.40, 84.88, 83.45, 83.56, 424, 371, 194, 230
2026/3/12, 10:00:00, 83.46, 84.03, 83.25, 83.39, 228, 210, 118, 110
2026/3/12, 11:00:00, 83.42, 84.85, 83.39, 84.74, 291, 239, 87, 204
2026/3/12, 12:00:00, 84.72, 85.33, 84.62, 84.85, 339, 289, 173, 166
2026/3/12, 13:00:00, 84.79, 86.33, 84.57, 86.05, 901, 822, 473, 428
2026/3/12, 14:00:00, 86.03, 86.60, 84.94, 86.02, 1359, 1183, 629, 730
2026/3/12, 15:00:00, 85.96, 86.94, 85.12, 85.40, 2171, 1865, 973, 1198
2026/3/12, 16:00:00, 85.49, 86.19, 84.52, 85.94, 852, 710, 501, 351
2026/3/12, 17:00:00, 85.80, 86.56, 85.72, 86.08, 553, 462, 277, 276
2026/3/12, 18:00:00, 86.03, 88.01, 85.71, 87.88, 1018, 840, 489, 529
2026/3/12, 19:00:00, 87.91, 88.25, 87.09, 87.72, 395, 313, 209, 186
2026/3/12, 20:00:00, 87.79, 87.86, 87.09, 87.72, 156, 147, 85, 71
2026/3/12, 22:00:00, 88.18, 88.94, 87.33, 87.82, 149, 139, 47, 102
2026/3/12, 23:00:00, 87.73, 88.50, 87.67, 87.72, 88, 87, 44, 44
2026/3/13, 00:00:00, 87.74, 87.91, 86.74, 87.07, 162, 152, 81, 81
2026/3/13, 01:00:00, 87.03, 87.45, 86.35, 87.13, 174, 152, 65, 109
2026/3/13, 02:00:00, 87.24, 87.81, 86.95, 87.71, 85, 80, 44, 41
2026/3/13, 03:00:00, 87.82, 87.91, 86.92, 87.11, 166, 151, 66, 100
2026/3/13, 04:00:00, 87.05, 87.43, 86.92, 86.94, 117, 115, 73, 44
2026/3/13, 05:00:00, 86.83, 87.14, 86.56, 86.58, 63, 61, 39, 24
2026/3/13, 06:00:00, 86.58, 87.47, 86.13, 87.34, 143, 139, 75, 68
2026/3/13, 07:00:00, 87.38, 88.62, 87.33, 88.42, 208, 196, 110, 98
2026/3/13, 08:00:00, 88.39, 88.85, 87.10, 87.28, 419, 350, 174, 245
2026/3/13, 09:00:00, 87.21, 87.75, 86.69, 87.48, 833, 479, 232, 601
2026/3/13, 10:00:00, 87.28, 87.37, 85.88, 86.19, 340, 315, 206, 134
2026/3/13, 11:00:00, 86.11, 87.02, 85.73, 85.94, 402, 380, 204, 198
2026/3/13, 12:00:00, 86.04, 86.41, 84.65, 85.70, 482, 435, 240, 242
2026/3/13, 13:00:00, 85.63, 86.12, 85.22, 86.03, 681, 593, 269, 412
2026/3/13, 14:00:00, 86.00, 86.71, 85.66, 86.62, 725, 598, 316, 409
2026/3/13, 15:00:00, 86.61, 87.36, 86.45, 87.12, 772, 662, 279, 493
2026/3/13, 16:00:00, 87.12, 87.74, 86.77, 86.93, 414, 351, 167, 247
2026/3/13, 17:00:00, 86.90, 87.65, 86.45, 87.49, 413, 335, 151, 262
2026/3/13, 18:00:00, 87.43, 88.68, 87.29, 87.60, 1039, 886, 547, 492
2026/3/13, 19:00:00, 87.60, 88.15, 87.54, 88.09, 177, 160, 79, 98
2026/3/13, 20:00:00, 88.06, 88.62, 88.05, 88.54, 326, 315, 133, 193
2026/3/15, 22:00:00, 90.00, 90.45, 89.15, 89.15, 270, 229, 156, 114
2026/3/15, 23:00:00, 89.18, 89.70, 88.25, 88.61, 209, 176, 130, 79
2026/3/16, 00:00:00, 88.54, 88.56, 87.65, 87.86, 221, 197, 141, 80
2026/3/16, 01:00:00, 87.65, 88.81, 87.16, 88.79, 116, 94, 52, 64
2026/3/16, 02:00:00, 88.82, 89.46, 88.50, 89.27, 140, 127, 62, 78
2026/3/16, 03:00:00, 89.27, 89.37, 88.90, 89.28, 38, 38, 22, 16
2026/3/16, 04:00:00, 89.27, 89.50, 89.21, 89.40, 57, 53, 38, 19
2026/3/16, 05:00:00, 89.46, 89.60, 88.55, 88.63, 82, 80, 40, 42
2026/3/16, 06:00:00, 88.52, 89.45, 88.30, 88.88, 109, 104, 49, 60
2026/3/16, 07:00:00, 88.94, 90.21, 88.77, 89.79, 175, 153, 60, 115
2026/3/16, 08:00:00, 89.75, 90.18, 89.31, 89.33, 118, 112, 59, 59
2026/3/16, 09:00:00, 89.53, 89.78, 88.92, 89.21, 156, 126, 82, 74
2026/3/16, 10:00:00, 89.14, 89.27, 87.42, 87.51, 271, 211, 122, 149
2026/3/16, 11:00:00, 87.44, 88.22, 87.38, 87.89, 274, 244, 132, 142
2026/3/16, 12:00:00, 87.94, 88.26, 86.32, 86.90, 837, 607, 378, 459
2026/3/16, 13:00:00, 86.82, 87.37, 84.97, 85.39, 873, 779, 456, 417
2026/3/16, 14:00:00, 85.30, 87.01, 85.03, 86.91, 741, 591, 245, 496
2026/3/16, 15:00:00, 86.79, 87.17, 86.22, 86.69, 1286, 989, 454, 832
2026/3/16, 16:00:00, 86.69, 87.62, 86.41, 86.95, 745, 512, 239, 506
2026/3/16, 17:00:00, 86.83, 86.91, 85.25, 85.54, 1351, 1041, 416, 935
2026/3/16, 18:00:00, 85.60, 85.68, 84.54, 85.08, 816, 664, 501, 315
2026/3/16, 19:00:00, 85.11, 85.92, 84.76, 85.18, 509, 436, 181, 328
2026/3/16, 20:00:00, 85.14, 85.58, 84.81, 85.57, 196, 179, 97, 99
2026/3/16, 22:00:00, 85.80, 86.51, 85.46, 86.34, 53, 53, 26, 27
2026/3/16, 23:00:00, 86.34, 86.64, 85.94, 86.23, 57, 56, 26, 31
2026/3/17, 00:00:00, 86.27, 87.49, 86.18, 87.13, 196, 188, 124, 72
2026/3/17, 01:00:00, 87.20, 87.34, 86.69, 87.34, 77, 77, 38, 39
2026/3/17, 02:00:00, 87.33, 87.41, 87.04, 87.35, 78, 64, 44, 34
2026/3/17, 03:00:00, 87.16, 87.48, 87.16, 87.37, 68, 61, 37, 31
2026/3/17, 04:00:00, 87.40, 87.49, 87.02, 87.25, 44, 43, 16, 28
2026/3/17, 05:00:00, 87.26, 88.85, 86.93, 88.82, 204, 191, 96, 108
2026/3/17, 06:00:00, 88.65, 89.22, 88.11, 88.54, 144, 131, 76, 68
2026/3/17, 07:00:00, 88.56, 88.61, 87.74, 87.92, 159, 150, 91, 68
2026/3/17, 08:00:00, 87.85, 88.69, 87.83, 88.53, 223, 194, 102, 121
2026/3/17, 09:00:00, 88.49, 88.49, 87.46, 87.59, 234, 188, 99, 135
2026/3/17, 10:00:00, 87.65, 88.40, 87.65, 88.09, 218, 171, 83, 135
2026/3/17, 11:00:00, 88.05, 88.59, 88.05, 88.58, 495, 271, 143, 352
2026/3/17, 12:00:00, 88.61, 88.61, 87.24, 87.37, 455, 378, 202, 253
2026/3/17, 13:00:00, 87.35, 87.49, 86.04, 87.13, 950, 749, 417, 533
2026/3/17, 14:00:00, 87.12, 87.55, 86.20, 86.43, 752, 678, 408, 344
2026/3/17, 15:00:00, 86.44, 87.78, 86.33, 87.55, 510, 434, 256, 254
2026/3/17, 16:00:00, 87.56, 87.71, 86.34, 86.75, 854, 726, 400, 454
2026/3/17, 17:00:00, 86.78, 87.61, 86.75, 87.56, 405, 361, 254, 151
2026/3/17, 18:00:00, 87.58, 87.91, 87.24, 87.76, 951, 792, 475, 476
2026/3/17, 19:00:00, 87.84, 88.02, 87.62, 87.92, 475, 368, 237, 238
2026/3/17, 20:00:00, 87.95, 88.05, 87.82, 87.82, 173, 171, 85, 88
2026/3/17, 22:00:00, 87.61, 87.94, 86.98, 87.71, 73, 70, 35, 38
2026/3/17, 23:00:00, 87.64, 88.08, 87.57, 87.83, 53, 52, 29, 24
2026/3/18, 00:00:00, 87.84, 87.89, 86.85, 87.00, 185, 178, 106, 79
2026/3/18, 01:00:00, 86.95, 87.26, 86.70, 87.18, 172, 159, 96, 76
2026/3/18, 02:00:00, 87.09, 87.34, 86.20, 86.65, 171, 167, 95, 76
2026/3/18, 03:00:00, 86.65, 86.69, 85.45, 85.61, 490, 276, 303, 187
2026/3/18, 04:00:00, 85.60, 85.70, 85.34, 85.58, 453, 403, 154, 299
2026/3/18, 05:00:00, 85.59, 85.92, 85.10, 85.25, 267, 175, 97, 170
2026/3/18, 06:00:00, 85.33, 85.79, 84.83, 85.67, 238, 221, 107, 131
2026/3/18, 07:00:00, 85.64, 86.26, 85.62, 86.20, 162, 151, 82, 80
2026/3/18, 08:00:00, 86.19, 86.99, 86.17, 86.63, 273, 247, 140, 133
2026/3/18, 09:00:00, 86.65, 87.09, 86.54, 86.99, 197, 177, 112, 85
2026/3/18, 10:00:00, 86.98, 87.13, 86.74, 86.87, 328, 287, 150, 178
2026/3/18, 11:00:00, 86.86, 87.98, 86.68, 87.07, 594, 551, 284, 310
2026/3/18, 12:00:00, 87.02, 89.64, 87.02, 89.38, 1542, 1205, 835, 707
2026/3/18, 13:00:00, 89.51, 90.21, 89.19, 90.08, 2025, 1758, 1061, 964
2026/3/18, 14:00:00, 90.06, 90.44, 89.46, 89.95, 1247, 1088, 641, 606
2026/3/18, 15:00:00, 89.97, 90.30, 89.40, 89.59, 1606, 1398, 763, 843
2026/3/18, 16:00:00, 89.61, 89.87, 89.31, 89.80, 1147, 936, 641, 506
2026/3/18, 17:00:00, 89.77, 90.24, 88.35, 88.52, 1076, 981, 552, 524
2026/3/18, 18:00:00, 88.41, 89.76, 87.75, 89.48, 2529, 2286, 1198, 1331
2026/3/18, 19:00:00, 89.49, 90.80, 89.16, 90.58, 939, 883, 481, 458
2026/3/18, 20:00:00, 90.57, 92.32, 90.48, 91.86, 873, 774, 419, 454
2026/3/18, 22:00:00, 90.81, 91.72, 90.81, 91.56, 204, 192, 120, 84
2026/3/18, 23:00:00, 91.60, 91.81, 90.70, 91.32, 201, 189, 112, 89
2026/3/19, 00:00:00, 91.27, 92.01, 91.22, 91.40, 770, 690, 286, 484
2026/3/19, 01:00:00, 91.44, 91.53, 90.62, 91.15, 295, 269, 138, 157
2026/3/19, 02:00:00, 91.16, 91.26, 89.18, 89.78, 649, 579, 308, 341
2026/3/19, 03:00:00, 89.88, 90.07, 89.49, 89.95, 368, 259, 238, 130
2026/3/19, 04:00:00, 89.95, 90.20, 89.87, 90.03, 26, 23, 14, 12
