Date, Time, Open, High, Low, Last, Volume, NumberOfTrades, BidVolume, AskVolume
2026/2/17, 23:00:00, 61.39, 61.39, 61.35, 61.35, 3, 3, 2, 1
2026/2/18, 01:00:00, 61.36, 61.36, 61.36, 61.36, 1, 1, 1, 0
2026/2/18, 02:00:00, 61.38, 61.48, 61.36, 61.43, 17, 12, 9, 8
2026/2/18, 03:00:00, 61.41, 61.54, 61.41, 61.51, 6, 5, 4, 2
2026/2/18, 04:00:00, 61.55, 61.60, 61.54, 61.60, 18, 13, 2, 16
2026/2/18, 05:00:00, 61.54, 61.54, 61.50, 61.50, 6, 5, 4, 2
2026/2/18, 06:00:00, 61.46, 61.58, 61.45, 61.56, 11, 11, 6, 5
2026/2/18, 07:00:00, 61.50, 61.56, 61.50, 61.52, 16, 16, 7, 9
2026/2/18, 08:00:00, 61.52, 61.73, 61.52, 61.53, 23, 20, 10, 13
2026/2/18, 09:00:00, 61.57, 61.71, 61.51, 61.54, 44, 37, 17, 27
2026/2/18, 10:00:00, 61.63, 62.14, 61.63, 62.14, 50, 47, 19, 31
2026/2/18, 11:00:00, 62.12, 62.63, 62.09, 62.63, 69, 52, 31, 38
2026/2/18, 12:00:00, 62.69, 63.03, 62.51, 62.93, 140, 123, 68, 72
2026/2/18, 13:00:00, 62.96, 62.96, 62.74, 62.74, 180, 122, 119, 61
2026/2/18, 14:00:00, 62.77, 63.28, 62.69, 63.17, 341, 223, 205, 136
2026/2/18, 15:00:00, 63.14, 63.22, 63.06, 63.13, 122, 89, 48, 74
2026/2/18, 16:00:00, 63.11, 63.46, 63.11, 63.38, 378, 199, 142, 236
2026/2/18, 17:00:00, 63.35, 63.74, 63.32, 63.71, 212, 158, 122, 90
2026/2/18, 18:00:00, 63.71, 63.82, 63.44, 63.80, 261, 205, 149, 112
2026/2/18, 19:00:00, 63.79, 63.96, 63.60, 63.73, 283, 210, 148, 135
2026/2/18, 20:00:00, 63.83, 64.04, 63.76, 63.90, 104, 69, 41, 63
2026/2/18, 21:00:00, 63.90, 63.90, 63.60, 63.66, 55, 43, 33, 22
2026/2/18, 23:00:00, 63.90, 63.91, 63.74, 63.75, 6, 6, 1, 5
2026/2/19, 01:00:00, 63.68, 63.86, 63.68, 63.86, 14, 14, 12, 2
2026/2/19, 02:00:00, 63.93, 63.99, 63.88, 63.99, 16, 15, 13, 3
2026/2/19, 03:00:00, 64.02, 64.03, 63.99, 64.03, 6, 5, 6, 0
2026/2/19, 04:00:00, 64.07, 64.07, 63.97, 63.97, 4, 4, 2, 2
2026/2/19, 05:00:00, 63.95, 63.97, 63.90, 63.90, 8, 8, 5, 3
2026/2/19, 06:00:00, 63.91, 63.96, 63.91, 63.94, 7, 7, 6, 1
2026/2/19, 07:00:00, 63.95, 64.38, 63.95, 64.38, 32, 27, 17, 15
2026/2/19, 08:00:00, 64.35, 64.74, 64.26, 64.74, 59, 51, 20, 39
2026/2/19, 09:00:00, 64.64, 64.68, 64.26, 64.38, 87, 74, 37, 50
2026/2/19, 10:00:00, 64.41, 64.57, 64.29, 64.55, 44, 36, 26, 18
2026/2/19, 11:00:00, 64.50, 64.73, 64.42, 64.57, 79, 61, 59, 20
2026/2/19, 12:00:00, 64.60, 64.64, 64.51, 64.59, 175, 103, 48, 127
2026/2/19, 13:00:00, 64.60, 64.95, 64.44, 64.76, 178, 128, 95, 83
2026/2/19, 14:00:00, 64.74, 64.94, 64.51, 64.81, 235, 150, 94, 141
2026/2/19, 15:00:00, 64.76, 64.93, 64.07, 64.92, 621, 404, 379, 242
2026/2/19, 16:00:00, 64.93, 65.06, 64.79, 65.01, 197, 136, 80, 117
2026/2/19, 17:00:00, 65.06, 65.15, 64.89, 65.03, 213, 141, 91, 122
2026/2/19, 18:00:00, 64.97, 65.07, 64.77, 65.01, 163, 104, 41, 122
2026/2/19, 19:00:00, 65.02, 65.07, 64.88, 65.07, 240, 143, 74, 166
2026/2/19, 20:00:00, 65.05, 65.18, 65.03, 65.16, 55, 48, 31, 24
2026/2/19, 21:00:00, 65.16, 65.27, 64.56, 65.17, 122, 102, 85, 37
2026/2/19, 23:00:00, 65.00, 65.00, 64.96, 64.96, 2, 2, 1, 1
2026/2/20, 00:00:00, 64.89, 64.89, 64.89, 64.89, 1, 1, 1, 0
2026/2/20, 01:00:00, 65.20, 65.20, 65.05, 65.07, 14, 9, 12, 2
2026/2/20, 02:00:00, 65.11, 65.23, 65.08, 65.08, 13, 10, 2, 11
2026/2/20, 03:00:00, 65.07, 65.17, 65.07, 65.17, 13, 11, 7, 6
2026/2/20, 04:00:00, 65.12, 65.16, 65.12, 65.15, 8, 8, 6, 2
2026/2/20, 05:00:00, 65.20, 65.27, 65.20, 65.26, 6, 6, 1, 5
2026/2/20, 06:00:00, 65.31, 65.41, 65.22, 65.22, 29, 16, 14, 15
2026/2/20, 07:00:00, 65.18, 65.18, 64.87, 64.87, 16, 12, 11, 5
2026/2/20, 08:00:00, 64.88, 64.90, 64.64, 64.68, 50, 41, 24, 26
2026/2/20, 09:00:00, 64.76, 65.00, 64.64, 64.64, 22, 22, 11, 11
2026/2/20, 10:00:00, 64.53, 64.73, 64.53, 64.63, 21, 17, 12, 9
2026/2/20, 11:00:00, 64.66, 64.89, 64.56, 64.61, 37, 37, 21, 16
2026/2/20, 12:00:00, 64.63, 64.78, 64.58, 64.78, 179, 100, 47, 132
2026/2/20, 13:00:00, 64.75, 64.87, 64.66, 64.85, 79, 45, 48, 31
2026/2/20, 14:00:00, 64.87, 65.01, 64.60, 64.86, 145, 119, 89, 56
2026/2/20, 15:00:00, 64.89, 65.11, 64.57, 64.60, 264, 146, 155, 109
2026/2/20, 16:00:00, 64.49, 64.87, 64.49, 64.76, 92, 70, 50, 42
2026/2/20, 17:00:00, 64.87, 64.96, 64.73, 64.96, 27, 21, 8, 19
2026/2/20, 18:00:00, 64.96, 65.18, 64.89, 65.03, 40, 38, 23, 17
2026/2/20, 19:00:00, 64.94, 64.99, 64.76, 64.94, 444, 227, 359, 85
2026/2/20, 20:00:00, 64.82, 64.83, 64.76, 64.76, 10, 10, 7, 3
2026/2/20, 21:00:00, 64.90, 64.90, 64.86, 64.88, 17, 14, 5, 12
2026/2/22, 23:00:00, 64.44, 64.69, 64.44, 64.57, 13, 13, 5, 8
2026/2/23, 00:00:00, 64.53, 64.53, 64.34, 64.36, 3, 3, 2, 1
2026/2/23, 01:00:00, 64.34, 64.57, 64.30, 64.57, 17, 11, 10, 7
2026/2/23, 02:00:00, 64.58, 64.60, 64.51, 64.51, 19, 16, 16, 3
2026/2/23, 03:00:00, 64.47, 64.47, 64.36, 64.36, 6, 6, 4, 2
2026/2/23, 04:00:00, 64.34, 64.34, 64.24, 64.28, 10, 10, 4, 6
2026/2/23, 05:00:00, 64.30, 64.40, 64.30, 64.40, 9, 8, 4, 5
2026/2/23, 06:00:00, 64.34, 64.34, 64.32, 64.34, 4, 4, 4, 0
2026/2/23, 07:00:00, 64.45, 64.45, 64.25, 64.34, 17, 15, 11, 6
2026/2/23, 08:00:00, 64.37, 64.49, 64.29, 64.48, 45, 32, 30, 15
2026/2/23, 09:00:00, 64.59, 64.90, 64.59, 64.84, 34, 24, 18, 16
2026/2/23, 10:00:00, 64.79, 64.84, 64.66, 64.73, 13, 11, 9, 4
2026/2/23, 11:00:00, 64.78, 64.94, 64.64, 64.94, 12, 10, 8, 4
2026/2/23, 12:00:00, 65.05, 65.25, 65.05, 65.21, 15, 15, 4, 11
2026/2/23, 13:00:00, 65.21, 65.43, 65.12, 65.36, 129, 117, 64, 65
2026/2/23, 14:00:00, 65.37, 65.66, 65.28, 65.49, 105, 57, 24, 81
2026/2/23, 15:00:00, 65.51, 65.69, 65.29, 65.29, 214, 175, 101, 113
2026/2/23, 16:00:00, 65.30, 65.57, 64.88, 64.88, 198, 143, 98, 100
2026/2/23, 17:00:00, 64.96, 64.96, 64.79, 64.79, 61, 50, 46, 15
2026/2/23, 18:00:00, 64.89, 64.97, 64.79, 64.91, 43, 21, 13, 30
2026/2/23, 19:00:00, 64.84, 65.04, 64.84, 64.99, 57, 48, 39, 18
2026/2/23, 20:00:00, 65.08, 65.16, 65.07, 65.12, 53, 32, 11, 42
2026/2/23, 21:00:00, 65.12, 65.15, 64.99, 64.99, 21, 21, 11, 10
2026/2/23, 23:00:00, 65.00, 65.00, 64.99, 64.99, 2, 2, 1, 1
2026/2/24, 00:00:00, 64.99, 65.04, 64.99, 65.04, 3, 3, 2, 1
2026/2/24, 01:00:00, 65.08, 65.10, 65.08, 65.10, 2, 2, 0, 2
2026/2/24, 03:00:00, 65.50, 65.57, 65.47, 65.57, 11, 9, 1, 10
2026/2/24, 04:00:00, 65.49, 65.49, 65.49, 65.49, 1, 1, 0, 1
2026/2/24, 05:00:00, 65.39, 65.56, 65.34, 65.53, 16, 14, 5, 11
2026/2/24, 06:00:00, 65.32, 65.44, 65.31, 65.44, 10, 10, 4, 6
2026/2/24, 07:00:00, 65.44, 65.45, 65.29, 65.29, 8, 8, 4, 4
2026/2/24, 08:00:00, 65.25, 65.27, 65.06, 65.24, 37, 28, 7, 30
2026/2/24, 09:00:00, 65.12, 65.30, 65.10, 65.28, 21, 20, 11, 10
2026/2/24, 10:00:00, 65.27, 65.32, 65.03, 65.10, 35, 23, 23, 12
2026/2/24, 11:00:00, 65.02, 65.12, 65.02, 65.11, 4, 4, 4, 0
2026/2/24, 12:00:00, 65.25, 65.34, 65.06, 65.32, 12, 11, 4, 8
2026/2/24, 13:00:00, 65.38, 65.76, 65.38, 65.53, 98, 71, 59, 39
2026/2/24, 14:00:00, 65.55, 65.55, 65.22, 65.37, 253, 208, 125, 128
2026/2/24, 15:00:00, 65.36, 65.44, 64.55, 64.81, 187, 160, 86, 101
2026/2/24, 16:00:00, 64.83, 65.08, 64.80, 64.87, 53, 53, 25, 28
2026/2/24, 17:00:00, 64.87, 65.19, 64.68, 64.75, 42, 42, 32, 10
2026/2/24, 18:00:00, 64.85, 64.95, 64.84, 64.95, 34, 24, 10, 24
2026/2/24, 19:00:00, 64.89, 64.94, 64.63, 64.93, 67, 61, 43, 24
2026/2/24, 20:00:00, 64.88, 65.36, 64.85, 65.23, 47, 45, 24, 23
2026/2/24, 21:00:00, 65.17, 65.20, 64.92, 65.00, 34, 33, 22, 12
2026/2/25, 00:00:00, 65.12, 65.17, 65.12, 65.17, 20, 6, 0, 20
2026/2/25, 01:00:00, 65.04, 65.04, 65.04, 65.04, 4, 2, 4, 0
2026/2/25, 02:00:00, 65.06, 65.25, 65.05, 65.25, 7, 6, 2, 5
2026/2/25, 03:00:00, 65.26, 65.37, 64.98, 64.98, 10, 10, 4, 6
2026/2/25, 04:00:00, 65.01, 65.06, 65.01, 65.01, 3, 3, 1, 2
2026/2/25, 05:00:00, 65.01, 65.01, 64.97, 64.97, 4, 3, 1, 3
2026/2/25, 06:00:00, 64.85, 64.93, 64.85, 64.93, 3, 3, 1, 2
2026/2/25, 07:00:00, 65.07, 65.07, 64.91, 64.91, 6, 6, 2, 4
2026/2/25, 08:00:00, 64.85, 65.06, 64.79, 64.98, 15, 14, 3, 12
2026/2/25, 09:00:00, 64.94, 64.94, 64.57, 64.74, 15, 15, 8, 7
2026/2/25, 10:00:00, 64.69, 65.00, 64.69, 64.93, 15, 15, 5, 10
2026/2/25, 11:00:00, 64.93, 64.93, 64.83, 64.84, 7, 7, 2, 5
2026/2/25, 12:00:00, 64.85, 65.23, 64.84, 65.17, 62, 60, 24, 38
2026/2/25, 13:00:00, 65.11, 65.25, 64.94, 64.96, 46, 34, 15, 31
2026/2/25, 14:00:00, 64.96, 65.02, 64.43, 64.46, 128, 113, 47, 81
2026/2/25, 15:00:00, 64.47, 64.69, 64.36, 64.51, 251, 161, 110, 141
2026/2/25, 16:00:00, 64.51, 64.55, 64.28, 64.54, 106, 43, 28, 78
2026/2/25, 17:00:00, 64.61, 64.63, 64.55, 64.61, 24, 20, 10, 14
2026/2/25, 18:00:00, 64.68, 64.86, 64.68, 64.74, 90, 70, 27, 63
2026/2/25, 19:00:00, 64.66, 64.74, 64.50, 64.74, 86, 61, 46, 40
2026/2/25, 20:00:00, 64.79, 64.79, 64.56, 64.58, 24, 15, 0, 24
2026/2/25, 21:00:00, 64.58, 64.66, 64.58, 64.66, 6, 6, 3, 3
2026/2/26, 00:00:00, 64.86, 64.87, 64.81, 64.81, 4, 4, 0, 4
2026/2/26, 01:00:00, 64.82, 64.82, 64.64, 64.64, 5, 5, 5, 0
2026/2/26, 02:00:00, 64.71, 64.71, 64.43, 64.45, 14, 13, 6, 8
2026/2/26, 03:00:00, 64.58, 64.68, 64.58, 64.61, 18, 15, 9, 9
2026/2/26, 04:00:00, 64.67, 64.69, 64.67, 64.69, 2, 2, 0, 2
2026/2/26, 05:00:00, 64.68, 64.73, 64.64, 64.64, 9, 9, 3, 6
2026/2/26, 07:00:00, 64.58, 64.67, 64.56, 64.56, 4, 4, 2, 2
2026/2/26, 08:00:00, 64.64, 64.64, 64.53, 64.56, 4, 4, 1, 3
2026/2/26, 09:00:00, 64.53, 64.53, 64.02, 64.25, 80, 74, 29, 51
2026/2/26, 10:00:00, 64.16, 64.16, 63.52, 63.66, 53, 42, 30, 23
2026/2/26, 11:00:00, 63.60, 63.85, 63.57, 63.60, 26, 26, 6, 20
2026/2/26, 12:00:00, 63.65, 63.65, 63.22, 63.37, 47, 35, 23, 24
2026/2/26, 13:00:00, 63.31, 63.71, 62.96, 63.62, 290, 190, 160, 130
2026/2/26, 14:00:00, 63.56, 63.92, 63.34, 63.92, 88, 75, 26, 62
2026/2/26, 15:00:00, 63.99, 65.36, 63.96, 65.32, 256, 206, 154, 102
2026/2/26, 16:00:00, 65.36, 65.42, 64.74, 65.18, 284, 204, 83, 201
2026/2/26, 17:00:00, 65.17, 65.27, 64.90, 65.15, 147, 108, 109, 38
2026/2/26, 18:00:00, 64.98, 65.32, 63.90, 64.53, 405, 315, 168, 237
2026/2/26, 19:00:00, 64.45, 64.59, 63.94, 64.37, 205, 176, 87, 118
2026/2/26, 20:00:00, 64.28, 64.44, 64.22, 64.41, 22, 14, 6, 16
2026/2/26, 21:00:00, 64.47, 64.52, 64.37, 64.39, 40, 37, 13, 27
2026/2/26, 23:00:00, 64.47, 64.50, 64.17, 64.20, 117, 96, 6, 111
2026/2/27, 00:00:00, 64.15, 64.24, 64.15, 64.20, 5, 4, 2, 3
2026/2/27, 01:00:00, 64.10, 64.10, 63.86, 64.03, 19, 16, 7, 12
2026/2/27, 02:00:00, 63.95, 64.06, 63.95, 64.03, 14, 9, 3, 11
2026/2/27, 03:00:00, 64.08, 64.24, 64.05, 64.24, 4, 4, 1, 3
2026/2/27, 04:00:00, 64.34, 64.34, 64.34, 64.34, 3, 2, 3, 0
2026/2/27, 05:00:00, 64.33, 64.55, 64.32, 64.47, 12, 9, 10, 2
2026/2/27, 06:00:00, 64.56, 64.58, 64.56, 64.58, 5, 3, 1, 4
2026/2/27, 07:00:00, 64.62, 64.66, 64.56, 64.66, 13, 11, 3, 10
2026/2/27, 08:00:00, 64.60, 64.86, 64.44, 64.63, 35, 22, 5, 30
2026/2/27, 09:00:00, 64.58, 65.22, 64.58, 65.22, 71, 57, 35, 36
2026/2/27, 10:00:00, 65.25, 65.29, 65.01, 65.29, 21, 21, 13, 8
2026/2/27, 11:00:00, 65.25, 65.55, 65.22, 65.55, 102, 75, 66, 36
2026/2/27, 12:00:00, 65.55, 65.63, 65.44, 65.54, 50, 39, 19, 31
2026/2/27, 13:00:00, 65.72, 66.28, 65.71, 66.27, 522, 272, 246, 276
2026/2/27, 14:00:00, 66.27, 66.29, 65.51, 65.56, 224, 164, 117, 107
2026/2/27, 15:00:00, 65.57, 65.68, 65.26, 65.64, 186, 132, 83, 103
2026/2/27, 16:00:00, 65.59, 65.59, 65.24, 65.31, 99, 61, 57, 42
2026/2/27, 17:00:00, 65.35, 65.51, 64.97, 65.44, 224, 191, 105, 119
2026/2/27, 18:00:00, 65.41, 65.63, 65.39, 65.63, 307, 130, 192, 115
2026/2/27, 19:00:00, 65.67, 65.82, 65.56, 65.61, 509, 341, 224, 285
2026/2/27, 20:00:00, 65.62, 65.92, 65.62, 65.82, 86, 53, 55, 31
2026/2/27, 21:00:00, 65.81, 65.93, 65.63, 65.85, 37, 33, 19, 18
2026/3/1, 23:00:00, 70.99, 71.12, 69.21, 69.32, 295, 184, 201, 94
2026/3/2, 00:00:00, 69.40, 69.59, 68.71, 69.59, 128, 123, 15, 113
2026/3/2, 01:00:00, 68.46, 68.68, 66.96, 67.48, 393, 259, 236, 157
2026/3/2, 02:00:00, 67.50, 67.87, 67.26, 67.64, 66, 61, 38, 28
2026/3/2, 03:00:00, 67.65, 68.49, 67.62, 68.19, 43, 40, 19, 24
2026/3/2, 04:00:00, 68.06, 68.55, 68.00, 68.43, 41, 41, 15, 26
2026/3/2, 05:00:00, 68.29, 68.68, 68.20, 68.61, 54, 48, 16, 38
2026/3/2, 06:00:00, 68.67, 69.17, 68.67, 68.90, 94, 73, 45, 49
2026/3/2, 07:00:00, 69.14, 69.93, 68.95, 69.83, 229, 172, 118, 111
2026/3/2, 08:00:00, 69.79, 69.86, 69.01, 69.19, 179, 165, 65, 114
2026/3/2, 09:00:00, 69.10, 69.15, 68.47, 69.14, 192, 188, 40, 152
2026/3/2, 10:00:00, 69.06, 69.06, 68.48, 68.77, 485, 468, 162, 323
2026/3/2, 11:00:00, 68.85, 69.06, 68.08, 68.76, 485, 481, 94, 391
2026/3/2, 12:00:00, 68.83, 69.45, 68.83, 69.21, 644, 618, 229, 415
2026/3/2, 13:00:00, 69.15, 69.19, 68.66, 69.11, 660, 619, 241, 419
2026/3/2, 14:00:00, 69.07, 69.32, 67.94, 68.15, 784, 723, 298, 486
2026/3/2, 15:00:00, 68.13, 68.59, 68.09, 68.30, 646, 511, 237, 409
2026/3/2, 16:00:00, 68.28, 68.28, 67.31, 67.95, 528, 442, 225, 303
2026/3/2, 17:00:00, 67.81, 68.02, 67.52, 67.65, 369, 294, 148, 221
2026/3/2, 18:00:00, 67.61, 68.24, 67.45, 67.89, 199, 143, 102, 97
2026/3/2, 19:00:00, 67.87, 68.05, 67.67, 67.68, 392, 322, 98, 294
2026/3/2, 20:00:00, 67.71, 69.12, 67.71, 68.16, 288, 235, 153, 135
2026/3/2, 21:00:00, 68.11, 68.26, 67.71, 67.71, 78, 66, 37, 41
2026/3/2, 23:00:00, 68.00, 68.08, 67.50, 67.61, 15, 13, 9, 6
2026/3/3, 00:00:00, 67.89, 68.31, 67.75, 68.21, 18, 18, 8, 10
2026/3/3, 01:00:00, 68.37, 68.78, 68.37, 68.41, 83, 72, 44, 39
2026/3/3, 02:00:00, 68.40, 68.98, 68.34, 68.87, 49, 42, 25, 24
2026/3/3, 03:00:00, 68.82, 69.02, 68.78, 68.85, 36, 31, 17, 19
2026/3/3, 04:00:00, 68.79, 68.96, 68.77, 68.96, 8, 6, 4, 4
2026/3/3, 05:00:00, 68.96, 69.59, 68.86, 69.22, 286, 276, 94, 192
2026/3/3, 06:00:00, 69.18, 69.35, 68.76, 69.34, 37, 34, 23, 14
2026/3/3, 07:00:00, 69.31, 70.10, 69.28, 69.79, 121, 99, 43, 78
2026/3/3, 08:00:00, 69.79, 70.12, 69.51, 70.06, 153, 131, 53, 100
2026/3/3, 09:00:00, 70.02, 70.92, 69.99, 70.64, 216, 173, 115, 101
2026/3/3, 10:00:00, 70.66, 71.83, 70.47, 71.38, 282, 239, 128, 154
2026/3/3, 11:00:00, 71.17, 71.61, 70.87, 71.51, 321, 263, 142, 179
2026/3/3, 12:00:00, 71.52, 71.70, 70.30, 70.48, 427, 365, 224, 203
2026/3/3, 13:00:00, 70.46, 70.75, 70.05, 70.41, 493, 414, 203, 290
2026/3/3, 14:00:00, 70.44, 71.05, 70.22, 70.28, 483, 378, 242, 241
2026/3/3, 15:00:00, 70.33, 70.68, 70.13, 70.44, 493, 439, 285, 208
2026/3/3, 16:00:00, 70.49, 70.63, 68.72, 69.64, 623, 537, 293, 330
2026/3/3, 17:00:00, 69.65, 70.09, 69.46, 69.65, 262, 231, 128, 134
2026/3/3, 18:00:00, 69.65, 69.68, 68.48, 69.33, 318, 249, 176, 142
2026/3/3, 19:00:00, 69.26, 69.36, 67.50, 68.62, 521, 366, 254, 267
2026/3/3, 20:00:00, 68.62, 68.93, 68.29, 68.88, 117, 95, 69, 48
2026/3/3, 21:00:00, 68.89, 69.47, 68.86, 69.33, 131, 114, 33, 98
2026/3/3, 23:00:00, 69.22, 69.90, 69.22, 69.90, 12, 12, 7, 5
2026/3/4, 00:00:00, 69.90, 69.90, 68.99, 69.37, 36, 32, 21, 15
2026/3/4, 01:00:00, 69.33, 69.63, 68.98, 69.19, 78, 66, 34, 44
2026/3/4, 02:00:00, 69.26, 69.66, 69.16, 69.43, 37, 33, 16, 21
2026/3/4, 03:00:00, 69.45, 69.79, 69.12, 69.37, 52, 43, 23, 29
2026/3/4, 04:00:00, 69.53, 69.67, 69.53, 69.55, 27, 24, 12, 15
2026/3/4, 05:00:00, 69.43, 70.22, 69.43, 69.93, 70, 63, 31, 39
2026/3/4, 06:00:00, 69.86, 70.59, 69.86, 70.55, 65, 54, 33, 32
2026/3/4, 07:00:00, 70.55, 70.69, 70.16, 70.28, 72, 63, 30, 42
2026/3/4, 08:00:00, 70.12, 70.71, 70.00, 70.19, 100, 93, 52, 48
2026/3/4, 09:00:00, 70.11, 70.29, 69.54, 70.24, 125, 118, 72, 53
2026/3/4, 10:00:00, 70.20, 70.28, 69.07, 69.34, 275, 247, 153, 122
2026/3/4, 11:00:00, 69.29, 69.57, 69.00, 69.36, 83, 79, 41, 42
2026/3/4, 12:00:00, 69.31, 69.45, 68.86, 68.94, 166, 153, 70, 96
2026/3/4, 13:00:00, 68.96, 68.96, 67.97, 68.72, 484, 424, 260, 224
2026/3/4, 14:00:00, 68.77, 69.62, 68.58, 69.09, 545, 488, 289, 256
2026/3/4, 15:00:00, 69.13, 69.25, 68.75, 68.99, 533, 355, 193, 340
2026/3/4, 16:00:00, 69.02, 69.43, 68.60, 69.07, 187, 173, 83, 104
2026/3/4, 17:00:00, 69.08, 69.60, 69.06, 69.52, 186, 172, 81, 105
2026/3/4, 18:00:00, 69.56, 69.65, 69.22, 69.40, 140, 130, 76, 64
2026/3/4, 19:00:00, 69.36, 69.36, 69.09, 69.18, 182, 154, 91, 91
2026/3/4, 20:00:00, 69.21, 69.66, 69.16, 69.45, 78, 68, 32, 46
2026/3/4, 21:00:00, 69.50, 69.98, 69.46, 69.84, 202, 183, 82, 120
2026/3/4, 23:00:00, 69.84, 69.89, 69.83, 69.84, 6, 6, 4, 2
2026/3/5, 00:00:00, 69.64, 69.64, 69.42, 69.56, 14, 11, 10, 4
2026/3/5, 01:00:00, 69.59, 70.50, 69.59, 70.50, 104, 95, 45, 59
2026/3/5, 02:00:00, 70.43, 70.75, 70.33, 70.74, 96, 76, 44, 52
2026/3/5, 03:00:00, 70.64, 70.67, 70.36, 70.52, 27, 25, 9, 18
2026/3/5, 04:00:00, 70.62, 70.94, 70.57, 70.65, 48, 41, 20, 28
2026/3/5, 05:00:00, 70.72, 71.26, 70.66, 70.98, 141, 116, 49, 92
2026/3/5, 06:00:00, 70.98, 70.99, 69.76, 70.03, 260, 226, 123, 137
2026/3/5, 07:00:00, 70.18, 70.69, 70.18, 70.51, 97, 90, 44, 53
2026/3/5, 08:00:00, 70.43, 71.06, 70.33, 70.59, 185, 160, 93, 92
2026/3/5, 09:00:00, 70.64, 70.66, 69.34, 70.31, 453, 417, 216, 237
2026/3/5, 10:00:00, 70.22, 70.42, 70.05, 70.38, 137, 119, 78, 59
2026/3/5, 11:00:00, 70.37, 70.79, 70.19, 70.69, 163, 143, 68, 95
2026/3/5, 12:00:00, 70.68, 70.74, 70.28, 70.64, 257, 204, 75, 182
2026/3/5, 13:00:00, 70.57, 70.71, 70.06, 70.56, 237, 206, 121, 116
2026/3/5, 14:00:00, 70.50, 71.04, 70.35, 70.67, 520, 338, 169, 351
2026/3/5, 15:00:00, 70.69, 71.12, 70.63, 70.75, 277, 224, 134, 143
2026/3/5, 16:00:00, 70.74, 71.31, 70.52, 71.05, 464, 378, 218, 246
2026/3/5, 17:00:00, 71.03, 71.43, 70.85, 71.38, 196, 164, 107, 89
2026/3/5, 18:00:00, 71.37, 71.83, 71.11, 71.52, 257, 210, 90, 167
2026/3/5, 19:00:00, 71.44, 71.83, 71.20, 71.71, 369, 298, 185, 184
2026/3/5, 20:00:00, 71.72, 71.87, 70.63, 70.86, 768, 599, 373, 395
2026/3/5, 21:00:00, 70.91, 70.93, 70.25, 70.67, 162, 136, 87, 75
2026/3/5, 23:00:00, 70.80, 70.85, 70.50, 70.56, 20, 16, 9, 11
2026/3/6, 00:00:00, 70.63, 70.85, 70.30, 70.55, 27, 27, 12, 15
2026/3/6, 01:00:00, 70.54, 70.82, 70.05, 70.78, 342, 284, 248, 94
2026/3/6, 02:00:00, 70.80, 70.83, 70.49, 70.76, 200, 173, 109, 91
2026/3/6, 03:00:00, 70.67, 70.91, 70.67, 70.80, 54, 48, 34, 20
2026/3/6, 04:00:00, 70.70, 70.78, 70.59, 70.78, 37, 31, 23, 14
2026/3/6, 05:00:00, 70.84, 71.06, 70.65, 71.04, 38, 33, 17, 21
2026/3/6, 06:00:00, 71.13, 71.39, 71.07, 71.28, 46, 42, 21, 25
2026/3/6, 07:00:00, 71.22, 71.40, 70.92, 71.35, 229, 167, 177, 52
2026/3/6, 08:00:00, 71.30, 71.66, 71.18, 71.29, 270, 200, 168, 102
2026/3/6, 09:00:00, 71.18, 72.58, 71.15, 72.54, 449, 390, 185, 264
2026/3/6, 10:00:00, 72.40, 72.82, 72.16, 72.57, 573, 467, 258, 315
2026/3/6, 11:00:00, 72.63, 74.10, 72.62, 73.85, 857, 702, 474, 383
2026/3/6, 12:00:00, 73.80, 74.20, 73.45, 73.95, 577, 430, 326, 251
2026/3/6, 13:00:00, 73.87, 74.52, 73.01, 74.17, 1160, 857, 584, 576
2026/3/6, 14:00:00, 74.08, 74.69, 73.90, 74.19, 975, 785, 390, 585
2026/3/6, 15:00:00, 74.14, 74.28, 73.46, 73.61, 596, 498, 306, 290
2026/3/6, 16:00:00, 73.66, 74.13, 73.21, 73.99, 759, 652, 319, 440
2026/3/6, 17:00:00, 73.98, 74.78, 73.86, 74.44, 519, 456, 218, 301
2026/3/6, 18:00:00, 74.45, 74.65, 73.65, 74.65, 689, 584, 364, 325
2026/3/6, 19:00:00, 74.55, 75.28, 74.23, 75.23, 1040, 835, 602, 438
2026/3/6, 20:00:00, 75.20, 75.27, 74.80, 75.02, 602, 519, 221, 381
2026/3/6, 21:00:00, 74.99, 75.59, 74.85, 75.09, 528, 464, 234, 294
2026/3/8, 22:00:00, 76.42, 84.38, 76.42, 83.77, 839, 693, 517, 322
2026/3/8, 23:00:00, 83.95, 84.04, 82.45, 83.57, 375, 339, 205, 170
2026/3/9, 00:00:00, 83.66, 84.24, 83.08, 83.39, 280, 256, 127, 153
2026/3/9, 01:00:00, 83.36, 86.30, 83.14, 86.13, 784, 725, 354, 430
2026/3/9, 02:00:00, 86.15, 89.54, 85.45, 87.07, 453, 426, 293, 160
2026/3/9, 03:00:00, 86.85, 88.81, 85.98, 88.12, 215, 209, 148, 67
2026/3/9, 04:00:00, 87.88, 88.69, 87.40, 87.90, 215, 206, 101, 114
2026/3/9, 05:00:00, 87.83, 87.96, 80.53, 82.20, 516, 473, 304, 212
2026/3/9, 06:00:00, 82.08, 83.92, 81.46, 82.98, 133, 123, 81, 52
2026/3/9, 07:00:00, 83.08, 83.08, 80.90, 81.02, 281, 243, 89, 192
2026/3/9, 08:00:00, 80.81, 83.95, 80.41, 82.63, 360, 313, 301, 59
2026/3/9, 09:00:00, 82.53, 83.38, 79.53, 81.05, 385, 364, 224, 161
2026/3/9, 10:00:00, 80.95, 81.97, 80.74, 81.14, 187, 169, 73, 114
2026/3/9, 11:00:00, 81.08, 81.08, 79.78, 80.04, 447, 428, 151, 296
2026/3/9, 12:00:00, 79.98, 80.94, 79.12, 80.40, 476, 457, 225, 251
2026/3/9, 13:00:00, 80.34, 80.34, 78.60, 79.35, 464, 432, 234, 230
2026/3/9, 14:00:00, 79.26, 81.43, 78.75, 79.61, 467, 434, 203, 264
2026/3/9, 15:00:00, 79.50, 79.58, 76.36, 77.33, 603, 556, 311, 292
2026/3/9, 16:00:00, 77.22, 78.55, 77.16, 78.48, 843, 788, 446, 397
2026/3/9, 17:00:00, 78.33, 78.89, 77.96, 78.61, 546, 522, 243, 303
2026/3/9, 18:00:00, 78.63, 79.12, 77.20, 79.12, 814, 731, 396, 418
2026/3/9, 19:00:00, 79.07, 79.14, 70.55, 73.53, 1046, 987, 447, 599
2026/3/9, 20:00:00, 73.65, 75.78, 72.41, 74.00, 379, 320, 162, 217
2026/3/9, 22:00:00, 74.75, 76.63, 74.46, 75.56, 74, 72, 33, 41
2026/3/9, 23:00:00, 75.21, 76.32, 75.21, 75.56, 44, 43, 24, 20
2026/3/10, 00:00:00, 75.30, 76.16, 74.01, 74.73, 123, 111, 53, 70
2026/3/10, 01:00:00, 74.55, 74.91, 73.17, 73.39, 244, 236, 113, 131
2026/3/10, 02:00:00, 73.69, 76.01, 73.40, 75.74, 215, 196, 86, 129
2026/3/10, 03:00:00, 75.79, 76.58, 75.05, 76.01, 268, 243, 107, 161
2026/3/10, 04:00:00, 76.12, 76.67, 75.98, 76.37, 147, 137, 93, 54
2026/3/10, 05:00:00, 76.17, 76.17, 74.96, 75.81, 180, 171, 86, 94
2026/3/10, 06:00:00, 75.81, 76.66, 75.49, 76.00, 135, 124, 79, 56
2026/3/10, 07:00:00, 75.96, 76.20, 74.17, 74.24, 226, 205, 103, 123
2026/3/10, 08:00:00, 74.25, 75.93, 74.07, 75.85, 236, 215, 118, 118
2026/3/10, 09:00:00, 75.61, 75.61, 74.04, 74.77, 173, 161, 69, 104
2026/3/10, 10:00:00, 74.72, 76.48, 74.72, 75.53, 150, 140, 79, 71
2026/3/10, 11:00:00, 75.55, 76.44, 74.61, 76.04, 351, 331, 147, 204
2026/3/10, 12:00:00, 76.06, 77.31, 75.90, 76.23, 350, 334, 180, 170
2026/3/10, 13:00:00, 76.12, 76.41, 75.13, 75.59, 416, 369, 205, 211
2026/3/10, 14:00:00, 75.63, 76.15, 73.57, 73.99, 998, 892, 369, 629
2026/3/10, 15:00:00, 73.84, 74.82, 73.36, 74.46, 850, 715, 257, 593
2026/3/10, 16:00:00, 74.48, 75.12, 72.91, 73.04, 3418, 3072, 454, 2964
2026/3/10, 17:00:00, 73.03, 73.25, 70.17, 72.12, 962, 856, 424, 538
2026/3/10, 18:00:00, 72.17, 76.18, 71.79, 74.89, 1198, 1013, 630, 568
2026/3/10, 19:00:00, 74.94, 76.72, 74.89, 76.34, 328, 308, 158, 170
2026/3/10, 20:00:00, 76.31, 76.54, 75.75, 76.09, 143, 97, 100, 43
2026/3/10, 22:00:00, 77.00, 77.79, 76.86, 77.79, 17, 16, 8, 9
2026/3/10, 23:00:00, 77.60, 77.60, 75.87, 76.12, 20, 20, 9, 11
2026/3/11, 00:00:00, 76.08, 76.16, 74.14, 74.85, 82, 77, 48, 34
2026/3/11, 01:00:00, 74.87, 75.54, 74.54, 75.03, 85, 82, 29, 56
2026/3/11, 02:00:00, 75.06, 76.18, 75.06, 75.65, 73, 68, 27, 46
2026/3/11, 03:00:00, 75.66, 75.66, 74.74, 74.86, 47, 39, 25, 22
2026/3/11, 04:00:00, 74.89, 75.25, 74.58, 75.00, 41, 40, 12, 29
2026/3/11, 05:00:00, 75.07, 75.57, 75.03, 75.44, 24, 24, 9, 15
2026/3/11, 06:00:00, 75.47, 75.76, 74.97, 75.15, 50, 43, 17, 33
2026/3/11, 07:00:00, 74.98, 76.16, 74.85, 75.87, 77, 70, 26, 51
2026/3/11, 08:00:00, 75.86, 76.59, 75.51, 76.46, 133, 124, 73, 60
2026/3/11, 09:00:00, 76.48, 77.30, 76.34, 77.13, 136, 124, 58, 78
2026/3/11, 10:00:00, 76.99, 77.08, 75.12, 75.31, 210, 182, 103, 107
2026/3/11, 11:00:00, 75.34, 76.82, 75.25, 76.38, 379, 304, 231, 148
2026/3/11, 12:00:00, 76.32, 77.26, 76.21, 76.80, 270, 229, 158, 112
2026/3/11, 13:00:00, 76.84, 76.84, 75.34, 75.50, 364, 327, 162, 202
2026/3/11, 14:00:00, 75.48, 76.56, 74.49, 76.42, 564, 437, 261, 303
2026/3/11, 15:00:00, 76.50, 77.41, 76.34, 77.41, 916, 866, 696, 220
2026/3/11, 16:00:00, 77.35, 77.84, 76.85, 77.16, 539, 511, 378, 161
2026/3/11, 17:00:00, 77.00, 78.11, 76.71, 78.06, 235, 218, 136, 99
2026/3/11, 18:00:00, 78.01, 79.19, 78.01, 78.84, 595, 531, 333, 262
2026/3/11, 19:00:00, 78.90, 79.34, 78.64, 79.33, 107, 84, 48, 59
2026/3/11, 20:00:00, 79.53, 79.64, 79.14, 79.33, 93, 81, 53, 40
2026/3/11, 22:00:00, 79.62, 81.95, 79.50, 81.29, 113, 94, 62, 51
2026/3/11, 23:00:00, 81.69, 83.68, 81.46, 82.79, 37, 33, 25, 12
2026/3/12, 00:00:00, 82.33, 82.71, 81.72, 81.76, 77, 71, 30, 47
2026/3/12, 01:00:00, 81.82, 82.12, 80.58, 81.42, 113, 105, 46, 67
2026/3/12, 02:00:00, 81.54, 83.40, 81.53, 82.45, 85, 78, 38, 47
2026/3/12, 03:00:00, 82.64, 83.19, 82.45, 82.56, 299, 239, 260, 39
2026/3/12, 04:00:00, 82.64, 83.22, 82.45, 82.88, 88, 78, 61, 27
2026/3/12, 05:00:00, 82.76, 82.79, 81.44, 82.00, 223, 204, 182, 41
2026/3/12, 06:00:00, 81.91, 82.13, 80.64, 81.15, 227, 173, 89, 138
2026/3/12, 07:00:00, 81.08, 81.08, 79.80, 80.34, 274, 203, 132, 142
2026/3/12, 08:00:00, 80.35, 81.78, 80.18, 81.53, 296, 209, 155, 141
2026/3/12, 09:00:00, 81.39, 81.87, 80.80, 80.80, 114, 112, 61, 53
2026/3/12, 10:00:00, 80.58, 81.22, 80.45, 80.63, 143, 125, 89, 54
2026/3/12, 11:00:00, 80.67, 81.95, 80.67, 81.82, 228, 170, 98, 130
2026/3/12, 12:00:00, 81.78, 82.36, 81.64, 81.89, 476, 375, 300, 176
2026/3/12, 13:00:00, 81.85, 83.12, 81.67, 82.83, 606, 552, 281, 325
2026/3/12, 14:00:00, 82.72, 83.26, 81.79, 82.59, 558, 521, 192, 366
2026/3/12, 15:00:00, 82.62, 83.55, 81.97, 82.33, 592, 505, 301, 291
2026/3/12, 16:00:00, 82.34, 82.82, 81.56, 82.70, 289, 236, 122, 167
2026/3/12, 17:00:00, 82.68, 83.50, 82.57, 83.06, 913, 618, 351, 562
2026/3/12, 18:00:00, 83.06, 84.89, 82.77, 84.82, 1308, 838, 488, 820
2026/3/12, 19:00:00, 84.90, 85.10, 84.16, 84.68, 325, 241, 182, 143
2026/3/12, 20:00:00, 84.72, 84.72, 84.12, 84.71, 115, 95, 80, 35
2026/3/12, 22:00:00, 85.32, 85.60, 84.66, 84.78, 40, 25, 24, 16
2026/3/12, 23:00:00, 84.63, 85.03, 84.63, 84.75, 12, 12, 5, 7
2026/3/13, 00:00:00, 84.43, 84.43, 83.95, 84.13, 40, 20, 7, 33
2026/3/13, 01:00:00, 84.21, 84.48, 83.46, 84.19, 27, 24, 19, 8
2026/3/13, 02:00:00, 84.05, 84.74, 84.05, 84.71, 16, 16, 12, 4
2026/3/13, 03:00:00, 84.64, 84.67, 84.01, 84.30, 34, 31, 21, 13
2026/3/13, 04:00:00, 84.23, 84.51, 84.05, 84.11, 13, 13, 8, 5
2026/3/13, 05:00:00, 84.03, 84.03, 83.67, 83.79, 8, 8, 6, 2
2026/3/13, 06:00:00, 83.46, 84.27, 83.33, 84.27, 25, 23, 13, 12
2026/3/13, 07:00:00, 84.58, 85.42, 84.58, 85.25, 90, 84, 48, 42
2026/3/13, 08:00:00, 85.16, 85.56, 84.25, 84.30, 120, 107, 55, 65
2026/3/13, 09:00:00, 84.14, 84.60, 83.80, 84.39, 74, 73, 36, 38
2026/3/13, 10:00:00, 84.26, 84.40, 83.17, 83.63, 186, 144, 73, 113
2026/3/13, 11:00:00, 83.43, 84.18, 83.06, 83.25, 175, 132, 80, 95
2026/3/13, 12:00:00, 83.40, 83.45, 82.07, 82.91, 245, 207, 130, 115
2026/3/13, 13:00:00, 82.77, 83.21, 82.46, 83.13, 361, 310, 200, 161
2026/3/13, 14:00:00, 83.10, 83.59, 82.78, 83.59, 256, 168, 121, 135
2026/3/13, 15:00:00, 83.45, 84.15, 83.45, 84.01, 254, 196, 133, 121
2026/3/13, 16:00:00, 84.08, 84.43, 83.52, 83.71, 185, 167, 88, 97
2026/3/13, 17:00:00, 83.58, 84.38, 83.24, 84.17, 151, 133, 60, 91
2026/3/13, 18:00:00, 84.15, 85.41, 84.06, 84.31, 350, 281, 197, 153
2026/3/13, 19:00:00, 84.32, 84.77, 84.31, 84.77, 56, 52, 21, 35
2026/3/13, 20:00:00, 84.79, 85.29, 84.79, 85.28, 102, 70, 47, 55
2026/3/15, 22:00:00, 86.00, 86.78, 85.70, 85.72, 113, 89, 40, 73
2026/3/15, 23:00:00, 85.78, 86.14, 85.00, 85.21, 50, 48, 25, 25
2026/3/16, 00:00:00, 85.00, 85.17, 84.54, 84.68, 74, 61, 44, 30
2026/3/16, 01:00:00, 84.19, 85.34, 84.12, 85.34, 19, 19, 9, 10
2026/3/16, 02:00:00, 85.40, 86.00, 85.37, 85.90, 49, 42, 21, 28
2026/3/16, 03:00:00, 85.81, 85.84, 85.50, 85.74, 7, 7, 5, 2
2026/3/16, 04:00:00, 85.84, 86.00, 85.76, 85.91, 31, 28, 19, 12
2026/3/16, 05:00:00, 85.91, 86.00, 85.58, 85.58, 20, 20, 11, 9
2026/3/16, 06:00:00, 85.10, 85.86, 85.03, 85.42, 29, 27, 8, 21
2026/3/16, 07:00:00, 85.40, 86.51, 85.25, 86.14, 103, 92, 32, 71
2026/3/16, 08:00:00, 86.12, 86.54, 85.82, 85.88, 75, 68, 32, 43
2026/3/16, 09:00:00, 85.89, 86.09, 85.50, 85.73, 52, 46, 32, 20
2026/3/16, 10:00:00, 85.73, 85.78, 84.15, 84.16, 73, 65, 35, 38
2026/3/16, 11:00:00, 84.35, 84.80, 84.06, 84.63, 90, 79, 41, 49
2026/3/16, 12:00:00, 84.64, 84.91, 83.26, 83.71, 320, 274, 186, 134
2026/3/16, 13:00:00, 83.69, 84.22, 82.04, 82.34, 378, 338, 217, 161
2026/3/16, 14:00:00, 82.31, 83.98, 82.17, 83.82, 228, 201, 140, 88
2026/3/16, 15:00:00, 83.75, 84.09, 83.28, 83.60, 168, 143, 90, 78
2026/3/16, 16:00:00, 83.64, 84.43, 83.43, 83.99, 193, 162, 128, 65
2026/3/16, 17:00:00, 83.83, 83.90, 82.30, 82.53, 559, 417, 192, 367
2026/3/16, 18:00:00, 82.54, 82.69, 81.78, 82.17, 377, 317, 207, 170
2026/3/16, 19:00:00, 82.26, 82.87, 81.97, 82.26, 290, 258, 126, 164
2026/3/16, 20:00:00, 82.43, 82.59, 81.95, 82.56, 65, 57, 36, 29
2026/3/16, 22:00:00, 82.77, 83.53, 82.77, 83.36, 10, 8, 8, 2
2026/3/16, 23:00:00, 83.39, 83.39, 82.99, 82.99, 4, 3, 0, 4
2026/3/17, 00:00:00, 83.44, 84.21, 83.30, 83.90, 51, 37, 35, 16
2026/3/17, 01:00:00, 84.03, 84.13, 83.69, 84.13, 14, 14, 6, 8
2026/3/17, 02:00:00, 84.20, 84.20, 84.02, 84.09, 6, 6, 4, 2
2026/3/17, 03:00:00, 83.98, 84.21, 83.97, 84.15, 25, 12, 10, 15
2026/3/17, 04:00:00, 84.26, 84.26, 83.88, 84.04, 10, 10, 3, 7
2026/3/17, 05:00:00, 84.11, 85.44, 83.76, 85.39, 50, 45, 29, 21
2026/3/17, 06:00:00, 85.45, 85.74, 84.84, 85.21, 46, 43, 20, 26
2026/3/17, 07:00:00, 85.12, 85.25, 84.56, 84.68, 81, 77, 47, 34
2026/3/17, 08:00:00, 84.70, 85.45, 84.64, 85.43, 105, 89, 48, 57
2026/3/17, 09:00:00, 85.25, 85.26, 84.44, 84.48, 107, 98, 60, 47
2026/3/17, 10:00:00, 84.58, 85.17, 84.58, 85.03, 55, 50, 32, 23
2026/3/17, 11:00:00, 84.99, 85.38, 84.99, 85.38, 102, 72, 50, 52
2026/3/17, 12:00:00, 85.38, 85.40, 84.19, 84.26, 154, 128, 62, 92
2026/3/17, 13:00:00, 84.31, 84.37, 83.00, 83.90, 176, 154, 77, 99
2026/3/17, 14:00:00, 84.05, 84.45, 83.16, 83.37, 321, 283, 156, 165
2026/3/17, 15:00:00, 83.39, 84.56, 83.35, 84.36, 236, 176, 135, 101
2026/3/17, 16:00:00, 84.36, 84.51, 83.22, 83.63, 1024, 667, 652, 372
2026/3/17, 17:00:00, 83.61, 84.32, 83.59, 84.32, 994, 810, 756, 238
2026/3/17, 18:00:00, 84.27, 84.59, 83.95, 84.45, 278, 251, 128, 150
2026/3/17, 19:00:00, 84.47, 84.67, 84.47, 84.58, 128, 92, 43, 85
2026/3/17, 20:00:00, 84.63, 84.72, 84.55, 84.55, 43, 36, 20, 23
2026/3/17, 22:00:00, 84.51, 84.59, 83.92, 84.54, 19, 19, 10, 9
2026/3/17, 23:00:00, 84.35, 84.72, 84.34, 84.59, 6, 6, 2, 4
2026/3/18, 00:00:00, 84.58, 84.59, 83.70, 83.90, 61, 54, 34, 27
2026/3/18, 01:00:00, 83.77, 84.07, 83.58, 83.99, 29, 27, 13, 16
2026/3/18, 02:00:00, 83.92, 83.94, 83.13, 83.49, 47, 46, 24, 23
2026/3/18, 03:00:00, 83.45, 83.48, 82.51, 82.53, 64, 49, 27, 37
2026/3/18, 04:00:00, 82.59, 82.63, 82.25, 82.57, 37, 35, 15, 22
2026/3/18, 05:00:00, 82.52, 82.82, 82.15, 82.30, 48, 45, 27, 21
2026/3/18, 06:00:00, 82.40, 82.62, 81.87, 82.60, 38, 38, 20, 18
2026/3/18, 07:00:00, 82.49, 83.09, 82.49, 83.07, 78, 65, 43, 35
2026/3/18, 08:00:00, 83.09, 83.68, 83.02, 83.42, 95, 86, 41, 54
2026/3/18, 09:00:00, 83.41, 83.75, 83.41, 83.69, 93, 66, 62, 31
2026/3/18, 10:00:00, 83.73, 83.81, 83.50, 83.60, 118, 75, 78, 40
2026/3/18, 11:00:00, 83.58, 84.65, 83.44, 83.86, 493, 417, 304, 189
2026/3/18, 12:00:00, 83.86, 86.13, 83.86, 85.92, 454, 389, 291, 163
2026/3/18, 13:00:00, 85.91, 86.65, 85.77, 86.51, 353, 294, 176, 177
2026/3/18, 14:00:00, 86.44, 86.77, 85.94, 86.42, 415, 353, 163, 252
2026/3/18, 15:00:00, 86.36, 86.73, 85.94, 86.25, 524, 394, 222, 302
2026/3/18, 16:00:00, 86.23, 86.44, 86.05, 86.33, 264, 219, 178, 86
2026/3/18, 17:00:00, 86.36, 86.79, 85.24, 85.33, 368, 316, 227, 141
2026/3/18, 18:00:00, 85.29, 86.47, 84.71, 86.04, 739, 628, 462, 277
2026/3/18, 19:00:00, 86.22, 87.32, 86.02, 87.13, 557, 470, 192, 365
2026/3/18, 20:00:00, 87.10, 88.65, 87.05, 88.29, 411, 370, 199, 212
2026/3/18, 22:00:00, 88.08, 88.20, 87.94, 88.11, 66, 58, 19, 47
2026/3/18, 23:00:00, 88.13, 88.35, 87.41, 88.02, 22, 20, 10, 12
2026/3/19, 00:00:00, 87.88, 88.38, 87.78, 87.90, 82, 67, 47, 35
2026/3/19, 01:00:00, 87.79, 87.90, 87.23, 87.77, 107, 84, 51, 56
2026/3/19, 02:00:00, 87.69, 87.76, 85.93, 86.58, 137, 110, 57, 80
2026/3/19, 03:00:00, 86.71, 86.71, 86.26, 86.68, 27, 26, 15, 12
2026/3/19, 04:00:00, 86.72, 86.87, 86.63, 86.78, 10, 10, 4, 6
