Date, Time, Open, High, Low, Last, Volume, NumberOfTrades, BidVolume, AskVolume
2026/2/17, 23:00:00, 61.08, 61.08, 61.08, 61.08, 1, 1, 1, 0
2026/2/18, 01:00:00, 61.09, 61.10, 61.08, 61.10, 3, 3, 2, 1
2026/2/18, 02:00:00, 61.07, 61.16, 61.06, 61.12, 7, 7, 5, 2
2026/2/18, 03:00:00, 61.12, 61.24, 61.12, 61.22, 14, 11, 11, 3
2026/2/18, 04:00:00, 61.22, 61.29, 61.22, 61.29, 148, 82, 3, 145
2026/2/18, 06:00:00, 61.15, 61.27, 61.12, 61.24, 6, 5, 4, 2
2026/2/18, 07:00:00, 61.19, 61.24, 61.18, 61.23, 15, 13, 4, 11
2026/2/18, 08:00:00, 61.25, 61.42, 61.23, 61.23, 182, 106, 75, 107
2026/2/18, 09:00:00, 61.26, 61.42, 61.20, 61.29, 179, 122, 58, 121
2026/2/18, 10:00:00, 61.40, 61.84, 61.32, 61.80, 72, 61, 29, 43
2026/2/18, 11:00:00, 61.78, 62.29, 61.78, 62.29, 65, 55, 34, 31
2026/2/18, 12:00:00, 62.34, 62.68, 62.19, 62.61, 398, 285, 149, 249
2026/2/18, 13:00:00, 62.62, 62.64, 62.39, 62.40, 368, 227, 112, 256
2026/2/18, 14:00:00, 62.38, 62.91, 62.34, 62.79, 1357, 720, 508, 849
2026/2/18, 15:00:00, 62.80, 62.88, 62.71, 62.78, 410, 221, 88, 322
2026/2/18, 16:00:00, 62.74, 63.05, 62.74, 63.00, 897, 619, 373, 524
2026/2/18, 17:00:00, 62.96, 63.32, 62.95, 63.30, 500, 387, 151, 349
2026/2/18, 18:00:00, 63.30, 63.39, 63.03, 63.37, 369, 269, 135, 234
2026/2/18, 19:00:00, 63.38, 63.54, 63.19, 63.32, 540, 294, 231, 309
2026/2/18, 20:00:00, 63.33, 63.57, 63.32, 63.46, 157, 115, 56, 101
2026/2/18, 21:00:00, 63.44, 63.44, 63.15, 63.21, 51, 30, 33, 18
2026/2/18, 23:00:00, 63.45, 63.45, 63.38, 63.38, 7, 4, 0, 7
2026/2/19, 00:00:00, 63.35, 63.37, 63.29, 63.37, 9, 4, 4, 5
2026/2/19, 01:00:00, 63.26, 63.44, 63.26, 63.44, 11, 10, 11, 0
2026/2/19, 02:00:00, 63.44, 63.55, 63.44, 63.53, 23, 17, 14, 9
2026/2/19, 03:00:00, 63.63, 63.63, 63.55, 63.60, 11, 11, 6, 5
2026/2/19, 04:00:00, 63.58, 63.60, 63.46, 63.46, 7, 7, 5, 2
2026/2/19, 05:00:00, 63.50, 63.54, 63.50, 63.52, 5, 4, 5, 0
2026/2/19, 06:00:00, 63.47, 63.55, 63.47, 63.49, 9, 9, 7, 2
2026/2/19, 07:00:00, 63.57, 63.90, 63.50, 63.90, 39, 34, 11, 28
2026/2/19, 08:00:00, 63.91, 64.26, 63.81, 64.26, 298, 216, 26, 272
2026/2/19, 09:00:00, 64.25, 64.27, 63.80, 63.92, 78, 72, 39, 39
2026/2/19, 10:00:00, 63.87, 64.09, 63.83, 64.07, 53, 48, 25, 28
2026/2/19, 11:00:00, 64.02, 64.28, 63.99, 64.09, 60, 47, 27, 33
2026/2/19, 12:00:00, 64.11, 64.16, 64.05, 64.12, 173, 114, 44, 129
2026/2/19, 13:00:00, 64.12, 64.41, 63.95, 64.26, 413, 285, 94, 319
2026/2/19, 14:00:00, 64.25, 64.42, 63.98, 64.28, 752, 428, 157, 595
2026/2/19, 15:00:00, 64.30, 64.44, 63.58, 64.37, 626, 547, 275, 351
2026/2/19, 16:00:00, 64.48, 64.54, 64.28, 64.50, 447, 299, 63, 384
2026/2/19, 17:00:00, 64.62, 64.64, 64.36, 64.49, 303, 196, 72, 231
2026/2/19, 18:00:00, 64.43, 64.55, 64.24, 64.48, 847, 396, 467, 380
2026/2/19, 19:00:00, 64.47, 64.52, 64.35, 64.51, 367, 165, 91, 276
2026/2/19, 20:00:00, 64.52, 64.64, 64.50, 64.61, 102, 58, 62, 40
2026/2/19, 21:00:00, 64.54, 64.71, 64.02, 64.63, 89, 82, 66, 23
2026/2/19, 23:00:00, 64.48, 64.49, 64.43, 64.43, 22, 11, 11, 11
2026/2/20, 00:00:00, 64.46, 64.46, 64.46, 64.46, 1, 1, 1, 0
2026/2/20, 01:00:00, 64.43, 64.65, 64.43, 64.52, 92, 41, 15, 77
2026/2/20, 02:00:00, 64.55, 64.70, 64.49, 64.49, 13, 11, 3, 10
2026/2/20, 03:00:00, 64.55, 64.62, 64.48, 64.62, 14, 13, 8, 6
2026/2/20, 04:00:00, 64.62, 64.62, 64.57, 64.61, 12, 10, 9, 3
2026/2/20, 05:00:00, 64.67, 64.70, 64.62, 64.68, 17, 13, 5, 12
2026/2/20, 06:00:00, 64.76, 64.84, 64.60, 64.60, 11, 11, 7, 4
2026/2/20, 07:00:00, 64.58, 64.62, 64.30, 64.30, 101, 55, 70, 31
2026/2/20, 08:00:00, 64.35, 64.36, 64.14, 64.16, 43, 37, 27, 16
2026/2/20, 09:00:00, 64.20, 64.50, 64.01, 64.14, 56, 48, 32, 24
2026/2/20, 10:00:00, 64.07, 64.25, 64.05, 64.16, 24, 24, 11, 13
2026/2/20, 11:00:00, 64.10, 64.42, 63.99, 64.02, 55, 49, 35, 20
2026/2/20, 12:00:00, 64.09, 64.29, 64.09, 64.27, 39, 31, 22, 17
2026/2/20, 13:00:00, 64.25, 64.34, 64.16, 64.33, 42, 38, 20, 22
2026/2/20, 14:00:00, 64.30, 64.53, 64.04, 64.35, 375, 250, 163, 212
2026/2/20, 15:00:00, 64.39, 64.59, 64.04, 64.07, 307, 212, 134, 173
2026/2/20, 16:00:00, 64.02, 64.38, 64.00, 64.27, 411, 301, 228, 183
2026/2/20, 17:00:00, 64.33, 64.48, 64.21, 64.48, 351, 143, 126, 225
2026/2/20, 18:00:00, 64.45, 64.65, 64.33, 64.55, 216, 144, 77, 139
2026/2/20, 19:00:00, 64.48, 64.49, 64.25, 64.43, 124, 101, 81, 43
2026/2/20, 20:00:00, 64.44, 64.44, 64.25, 64.37, 25, 24, 9, 16
2026/2/20, 21:00:00, 64.33, 64.39, 64.32, 64.36, 29, 12, 3, 26
2026/2/22, 23:00:00, 64.24, 64.24, 63.85, 64.14, 26, 24, 15, 11
2026/2/23, 00:00:00, 64.04, 64.07, 63.88, 63.88, 15, 9, 3, 12
2026/2/23, 01:00:00, 63.84, 64.08, 63.78, 64.07, 9, 8, 7, 2
2026/2/23, 02:00:00, 64.09, 64.13, 64.02, 64.02, 13, 13, 11, 2
2026/2/23, 03:00:00, 64.00, 64.00, 63.87, 63.88, 9, 8, 6, 3
2026/2/23, 04:00:00, 63.90, 63.90, 63.78, 63.78, 5, 5, 2, 3
2026/2/23, 05:00:00, 63.83, 63.92, 63.83, 63.92, 2, 2, 0, 2
2026/2/23, 06:00:00, 63.87, 63.90, 63.86, 63.87, 4, 4, 4, 0
2026/2/23, 07:00:00, 63.90, 63.90, 63.78, 63.81, 17, 16, 12, 5
2026/2/23, 08:00:00, 63.88, 64.08, 63.85, 64.01, 43, 32, 22, 21
2026/2/23, 09:00:00, 64.07, 64.40, 64.07, 64.35, 25, 24, 8, 17
2026/2/23, 10:00:00, 64.32, 64.32, 64.18, 64.30, 142, 95, 104, 38
2026/2/23, 11:00:00, 64.22, 64.55, 64.18, 64.51, 36, 22, 10, 26
2026/2/23, 12:00:00, 64.54, 64.71, 64.54, 64.70, 62, 54, 19, 43
2026/2/23, 13:00:00, 64.70, 64.90, 64.60, 64.85, 234, 141, 109, 125
2026/2/23, 14:00:00, 64.89, 65.13, 64.76, 64.96, 568, 427, 107, 461
2026/2/23, 15:00:00, 64.98, 65.14, 64.77, 64.78, 401, 325, 171, 230
2026/2/23, 16:00:00, 64.78, 65.03, 64.36, 64.38, 309, 208, 152, 157
2026/2/23, 17:00:00, 64.52, 64.52, 64.28, 64.39, 94, 73, 42, 52
2026/2/23, 18:00:00, 64.38, 64.48, 64.30, 64.41, 90, 55, 31, 59
2026/2/23, 19:00:00, 64.37, 64.56, 64.37, 64.55, 168, 105, 68, 100
2026/2/23, 20:00:00, 64.59, 64.66, 64.58, 64.66, 46, 38, 17, 29
2026/2/23, 21:00:00, 64.64, 64.67, 64.49, 64.50, 72, 39, 38, 34
2026/2/23, 23:00:00, 64.48, 64.51, 64.48, 64.51, 2, 2, 2, 0
2026/2/24, 00:00:00, 64.53, 64.53, 64.53, 64.53, 4, 3, 1, 3
2026/2/24, 01:00:00, 64.55, 64.65, 64.32, 64.65, 6, 6, 5, 1
2026/2/24, 02:00:00, 64.70, 64.86, 64.70, 64.86, 10, 8, 5, 5
2026/2/24, 03:00:00, 65.01, 65.07, 65.01, 65.03, 16, 13, 6, 10
2026/2/24, 04:00:00, 65.00, 65.00, 64.95, 64.95, 3, 2, 3, 0
2026/2/24, 05:00:00, 64.93, 64.99, 64.83, 64.99, 9, 7, 8, 1
2026/2/24, 06:00:00, 64.87, 64.87, 64.85, 64.85, 3, 2, 2, 1
2026/2/24, 07:00:00, 64.94, 64.94, 64.71, 64.74, 8, 8, 4, 4
2026/2/24, 08:00:00, 64.74, 64.80, 64.60, 64.80, 18, 16, 12, 6
2026/2/24, 09:00:00, 64.70, 64.82, 64.65, 64.80, 23, 20, 11, 12
2026/2/24, 10:00:00, 64.85, 64.85, 64.56, 64.65, 21, 20, 14, 7
2026/2/24, 11:00:00, 64.60, 64.69, 64.55, 64.68, 16, 16, 10, 6
2026/2/24, 12:00:00, 64.65, 64.86, 64.63, 64.86, 31, 23, 20, 11
2026/2/24, 13:00:00, 64.89, 65.25, 64.89, 65.02, 238, 198, 69, 169
2026/2/24, 14:00:00, 64.99, 65.01, 64.71, 64.82, 165, 129, 90, 75
2026/2/24, 15:00:00, 64.86, 64.95, 64.09, 64.32, 696, 553, 382, 314
2026/2/24, 16:00:00, 64.28, 64.62, 64.28, 64.39, 182, 164, 87, 95
2026/2/24, 17:00:00, 64.42, 64.68, 64.25, 64.33, 155, 112, 121, 34
2026/2/24, 18:00:00, 64.43, 64.50, 64.37, 64.49, 33, 24, 25, 8
2026/2/24, 19:00:00, 64.48, 64.52, 64.17, 64.49, 241, 163, 104, 137
2026/2/24, 20:00:00, 64.45, 64.89, 64.44, 64.77, 260, 221, 122, 138
2026/2/24, 21:00:00, 64.70, 64.73, 64.50, 64.54, 51, 51, 38, 13
2026/2/24, 23:00:00, 64.53, 64.53, 64.53, 64.53, 2, 2, 1, 1
2026/2/25, 00:00:00, 64.55, 64.55, 64.55, 64.55, 1, 1, 0, 1
2026/2/25, 01:00:00, 64.66, 64.69, 64.57, 64.57, 14, 14, 4, 10
2026/2/25, 02:00:00, 64.63, 64.77, 64.58, 64.77, 25, 24, 20, 5
2026/2/25, 03:00:00, 64.76, 64.94, 64.55, 64.55, 40, 36, 24, 16
2026/2/25, 04:00:00, 64.55, 64.56, 64.53, 64.55, 4, 4, 2, 2
2026/2/25, 05:00:00, 64.55, 64.55, 64.51, 64.51, 3, 3, 2, 1
2026/2/25, 06:00:00, 64.53, 64.55, 64.40, 64.53, 21, 20, 3, 18
2026/2/25, 07:00:00, 64.55, 64.57, 64.48, 64.48, 4, 4, 2, 2
2026/2/25, 08:00:00, 64.39, 64.60, 64.29, 64.52, 150, 101, 24, 126
2026/2/25, 09:00:00, 64.50, 64.55, 64.14, 64.31, 32, 29, 16, 16
2026/2/25, 10:00:00, 64.35, 64.56, 64.31, 64.50, 30, 24, 14, 16
2026/2/25, 11:00:00, 64.51, 64.51, 64.39, 64.45, 25, 23, 9, 16
2026/2/25, 12:00:00, 64.50, 64.76, 64.41, 64.66, 86, 77, 40, 46
2026/2/25, 13:00:00, 64.72, 64.79, 64.50, 64.53, 100, 97, 56, 44
2026/2/25, 14:00:00, 64.53, 64.62, 64.02, 64.04, 121, 93, 65, 56
2026/2/25, 15:00:00, 64.04, 64.27, 64.00, 64.08, 309, 283, 152, 157
2026/2/25, 16:00:00, 64.06, 64.18, 63.87, 64.12, 215, 142, 73, 142
2026/2/25, 17:00:00, 64.18, 64.21, 64.08, 64.20, 112, 87, 44, 68
2026/2/25, 18:00:00, 64.20, 64.41, 64.16, 64.30, 168, 160, 100, 68
2026/2/25, 19:00:00, 64.24, 64.40, 64.09, 64.40, 398, 295, 146, 252
2026/2/25, 20:00:00, 64.38, 64.38, 64.11, 64.15, 187, 152, 106, 81
2026/2/25, 21:00:00, 64.14, 64.23, 64.14, 64.23, 5, 4, 4, 1
2026/2/26, 00:00:00, 64.44, 64.48, 64.37, 64.38, 15, 10, 9, 6
2026/2/26, 01:00:00, 64.23, 64.36, 64.20, 64.36, 10, 7, 1, 9
2026/2/26, 02:00:00, 64.28, 64.28, 64.12, 64.12, 10, 9, 5, 5
2026/2/26, 03:00:00, 64.23, 64.24, 64.23, 64.24, 2, 2, 0, 2
2026/2/26, 04:00:00, 64.26, 64.26, 64.24, 64.24, 4, 4, 1, 3
2026/2/26, 05:00:00, 64.30, 64.30, 64.21, 64.21, 4, 4, 0, 4
2026/2/26, 07:00:00, 64.24, 64.27, 64.16, 64.19, 9, 9, 3, 6
2026/2/26, 08:00:00, 64.18, 64.29, 64.12, 64.15, 18, 18, 3, 15
2026/2/26, 09:00:00, 63.98, 63.98, 63.65, 63.84, 115, 108, 79, 36
2026/2/26, 10:00:00, 63.84, 63.85, 63.15, 63.24, 97, 91, 61, 36
2026/2/26, 11:00:00, 63.24, 63.42, 63.19, 63.20, 37, 32, 8, 29
2026/2/26, 12:00:00, 63.20, 63.26, 62.75, 63.02, 307, 212, 232, 75
2026/2/26, 13:00:00, 62.93, 63.29, 62.59, 63.22, 173, 130, 84, 89
2026/2/26, 14:00:00, 63.17, 63.50, 62.97, 63.50, 129, 103, 49, 80
2026/2/26, 15:00:00, 63.54, 64.90, 63.54, 64.87, 557, 360, 273, 284
2026/2/26, 16:00:00, 64.78, 64.94, 64.29, 64.66, 503, 413, 250, 253
2026/2/26, 17:00:00, 64.65, 64.77, 64.43, 64.66, 598, 333, 381, 217
2026/2/26, 18:00:00, 64.66, 64.79, 63.47, 64.07, 361, 315, 190, 171
2026/2/26, 19:00:00, 63.90, 64.14, 63.47, 63.85, 340, 297, 186, 154
2026/2/26, 20:00:00, 63.84, 64.04, 63.78, 63.99, 182, 133, 101, 81
2026/2/26, 21:00:00, 63.95, 64.07, 63.93, 63.94, 48, 48, 28, 20
2026/2/26, 23:00:00, 63.81, 63.90, 63.79, 63.79, 104, 74, 2, 102
2026/2/27, 00:00:00, 63.76, 63.80, 63.76, 63.80, 5, 4, 2, 3
2026/2/27, 01:00:00, 63.56, 63.60, 63.41, 63.60, 17, 13, 5, 12
2026/2/27, 02:00:00, 63.53, 63.55, 63.50, 63.55, 3, 3, 2, 1
2026/2/27, 03:00:00, 63.58, 63.79, 63.58, 63.79, 3, 3, 0, 3
2026/2/27, 04:00:00, 63.85, 63.90, 63.82, 63.82, 17, 12, 14, 3
2026/2/27, 05:00:00, 63.87, 64.10, 63.87, 63.97, 8, 7, 6, 2
2026/2/27, 06:00:00, 64.09, 64.16, 64.09, 64.16, 7, 5, 1, 6
2026/2/27, 07:00:00, 64.20, 64.20, 64.12, 64.18, 11, 10, 3, 8
2026/2/27, 08:00:00, 64.16, 64.40, 64.05, 64.14, 22, 19, 6, 16
2026/2/27, 09:00:00, 64.11, 64.73, 64.11, 64.73, 63, 55, 25, 38
2026/2/27, 10:00:00, 64.76, 64.78, 64.44, 64.78, 27, 26, 12, 15
2026/2/27, 11:00:00, 64.75, 65.04, 64.72, 65.01, 102, 73, 45, 57
2026/2/27, 12:00:00, 65.01, 65.11, 64.93, 65.11, 76, 60, 42, 34
2026/2/27, 13:00:00, 65.14, 65.75, 65.14, 65.73, 801, 452, 285, 516
2026/2/27, 14:00:00, 65.70, 65.73, 64.98, 65.01, 510, 316, 233, 277
2026/2/27, 15:00:00, 65.04, 65.18, 64.77, 65.08, 627, 410, 222, 405
2026/2/27, 16:00:00, 64.98, 65.02, 64.71, 64.74, 291, 178, 87, 204
2026/2/27, 17:00:00, 64.74, 64.99, 64.45, 64.90, 1438, 820, 691, 747
2026/2/27, 18:00:00, 64.89, 65.08, 64.84, 65.06, 358, 201, 94, 264
2026/2/27, 19:00:00, 65.07, 65.24, 65.01, 65.05, 592, 318, 250, 342
2026/2/27, 20:00:00, 65.05, 65.36, 65.05, 65.22, 142, 79, 78, 64
2026/2/27, 21:00:00, 65.30, 65.36, 65.09, 65.27, 70, 47, 52, 18
2026/3/1, 23:00:00, 70.45, 70.52, 68.12, 68.48, 761, 590, 118, 643
2026/3/2, 00:00:00, 68.57, 68.57, 67.83, 68.50, 506, 458, 11, 495
2026/3/2, 01:00:00, 67.65, 68.24, 66.26, 66.68, 144, 119, 66, 78
2026/3/2, 02:00:00, 66.73, 67.08, 66.53, 66.91, 88, 56, 60, 28
2026/3/2, 03:00:00, 66.84, 67.66, 66.84, 67.38, 81, 65, 39, 42
2026/3/2, 04:00:00, 67.37, 67.70, 67.16, 67.65, 80, 67, 31, 49
2026/3/2, 05:00:00, 67.42, 67.77, 67.35, 67.69, 63, 56, 23, 40
2026/3/2, 06:00:00, 67.78, 68.22, 67.71, 67.96, 97, 82, 40, 57
2026/3/2, 07:00:00, 68.11, 68.89, 67.99, 68.85, 219, 186, 100, 119
2026/3/2, 08:00:00, 68.74, 68.83, 68.09, 68.19, 135, 129, 55, 80
2026/3/2, 09:00:00, 68.11, 68.16, 67.49, 68.15, 122, 111, 50, 72
2026/3/2, 10:00:00, 68.14, 68.14, 67.46, 67.84, 265, 238, 58, 207
2026/3/2, 11:00:00, 67.88, 68.10, 67.23, 67.77, 83, 79, 39, 44
2026/3/2, 12:00:00, 67.92, 68.45, 67.91, 68.21, 196, 180, 99, 97
2026/3/2, 13:00:00, 68.19, 68.25, 67.71, 68.19, 738, 557, 220, 518
2026/3/2, 14:00:00, 68.15, 68.36, 67.07, 67.30, 1478, 1085, 419, 1059
2026/3/2, 15:00:00, 67.22, 67.67, 67.22, 67.37, 1804, 1288, 605, 1199
2026/3/2, 16:00:00, 67.35, 67.40, 66.44, 67.01, 1462, 1183, 436, 1026
2026/3/2, 17:00:00, 66.99, 67.12, 66.63, 66.75, 1105, 864, 403, 702
2026/3/2, 18:00:00, 66.71, 67.07, 66.55, 66.95, 603, 437, 206, 397
2026/3/2, 19:00:00, 66.95, 67.12, 66.72, 66.78, 926, 749, 290, 636
2026/3/2, 20:00:00, 66.82, 68.13, 66.82, 67.19, 566, 383, 265, 301
2026/3/2, 21:00:00, 67.18, 67.28, 66.80, 66.80, 214, 194, 47, 167
2026/3/2, 23:00:00, 67.09, 67.14, 66.56, 66.63, 11, 10, 7, 4
2026/3/3, 00:00:00, 67.09, 67.40, 67.05, 67.36, 14, 14, 7, 7
2026/3/3, 01:00:00, 67.44, 67.74, 67.44, 67.56, 63, 52, 34, 29
2026/3/3, 02:00:00, 67.44, 68.00, 67.44, 67.99, 67, 58, 33, 34
2026/3/3, 03:00:00, 68.00, 68.00, 67.76, 67.83, 55, 40, 23, 32
2026/3/3, 04:00:00, 67.78, 67.98, 67.77, 67.97, 16, 13, 9, 7
2026/3/3, 05:00:00, 67.93, 68.53, 67.85, 68.06, 353, 263, 110, 243
2026/3/3, 06:00:00, 68.13, 68.30, 67.76, 68.16, 36, 35, 20, 16
2026/3/3, 07:00:00, 68.35, 68.99, 68.26, 68.74, 149, 120, 64, 85
2026/3/3, 08:00:00, 68.69, 69.04, 68.40, 68.88, 280, 187, 137, 143
2026/3/3, 09:00:00, 68.94, 69.75, 68.85, 69.46, 377, 298, 115, 262
2026/3/3, 10:00:00, 69.45, 70.58, 69.29, 70.01, 431, 326, 224, 207
2026/3/3, 11:00:00, 70.09, 70.31, 69.62, 70.18, 256, 212, 132, 124
2026/3/3, 12:00:00, 70.20, 70.35, 69.16, 69.31, 673, 400, 311, 362
2026/3/3, 13:00:00, 69.26, 69.57, 68.90, 69.18, 1303, 1088, 396, 907
2026/3/3, 14:00:00, 69.21, 69.75, 68.95, 69.02, 1435, 1087, 526, 909
2026/3/3, 15:00:00, 69.05, 69.33, 68.84, 69.13, 964, 730, 386, 578
2026/3/3, 16:00:00, 69.18, 69.30, 67.51, 68.36, 1805, 1238, 576, 1229
2026/3/3, 17:00:00, 68.35, 68.78, 68.23, 68.39, 720, 522, 191, 529
2026/3/3, 18:00:00, 68.37, 68.40, 67.25, 68.12, 721, 575, 357, 364
2026/3/3, 19:00:00, 68.03, 68.23, 66.61, 67.46, 1020, 701, 419, 601
2026/3/3, 20:00:00, 67.52, 67.80, 67.24, 67.77, 280, 221, 164, 116
2026/3/3, 21:00:00, 67.81, 68.30, 67.74, 68.17, 199, 140, 94, 105
2026/3/3, 23:00:00, 68.26, 68.62, 68.26, 68.62, 8, 7, 2, 6
2026/3/4, 00:00:00, 68.72, 68.72, 67.80, 68.19, 25, 19, 17, 8
2026/3/4, 01:00:00, 68.19, 68.42, 67.75, 67.99, 73, 70, 41, 32
2026/3/4, 02:00:00, 68.13, 68.45, 68.00, 68.20, 70, 53, 44, 26
2026/3/4, 03:00:00, 68.20, 68.48, 67.94, 68.19, 60, 52, 29, 31
2026/3/4, 04:00:00, 68.24, 68.41, 68.22, 68.28, 83, 75, 41, 42
2026/3/4, 05:00:00, 68.30, 68.90, 68.18, 68.66, 53, 50, 35, 18
2026/3/4, 06:00:00, 68.58, 69.27, 68.56, 69.24, 175, 114, 126, 49
2026/3/4, 07:00:00, 69.24, 69.30, 68.83, 68.94, 97, 71, 56, 41
2026/3/4, 08:00:00, 68.84, 69.36, 68.63, 68.88, 175, 127, 79, 96
2026/3/4, 09:00:00, 68.88, 69.00, 68.31, 68.99, 140, 128, 85, 55
2026/3/4, 10:00:00, 68.88, 68.96, 67.75, 68.14, 299, 256, 162, 137
2026/3/4, 11:00:00, 68.05, 68.37, 67.83, 68.14, 123, 107, 58, 65
2026/3/4, 12:00:00, 68.14, 68.29, 67.70, 67.89, 411, 255, 184, 227
2026/3/4, 13:00:00, 67.80, 67.80, 67.02, 67.66, 607, 492, 292, 315
2026/3/4, 14:00:00, 67.74, 68.47, 67.55, 68.00, 823, 651, 417, 406
2026/3/4, 15:00:00, 68.04, 68.18, 67.69, 67.99, 602, 491, 225, 377
2026/3/4, 16:00:00, 67.97, 68.33, 67.61, 68.02, 432, 324, 163, 269
2026/3/4, 17:00:00, 68.02, 68.48, 67.99, 68.44, 595, 467, 289, 306
2026/3/4, 18:00:00, 68.41, 68.55, 68.12, 68.30, 408, 323, 147, 261
2026/3/4, 19:00:00, 68.28, 68.28, 68.02, 68.09, 1080, 438, 258, 822
2026/3/4, 20:00:00, 68.12, 68.52, 68.10, 68.27, 165, 121, 71, 94
2026/3/4, 21:00:00, 68.28, 68.77, 68.25, 68.66, 125, 108, 69, 56
2026/3/4, 23:00:00, 68.65, 68.70, 68.55, 68.55, 4, 4, 1, 3
2026/3/5, 00:00:00, 68.44, 68.44, 68.37, 68.38, 16, 14, 11, 5
2026/3/5, 01:00:00, 68.47, 69.28, 68.47, 69.28, 85, 75, 39, 46
2026/3/5, 02:00:00, 69.32, 69.47, 69.06, 69.43, 91, 81, 40, 51
2026/3/5, 03:00:00, 69.38, 69.38, 69.11, 69.27, 25, 20, 16, 9
2026/3/5, 04:00:00, 69.45, 69.64, 69.28, 69.32, 92, 81, 14, 78
2026/3/5, 05:00:00, 69.46, 69.95, 69.34, 69.69, 314, 257, 79, 235
2026/3/5, 06:00:00, 69.69, 69.71, 68.60, 68.94, 226, 194, 135, 91
2026/3/5, 07:00:00, 69.02, 69.45, 68.99, 69.25, 116, 105, 54, 62
2026/3/5, 08:00:00, 69.22, 69.84, 69.11, 69.43, 230, 195, 112, 118
2026/3/5, 09:00:00, 69.47, 69.47, 68.22, 69.20, 468, 442, 241, 227
2026/3/5, 10:00:00, 69.20, 69.27, 68.92, 69.23, 96, 89, 57, 39
2026/3/5, 11:00:00, 69.25, 69.60, 69.06, 69.52, 122, 100, 49, 73
2026/3/5, 12:00:00, 69.50, 69.56, 69.11, 69.38, 180, 157, 80, 100
2026/3/5, 13:00:00, 69.32, 69.50, 68.91, 69.35, 292, 261, 160, 132
2026/3/5, 14:00:00, 69.30, 69.82, 69.17, 69.51, 707, 502, 251, 456
2026/3/5, 15:00:00, 69.48, 69.89, 69.39, 69.57, 1527, 1199, 465, 1062
2026/3/5, 16:00:00, 69.52, 69.98, 69.31, 69.81, 1243, 1008, 436, 807
2026/3/5, 17:00:00, 69.75, 70.19, 69.63, 70.16, 561, 431, 224, 337
2026/3/5, 18:00:00, 70.15, 70.50, 69.92, 70.23, 800, 565, 326, 474
2026/3/5, 19:00:00, 70.15, 70.48, 69.89, 70.34, 1770, 981, 690, 1080
2026/3/5, 20:00:00, 70.36, 70.50, 69.38, 69.67, 1160, 965, 506, 654
2026/3/5, 21:00:00, 69.74, 69.74, 69.12, 69.58, 292, 206, 121, 171
2026/3/5, 23:00:00, 69.94, 69.94, 69.25, 69.57, 80, 61, 36, 44
2026/3/6, 00:00:00, 69.66, 69.75, 69.10, 69.38, 47, 43, 31, 16
2026/3/6, 01:00:00, 69.27, 69.67, 69.00, 69.67, 96, 83, 43, 53
2026/3/6, 02:00:00, 69.49, 69.62, 69.33, 69.59, 49, 47, 29, 20
2026/3/6, 03:00:00, 69.52, 69.72, 69.51, 69.65, 25, 24, 11, 14
2026/3/6, 04:00:00, 69.58, 69.60, 69.45, 69.60, 37, 35, 22, 15
2026/3/6, 05:00:00, 69.59, 69.82, 69.49, 69.82, 27, 23, 13, 14
2026/3/6, 06:00:00, 69.81, 70.08, 69.76, 70.01, 51, 46, 32, 19
2026/3/6, 07:00:00, 69.93, 70.10, 69.70, 70.10, 803, 393, 642, 161
2026/3/6, 08:00:00, 69.98, 70.36, 69.93, 70.01, 847, 332, 660, 187
2026/3/6, 09:00:00, 69.99, 71.17, 69.89, 71.10, 1337, 1117, 156, 1181
2026/3/6, 10:00:00, 70.99, 71.40, 70.75, 71.17, 1532, 1053, 977, 555
2026/3/6, 11:00:00, 71.17, 72.56, 71.15, 72.32, 3086, 2122, 2144, 942
2026/3/6, 12:00:00, 72.24, 72.60, 71.88, 72.37, 1695, 1345, 1246, 449
2026/3/6, 13:00:00, 72.32, 72.88, 71.48, 72.54, 1230, 847, 489, 741
2026/3/6, 14:00:00, 72.52, 73.01, 72.22, 72.50, 1586, 1240, 612, 974
2026/3/6, 15:00:00, 72.48, 72.59, 71.71, 71.88, 1193, 775, 500, 693
2026/3/6, 16:00:00, 71.89, 72.20, 71.44, 72.14, 1085, 956, 535, 550
2026/3/6, 17:00:00, 72.06, 72.80, 71.96, 72.46, 2300, 1753, 958, 1342
2026/3/6, 18:00:00, 72.44, 72.54, 71.77, 72.49, 1887, 1452, 776, 1111
2026/3/6, 19:00:00, 72.48, 73.18, 72.17, 73.17, 2312, 1327, 744, 1568
2026/3/6, 20:00:00, 73.08, 73.16, 72.68, 72.87, 693, 581, 289, 404
2026/3/6, 21:00:00, 72.78, 73.39, 72.71, 72.94, 313, 242, 118, 195
2026/3/8, 22:00:00, 74.01, 80.97, 74.01, 80.41, 1092, 892, 244, 848
2026/3/8, 23:00:00, 80.61, 80.71, 79.13, 80.21, 1642, 1380, 724, 918
2026/3/9, 00:00:00, 80.13, 80.61, 79.69, 79.74, 971, 801, 285, 686
2026/3/9, 01:00:00, 79.70, 81.99, 79.60, 81.81, 1642, 1470, 559, 1083
2026/3/9, 02:00:00, 81.82, 84.49, 81.21, 82.94, 739, 671, 417, 322
2026/3/9, 03:00:00, 82.39, 84.34, 81.54, 83.56, 247, 231, 115, 132
2026/3/9, 04:00:00, 83.58, 84.00, 82.85, 83.08, 159, 153, 91, 68
2026/3/9, 05:00:00, 83.08, 83.16, 77.15, 78.44, 353, 325, 221, 132
2026/3/9, 06:00:00, 78.42, 80.43, 77.93, 79.27, 301, 274, 161, 140
2026/3/9, 07:00:00, 79.38, 79.38, 77.30, 77.40, 1922, 1159, 485, 1437
2026/3/9, 08:00:00, 77.43, 80.25, 76.93, 79.31, 643, 587, 319, 324
2026/3/9, 09:00:00, 79.30, 79.90, 76.52, 77.92, 435, 408, 284, 151
2026/3/9, 10:00:00, 77.83, 78.38, 77.52, 77.67, 593, 565, 317, 276
2026/3/9, 11:00:00, 77.65, 77.66, 76.53, 76.87, 876, 839, 508, 368
2026/3/9, 12:00:00, 76.69, 77.61, 76.00, 77.18, 665, 605, 326, 339
2026/3/9, 13:00:00, 77.08, 77.12, 75.56, 76.04, 942, 806, 486, 456
2026/3/9, 14:00:00, 76.02, 78.13, 75.64, 76.53, 812, 692, 425, 387
2026/3/9, 15:00:00, 76.44, 76.45, 73.80, 74.50, 1026, 811, 583, 443
2026/3/9, 16:00:00, 74.60, 75.91, 74.50, 75.80, 1028, 873, 495, 533
2026/3/9, 17:00:00, 75.72, 76.13, 75.33, 75.95, 923, 815, 415, 508
2026/3/9, 18:00:00, 75.92, 76.34, 74.90, 76.29, 2366, 1727, 932, 1434
2026/3/9, 19:00:00, 76.29, 76.32, 69.47, 71.77, 1302, 1097, 596, 706
2026/3/9, 20:00:00, 71.94, 73.85, 70.56, 72.10, 856, 726, 504, 352
2026/3/9, 22:00:00, 72.91, 74.45, 72.39, 73.05, 94, 90, 37, 57
2026/3/9, 23:00:00, 73.79, 74.03, 73.43, 73.46, 24, 24, 14, 10
2026/3/10, 00:00:00, 73.22, 73.90, 72.15, 73.03, 114, 105, 67, 47
2026/3/10, 01:00:00, 72.58, 73.15, 71.39, 71.69, 107, 105, 52, 55
2026/3/10, 02:00:00, 71.95, 73.80, 71.75, 73.73, 101, 96, 48, 53
2026/3/10, 03:00:00, 73.50, 74.10, 72.87, 73.75, 90, 86, 42, 48
2026/3/10, 04:00:00, 73.82, 74.26, 73.64, 73.99, 64, 55, 34, 30
2026/3/10, 05:00:00, 73.97, 73.97, 72.75, 73.51, 80, 77, 39, 41
2026/3/10, 06:00:00, 73.50, 74.38, 73.30, 73.58, 79, 77, 37, 42
2026/3/10, 07:00:00, 73.39, 73.39, 72.07, 72.34, 166, 154, 70, 96
2026/3/10, 08:00:00, 72.27, 73.80, 72.00, 73.61, 317, 199, 229, 88
2026/3/10, 09:00:00, 73.70, 73.70, 72.29, 72.94, 153, 138, 81, 72
2026/3/10, 10:00:00, 72.91, 74.36, 72.91, 73.53, 135, 116, 75, 60
2026/3/10, 11:00:00, 73.56, 74.26, 72.75, 73.99, 312, 280, 199, 113
2026/3/10, 12:00:00, 73.92, 75.05, 73.77, 74.07, 414, 362, 185, 229
2026/3/10, 13:00:00, 74.14, 74.29, 73.05, 73.54, 673, 604, 390, 283
2026/3/10, 14:00:00, 73.61, 74.00, 71.96, 72.11, 960, 754, 523, 437
2026/3/10, 15:00:00, 72.10, 72.92, 71.66, 72.63, 573, 500, 278, 295
2026/3/10, 16:00:00, 72.68, 73.19, 71.29, 71.43, 907, 717, 543, 364
2026/3/10, 17:00:00, 71.40, 71.80, 68.92, 70.61, 1579, 1217, 732, 847
2026/3/10, 18:00:00, 70.69, 74.04, 70.40, 73.03, 2075, 1494, 1003, 1072
2026/3/10, 19:00:00, 73.03, 74.55, 72.98, 74.25, 669, 517, 354, 315
2026/3/10, 20:00:00, 74.26, 74.42, 73.70, 73.90, 203, 183, 65, 138
2026/3/10, 22:00:00, 74.55, 75.32, 74.54, 75.28, 44, 38, 10, 34
2026/3/10, 23:00:00, 74.44, 74.44, 73.70, 73.83, 15, 15, 9, 6
2026/3/11, 00:00:00, 73.94, 74.01, 72.21, 73.08, 118, 108, 61, 57
2026/3/11, 01:00:00, 73.11, 73.67, 72.80, 73.19, 129, 120, 49, 80
2026/3/11, 02:00:00, 73.29, 74.23, 73.23, 73.83, 51, 49, 17, 34
2026/3/11, 03:00:00, 73.99, 73.99, 73.06, 73.08, 92, 82, 45, 47
2026/3/11, 04:00:00, 73.08, 73.94, 72.98, 73.26, 132, 130, 22, 110
2026/3/11, 05:00:00, 73.31, 73.88, 73.31, 73.74, 32, 25, 18, 14
2026/3/11, 06:00:00, 73.72, 73.94, 73.28, 73.33, 45, 33, 16, 29
2026/3/11, 07:00:00, 73.08, 74.24, 73.04, 73.90, 138, 125, 57, 81
2026/3/11, 08:00:00, 73.89, 74.60, 73.54, 74.41, 208, 192, 107, 101
2026/3/11, 09:00:00, 74.41, 75.05, 74.30, 74.86, 243, 210, 123, 120
2026/3/11, 10:00:00, 74.77, 74.80, 73.16, 73.34, 252, 230, 123, 129
2026/3/11, 11:00:00, 73.37, 74.66, 73.27, 74.24, 666, 571, 236, 430
2026/3/11, 12:00:00, 74.25, 75.08, 73.98, 74.64, 561, 478, 275, 286
2026/3/11, 13:00:00, 74.66, 74.66, 73.47, 73.59, 860, 689, 492, 368
2026/3/11, 14:00:00, 73.57, 74.48, 72.77, 74.31, 970, 838, 445, 525
2026/3/11, 15:00:00, 74.35, 75.21, 74.27, 75.20, 890, 754, 328, 562
2026/3/11, 16:00:00, 75.22, 75.57, 74.58, 74.96, 879, 640, 370, 509
2026/3/11, 17:00:00, 74.93, 75.95, 74.61, 75.92, 515, 398, 232, 283
2026/3/11, 18:00:00, 75.90, 77.17, 75.90, 76.79, 997, 771, 535, 462
2026/3/11, 19:00:00, 76.85, 77.34, 76.66, 77.32, 553, 373, 208, 345
2026/3/11, 20:00:00, 77.32, 77.60, 77.08, 77.18, 176, 155, 122, 54
2026/3/11, 22:00:00, 77.54, 79.40, 77.50, 78.70, 239, 209, 124, 115
2026/3/11, 23:00:00, 78.68, 81.14, 78.48, 79.99, 192, 179, 85, 107
2026/3/12, 00:00:00, 79.70, 80.60, 79.18, 79.30, 196, 182, 88, 108
2026/3/12, 01:00:00, 79.32, 79.56, 78.10, 78.94, 142, 138, 68, 74
2026/3/12, 02:00:00, 78.98, 80.59, 78.90, 79.70, 153, 132, 64, 89
2026/3/12, 03:00:00, 79.72, 80.43, 79.72, 79.93, 123, 91, 87, 36
2026/3/12, 04:00:00, 79.86, 80.42, 79.78, 80.17, 80, 70, 44, 36
2026/3/12, 05:00:00, 80.15, 80.15, 78.95, 79.39, 136, 118, 62, 74
2026/3/12, 06:00:00, 79.32, 79.54, 78.11, 78.60, 146, 136, 85, 61
2026/3/12, 07:00:00, 78.42, 78.42, 77.42, 77.95, 326, 280, 182, 144
2026/3/12, 08:00:00, 77.92, 79.20, 77.77, 78.87, 320, 297, 185, 135
2026/3/12, 09:00:00, 78.84, 79.20, 78.26, 78.28, 216, 211, 121, 95
2026/3/12, 10:00:00, 78.24, 78.79, 77.99, 78.08, 356, 284, 174, 182
2026/3/12, 11:00:00, 78.08, 79.29, 78.08, 79.25, 214, 199, 116, 98
2026/3/12, 12:00:00, 79.26, 79.76, 79.00, 79.27, 641, 505, 369, 272
2026/3/12, 13:00:00, 79.31, 80.38, 79.08, 80.01, 1236, 1015, 622, 614
2026/3/12, 14:00:00, 79.99, 80.43, 79.02, 79.81, 872, 800, 503, 369
2026/3/12, 15:00:00, 79.80, 80.75, 79.25, 79.67, 1826, 1511, 1084, 742
2026/3/12, 16:00:00, 79.70, 80.14, 78.86, 79.95, 983, 766, 598, 385
2026/3/12, 17:00:00, 79.85, 80.82, 79.85, 80.46, 1245, 909, 610, 635
2026/3/12, 18:00:00, 80.41, 82.18, 80.20, 82.13, 1712, 1404, 837, 875
2026/3/12, 19:00:00, 82.17, 82.39, 81.58, 82.01, 391, 336, 148, 243
2026/3/12, 20:00:00, 82.02, 82.09, 81.53, 82.09, 161, 133, 67, 94
2026/3/12, 22:00:00, 82.46, 82.97, 82.03, 82.31, 129, 122, 66, 63
2026/3/12, 23:00:00, 82.00, 82.58, 81.94, 82.04, 73, 68, 12, 61
2026/3/13, 00:00:00, 82.01, 82.13, 81.31, 81.58, 57, 53, 32, 25
2026/3/13, 01:00:00, 81.45, 81.83, 80.94, 81.73, 88, 81, 41, 47
2026/3/13, 02:00:00, 81.49, 82.11, 81.49, 82.07, 97, 88, 68, 29
2026/3/13, 03:00:00, 82.25, 82.25, 81.56, 81.70, 29, 29, 17, 12
2026/3/13, 04:00:00, 81.53, 81.83, 81.48, 81.54, 20, 19, 14, 6
2026/3/13, 05:00:00, 81.56, 81.56, 81.18, 81.27, 23, 22, 15, 8
2026/3/13, 06:00:00, 81.14, 81.71, 80.78, 81.71, 63, 58, 30, 33
2026/3/13, 07:00:00, 81.72, 82.71, 81.62, 82.55, 188, 175, 109, 79
2026/3/13, 08:00:00, 82.49, 82.83, 81.46, 81.65, 208, 185, 102, 106
2026/3/13, 09:00:00, 81.62, 81.87, 81.15, 81.83, 82, 74, 46, 36
2026/3/13, 10:00:00, 81.66, 81.76, 80.78, 81.19, 162, 144, 97, 65
2026/3/13, 11:00:00, 81.08, 81.64, 80.73, 80.95, 205, 196, 135, 70
2026/3/13, 12:00:00, 81.05, 81.05, 79.70, 80.49, 439, 311, 226, 213
2026/3/13, 13:00:00, 80.50, 80.80, 80.04, 80.64, 757, 477, 356, 401
2026/3/13, 14:00:00, 80.67, 81.03, 80.25, 80.95, 491, 390, 229, 262
2026/3/13, 15:00:00, 80.87, 81.48, 80.87, 81.37, 412, 353, 162, 250
2026/3/13, 16:00:00, 81.39, 81.74, 80.87, 81.00, 525, 435, 158, 367
2026/3/13, 17:00:00, 80.97, 81.72, 80.60, 81.44, 610, 516, 257, 353
2026/3/13, 18:00:00, 81.45, 82.69, 81.35, 81.60, 1003, 709, 534, 469
2026/3/13, 19:00:00, 81.68, 82.09, 81.59, 82.06, 297, 264, 99, 198
2026/3/13, 20:00:00, 82.07, 82.53, 82.04, 82.53, 121, 95, 62, 59
2026/3/15, 22:00:00, 83.75, 83.75, 82.78, 82.78, 147, 124, 54, 93
2026/3/15, 23:00:00, 83.01, 83.28, 82.16, 82.49, 158, 139, 124, 34
2026/3/16, 00:00:00, 82.29, 82.41, 81.80, 81.96, 53, 49, 23, 30
2026/3/16, 01:00:00, 81.62, 82.50, 81.43, 82.46, 43, 39, 20, 23
2026/3/16, 02:00:00, 82.47, 83.01, 82.29, 82.94, 126, 116, 88, 38
2026/3/16, 03:00:00, 82.94, 83.02, 82.68, 82.97, 61, 45, 33, 28
2026/3/16, 04:00:00, 82.93, 83.07, 82.91, 82.99, 18, 11, 15, 3
2026/3/16, 05:00:00, 83.08, 83.12, 82.33, 82.33, 40, 38, 21, 19
2026/3/16, 06:00:00, 82.30, 82.92, 82.26, 82.58, 61, 50, 24, 37
2026/3/16, 07:00:00, 82.60, 83.46, 82.44, 83.05, 292, 255, 68, 224
2026/3/16, 08:00:00, 83.06, 83.45, 82.81, 82.95, 128, 116, 52, 76
2026/3/16, 09:00:00, 83.03, 83.13, 82.67, 82.77, 79, 70, 28, 51
2026/3/16, 10:00:00, 82.81, 82.89, 81.36, 81.46, 139, 118, 53, 86
2026/3/16, 11:00:00, 81.36, 82.00, 81.32, 81.89, 275, 164, 60, 215
2026/3/16, 12:00:00, 81.92, 82.17, 80.68, 81.12, 464, 368, 276, 188
2026/3/16, 13:00:00, 81.01, 81.50, 79.55, 79.86, 686, 547, 345, 341
2026/3/16, 14:00:00, 79.85, 81.39, 79.71, 81.31, 810, 493, 287, 523
2026/3/16, 15:00:00, 81.27, 81.53, 80.78, 81.09, 625, 415, 308, 317
2026/3/16, 16:00:00, 81.07, 81.81, 80.88, 81.47, 516, 389, 184, 332
2026/3/16, 17:00:00, 81.42, 81.42, 79.93, 80.14, 915, 707, 459, 456
2026/3/16, 18:00:00, 80.16, 80.25, 79.40, 79.94, 835, 533, 353, 482
2026/3/16, 19:00:00, 79.79, 80.40, 79.71, 79.97, 277, 228, 155, 122
2026/3/16, 20:00:00, 79.96, 80.20, 79.63, 80.06, 262, 207, 134, 128
2026/3/16, 22:00:00, 80.52, 81.16, 80.21, 81.10, 66, 62, 35, 31
2026/3/16, 23:00:00, 81.11, 81.22, 80.66, 80.80, 23, 22, 11, 12
2026/3/17, 00:00:00, 81.03, 81.61, 80.93, 81.35, 54, 45, 28, 26
2026/3/17, 01:00:00, 81.44, 81.60, 81.10, 81.60, 27, 24, 17, 10
2026/3/17, 02:00:00, 81.55, 81.55, 81.32, 81.50, 5, 5, 3, 2
2026/3/17, 03:00:00, 81.49, 81.61, 81.46, 81.57, 8, 8, 3, 5
2026/3/17, 04:00:00, 81.70, 81.70, 81.32, 81.33, 15, 14, 4, 11
2026/3/17, 05:00:00, 81.41, 82.74, 81.41, 82.59, 209, 129, 15, 194
2026/3/17, 06:00:00, 82.82, 82.97, 82.26, 82.54, 56, 47, 12, 44
2026/3/17, 07:00:00, 82.53, 82.53, 81.97, 82.13, 47, 47, 29, 18
2026/3/17, 08:00:00, 82.07, 82.80, 82.07, 82.80, 123, 99, 53, 70
2026/3/17, 09:00:00, 82.73, 82.73, 82.01, 82.11, 153, 106, 85, 68
2026/3/17, 10:00:00, 82.16, 82.69, 82.16, 82.57, 47, 42, 23, 24
2026/3/17, 11:00:00, 82.53, 82.82, 82.48, 82.80, 509, 188, 144, 365
2026/3/17, 12:00:00, 82.81, 82.86, 81.70, 81.73, 334, 254, 209, 125
2026/3/17, 13:00:00, 81.78, 81.85, 80.60, 81.47, 774, 575, 288, 486
2026/3/17, 14:00:00, 81.52, 81.92, 80.73, 80.95, 603, 440, 279, 324
2026/3/17, 15:00:00, 80.97, 81.99, 80.89, 81.76, 840, 534, 227, 613
2026/3/17, 16:00:00, 81.76, 81.88, 80.72, 81.01, 1353, 1016, 642, 711
2026/3/17, 17:00:00, 81.01, 81.63, 81.00, 81.63, 1550, 1200, 1010, 540
2026/3/17, 18:00:00, 81.61, 81.91, 81.26, 81.79, 3364, 2175, 2594, 770
2026/3/17, 19:00:00, 81.90, 82.02, 81.68, 81.91, 164, 139, 119, 45
2026/3/17, 20:00:00, 82.00, 82.09, 81.93, 81.93, 113, 94, 21, 92
2026/3/17, 22:00:00, 81.84, 81.92, 81.31, 81.86, 42, 41, 18, 24
2026/3/17, 23:00:00, 81.84, 82.10, 81.84, 81.98, 16, 15, 6, 10
2026/3/18, 00:00:00, 81.98, 82.01, 81.16, 81.37, 167, 145, 139, 28
2026/3/18, 01:00:00, 81.08, 81.52, 81.08, 81.38, 47, 40, 19, 28
2026/3/18, 02:00:00, 81.39, 81.46, 80.63, 80.66, 90, 74, 56, 34
2026/3/18, 03:00:00, 80.97, 81.00, 80.00, 80.08, 54, 44, 19, 35
2026/3/18, 04:00:00, 79.94, 80.18, 79.94, 80.16, 10, 10, 6, 4
2026/3/18, 05:00:00, 80.09, 80.17, 79.78, 80.04, 20, 20, 12, 8
2026/3/18, 06:00:00, 80.16, 80.18, 79.49, 80.07, 54, 47, 25, 29
2026/3/18, 07:00:00, 80.02, 80.54, 79.99, 80.52, 75, 52, 38, 37
2026/3/18, 08:00:00, 80.55, 81.02, 80.50, 80.92, 51, 40, 16, 35
2026/3/18, 09:00:00, 81.07, 81.11, 80.83, 81.08, 30, 24, 15, 15
2026/3/18, 10:00:00, 81.04, 81.20, 80.87, 80.95, 53, 39, 35, 18
2026/3/18, 11:00:00, 80.93, 81.99, 80.81, 81.20, 323, 242, 115, 208
2026/3/18, 12:00:00, 81.17, 83.31, 81.17, 83.15, 668, 465, 325, 343
2026/3/18, 13:00:00, 83.16, 83.79, 83.01, 83.65, 1776, 1243, 777, 999
2026/3/18, 14:00:00, 83.55, 83.85, 83.11, 83.47, 622, 478, 320, 302
2026/3/18, 15:00:00, 83.47, 83.85, 83.08, 83.49, 750, 611, 447, 303
2026/3/18, 16:00:00, 83.48, 83.64, 83.26, 83.57, 560, 421, 273, 287
2026/3/18, 17:00:00, 83.56, 83.99, 82.63, 82.73, 930, 727, 315, 615
2026/3/18, 18:00:00, 82.70, 83.65, 82.16, 83.42, 911, 814, 543, 368
2026/3/18, 19:00:00, 83.41, 84.40, 83.19, 84.15, 464, 359, 187, 277
2026/3/18, 20:00:00, 84.15, 85.47, 84.07, 85.29, 1582, 719, 1061, 521
2026/3/18, 22:00:00, 84.42, 85.18, 84.42, 84.95, 72, 59, 39, 33
2026/3/18, 23:00:00, 85.18, 85.18, 84.47, 84.98, 17, 16, 8, 9
2026/3/19, 00:00:00, 85.34, 85.34, 84.70, 84.92, 37, 37, 25, 12
2026/3/19, 01:00:00, 84.73, 84.83, 84.28, 84.55, 67, 53, 41, 26
2026/3/19, 02:00:00, 84.69, 84.69, 83.18, 83.76, 93, 81, 50, 43
2026/3/19, 03:00:00, 83.89, 83.89, 83.45, 83.80, 26, 26, 14, 12
2026/3/19, 04:00:00, 83.85, 84.02, 83.71, 83.95, 19, 16, 13, 6
