Date, Time, Open, High, Low, Last, Volume, NumberOfTrades, BidVolume, AskVolume
2026/2/18, 02:00:00, 60.79, 60.79, 60.79, 60.79, 1, 1, 1, 0
2026/2/18, 03:00:00, 60.83, 60.83, 60.83, 60.83, 1, 1, 1, 0
2026/2/18, 06:00:00, 61.05, 61.05, 60.94, 60.94, 2, 2, 1, 1
2026/2/18, 07:00:00, 60.92, 60.99, 60.92, 60.99, 2, 2, 0, 2
2026/2/18, 08:00:00, 60.95, 61.12, 60.95, 61.12, 7, 5, 2, 5
2026/2/18, 10:00:00, 61.18, 61.42, 61.18, 61.42, 2, 2, 0, 2
2026/2/18, 11:00:00, 61.88, 61.88, 61.88, 61.88, 1, 1, 0, 1
2026/2/18, 12:00:00, 62.25, 62.26, 62.18, 62.26, 3, 3, 2, 1
2026/2/18, 13:00:00, 62.23, 62.23, 62.03, 62.08, 48, 39, 33, 15
2026/2/18, 14:00:00, 62.05, 62.54, 62.01, 62.40, 47, 38, 20, 27
2026/2/18, 15:00:00, 62.41, 62.51, 62.38, 62.41, 59, 33, 7, 52
2026/2/18, 16:00:00, 62.39, 62.64, 62.38, 62.62, 41, 25, 5, 36
2026/2/18, 17:00:00, 62.59, 62.90, 62.57, 62.88, 47, 20, 5, 42
2026/2/18, 18:00:00, 62.92, 62.93, 62.84, 62.93, 15, 12, 11, 4
2026/2/18, 19:00:00, 63.00, 63.10, 62.86, 62.86, 74, 32, 42, 32
2026/2/18, 20:00:00, 62.98, 63.09, 62.93, 63.07, 180, 109, 39, 141
2026/2/18, 21:00:00, 63.02, 63.02, 62.79, 62.79, 32, 16, 18, 14
2026/2/18, 23:00:00, 63.01, 63.01, 63.01, 63.01, 1, 1, 0, 1
2026/2/19, 01:00:00, 62.84, 62.84, 62.84, 62.84, 1, 1, 1, 0
2026/2/19, 03:00:00, 63.18, 63.19, 63.18, 63.19, 2, 2, 1, 1
2026/2/19, 07:00:00, 63.16, 63.16, 63.16, 63.16, 1, 1, 0, 1
2026/2/19, 08:00:00, 63.47, 63.71, 63.40, 63.71, 12, 12, 10, 2
2026/2/19, 09:00:00, 63.46, 63.52, 63.35, 63.47, 6, 6, 6, 0
2026/2/19, 10:00:00, 63.39, 63.56, 63.39, 63.45, 6, 4, 1, 5
2026/2/19, 11:00:00, 63.54, 63.77, 63.54, 63.63, 17, 8, 6, 11
2026/2/19, 12:00:00, 63.63, 63.65, 63.61, 63.65, 3, 3, 3, 0
2026/2/19, 13:00:00, 63.64, 63.81, 63.59, 63.79, 142, 79, 37, 105
2026/2/19, 14:00:00, 63.75, 63.85, 63.55, 63.81, 37, 21, 1, 36
2026/2/19, 15:00:00, 63.64, 63.82, 63.14, 63.82, 68, 57, 28, 40
2026/2/19, 16:00:00, 63.94, 64.02, 63.80, 63.97, 97, 27, 12, 85
2026/2/19, 17:00:00, 64.10, 64.10, 63.83, 63.85, 15, 10, 4, 11
2026/2/19, 18:00:00, 63.83, 64.01, 63.75, 63.96, 17, 14, 13, 4
2026/2/19, 19:00:00, 63.95, 64.00, 63.89, 63.98, 263, 170, 32, 231
2026/2/19, 20:00:00, 63.98, 64.07, 63.97, 64.07, 20, 16, 10, 10
2026/2/19, 21:00:00, 64.05, 64.13, 63.53, 64.09, 10, 9, 4, 6
2026/2/20, 01:00:00, 64.09, 64.09, 64.06, 64.06, 2, 2, 1, 1
2026/2/20, 02:00:00, 64.08, 64.08, 63.98, 63.98, 3, 3, 2, 1
2026/2/20, 03:00:00, 63.96, 63.97, 63.96, 63.97, 3, 2, 2, 1
2026/2/20, 05:00:00, 64.09, 64.09, 64.09, 64.09, 1, 1, 1, 0
2026/2/20, 06:00:00, 64.22, 64.28, 64.18, 64.18, 3, 3, 3, 0
2026/2/20, 07:00:00, 64.07, 64.07, 63.81, 63.81, 3, 3, 2, 1
2026/2/20, 08:00:00, 63.80, 63.83, 63.64, 63.64, 25, 16, 21, 4
2026/2/20, 09:00:00, 63.68, 63.93, 63.68, 63.70, 4, 4, 3, 1
2026/2/20, 10:00:00, 63.59, 63.60, 63.59, 63.60, 2, 2, 0, 2
2026/2/20, 11:00:00, 63.73, 63.87, 63.70, 63.70, 3, 3, 3, 0
2026/2/20, 12:00:00, 63.74, 63.77, 63.67, 63.77, 5, 5, 5, 0
2026/2/20, 13:00:00, 63.74, 63.82, 63.66, 63.82, 26, 18, 9, 17
2026/2/20, 14:00:00, 63.75, 63.88, 63.54, 63.87, 33, 24, 8, 25
2026/2/20, 15:00:00, 63.97, 64.05, 63.63, 63.76, 70, 49, 12, 58
2026/2/20, 16:00:00, 63.53, 63.89, 63.53, 63.76, 51, 41, 16, 35
2026/2/20, 17:00:00, 63.81, 63.92, 63.72, 63.92, 56, 18, 9, 47
2026/2/20, 18:00:00, 63.94, 64.11, 63.78, 63.95, 67, 58, 14, 53
2026/2/20, 19:00:00, 63.76, 63.97, 63.76, 63.93, 58, 54, 25, 33
2026/2/20, 21:00:00, 63.87, 63.88, 63.81, 63.87, 6, 5, 4, 2
2026/2/22, 23:00:00, 63.61, 63.61, 63.61, 63.61, 4, 1, 4, 0
2026/2/23, 00:00:00, 63.53, 63.53, 63.53, 63.53, 1, 1, 1, 0
2026/2/23, 03:00:00, 63.49, 63.49, 63.49, 63.49, 1, 1, 1, 0
2026/2/23, 05:00:00, 63.35, 63.35, 63.35, 63.35, 1, 1, 0, 1
2026/2/23, 06:00:00, 63.39, 63.39, 63.39, 63.39, 1, 1, 1, 0
2026/2/23, 07:00:00, 63.40, 63.40, 63.40, 63.40, 3, 3, 1, 2
2026/2/23, 08:00:00, 63.52, 63.54, 63.35, 63.52, 13, 9, 10, 3
2026/2/23, 09:00:00, 63.83, 63.92, 63.83, 63.92, 3, 3, 0, 3
2026/2/23, 10:00:00, 63.79, 63.80, 63.79, 63.80, 9, 3, 9, 0
2026/2/23, 11:00:00, 63.71, 64.06, 63.71, 64.06, 5, 5, 2, 3
2026/2/23, 12:00:00, 64.07, 64.18, 64.07, 64.14, 15, 12, 3, 12
2026/2/23, 13:00:00, 64.19, 64.39, 64.12, 64.31, 152, 71, 47, 105
2026/2/23, 14:00:00, 64.34, 64.59, 64.26, 64.48, 142, 89, 46, 96
2026/2/23, 15:00:00, 64.47, 64.61, 64.25, 64.25, 72, 56, 19, 53
2026/2/23, 16:00:00, 64.24, 64.49, 63.88, 63.88, 52, 34, 20, 32
2026/2/23, 17:00:00, 63.91, 63.92, 63.88, 63.91, 9, 5, 4, 5
2026/2/23, 18:00:00, 63.83, 63.83, 63.83, 63.83, 2, 2, 1, 1
2026/2/23, 19:00:00, 63.90, 64.05, 63.90, 64.04, 24, 21, 12, 12
2026/2/23, 20:00:00, 64.10, 64.15, 64.10, 64.15, 29, 16, 12, 17
2026/2/23, 21:00:00, 64.15, 64.15, 64.02, 64.03, 5, 5, 3, 2
2026/2/23, 23:00:00, 64.07, 64.07, 64.03, 64.03, 2, 2, 1, 1
2026/2/24, 00:00:00, 64.08, 64.08, 64.06, 64.06, 2, 2, 1, 1
2026/2/24, 02:00:00, 64.26, 64.33, 64.26, 64.33, 2, 2, 1, 1
2026/2/24, 03:00:00, 64.50, 64.53, 64.50, 64.53, 8, 2, 6, 2
2026/2/24, 04:00:00, 64.54, 64.54, 64.54, 64.54, 1, 1, 0, 1
2026/2/24, 05:00:00, 64.45, 64.47, 64.45, 64.47, 2, 2, 0, 2
2026/2/24, 06:00:00, 64.51, 64.51, 64.37, 64.37, 2, 2, 1, 1
2026/2/24, 07:00:00, 64.37, 64.37, 64.24, 64.24, 3, 3, 3, 0
2026/2/24, 08:00:00, 64.29, 64.29, 64.19, 64.19, 3, 3, 3, 0
2026/2/24, 09:00:00, 64.23, 64.33, 64.23, 64.32, 5, 4, 2, 3
2026/2/24, 10:00:00, 64.36, 64.36, 64.09, 64.15, 8, 8, 6, 2
2026/2/24, 11:00:00, 64.14, 64.18, 64.10, 64.17, 12, 12, 11, 1
2026/2/24, 12:00:00, 64.23, 64.37, 64.16, 64.37, 12, 12, 11, 1
2026/2/24, 13:00:00, 64.40, 64.73, 64.40, 64.51, 22, 18, 11, 11
2026/2/24, 14:00:00, 64.50, 64.52, 64.35, 64.39, 13, 13, 9, 4
2026/2/24, 15:00:00, 64.42, 64.42, 63.65, 63.85, 67, 53, 34, 33
2026/2/24, 16:00:00, 63.81, 64.15, 63.80, 63.93, 27, 25, 18, 9
2026/2/24, 17:00:00, 63.97, 64.24, 63.85, 63.91, 50, 24, 24, 26
2026/2/24, 18:00:00, 63.99, 64.10, 63.93, 64.04, 36, 26, 20, 16
2026/2/24, 19:00:00, 63.84, 64.05, 63.78, 64.05, 129, 86, 67, 62
2026/2/24, 20:00:00, 64.01, 64.39, 64.01, 64.30, 23, 17, 9, 14
2026/2/24, 21:00:00, 64.26, 64.26, 64.02, 64.09, 15, 13, 5, 10
2026/2/25, 01:00:00, 64.17, 64.20, 64.17, 64.20, 3, 3, 2, 1
2026/2/25, 02:00:00, 64.18, 64.29, 64.18, 64.29, 6, 4, 1, 5
2026/2/25, 03:00:00, 64.29, 64.45, 64.06, 64.06, 9, 9, 5, 4
2026/2/25, 04:00:00, 64.14, 64.14, 64.14, 64.14, 1, 1, 0, 1
2026/2/25, 06:00:00, 64.03, 64.03, 63.91, 63.91, 3, 3, 2, 1
2026/2/25, 07:00:00, 64.04, 64.05, 64.04, 64.05, 3, 3, 0, 3
2026/2/25, 08:00:00, 63.96, 64.09, 63.93, 64.09, 9, 9, 0, 9
2026/2/25, 09:00:00, 64.08, 64.10, 63.77, 63.88, 11, 11, 2, 9
2026/2/25, 10:00:00, 63.93, 64.12, 63.89, 63.97, 11, 11, 1, 10
2026/2/25, 11:00:00, 64.08, 64.08, 63.96, 64.02, 8, 8, 1, 7
2026/2/25, 12:00:00, 63.99, 64.35, 63.99, 64.31, 31, 27, 13, 18
2026/2/25, 13:00:00, 64.31, 64.34, 64.09, 64.09, 20, 20, 8, 12
2026/2/25, 14:00:00, 64.08, 64.18, 63.71, 63.74, 30, 21, 20, 10
2026/2/25, 15:00:00, 63.76, 63.83, 63.58, 63.72, 192, 124, 48, 144
2026/2/25, 16:00:00, 63.66, 63.74, 63.46, 63.69, 25, 20, 11, 14
2026/2/25, 17:00:00, 63.76, 63.78, 63.71, 63.76, 50, 19, 14, 36
2026/2/25, 18:00:00, 63.74, 63.97, 63.74, 63.88, 82, 82, 24, 58
2026/2/25, 19:00:00, 63.88, 63.94, 63.69, 63.92, 104, 89, 74, 30
2026/2/25, 20:00:00, 63.93, 63.93, 63.69, 63.73, 29, 16, 2, 27
2026/2/25, 21:00:00, 63.77, 63.77, 63.77, 63.77, 1, 1, 1, 0
2026/2/26, 02:00:00, 63.86, 63.86, 63.83, 63.83, 3, 2, 0, 3
2026/2/26, 03:00:00, 63.78, 63.78, 63.78, 63.78, 7, 2, 7, 0
2026/2/26, 07:00:00, 63.74, 63.74, 63.74, 63.74, 1, 1, 0, 1
2026/2/26, 08:00:00, 63.76, 63.87, 63.71, 63.73, 6, 6, 0, 6
2026/2/26, 09:00:00, 63.63, 63.63, 63.26, 63.46, 15, 14, 7, 8
2026/2/26, 10:00:00, 63.22, 63.22, 62.78, 62.83, 13, 9, 0, 13
2026/2/26, 11:00:00, 63.00, 63.00, 62.83, 62.83, 12, 12, 1, 11
2026/2/26, 12:00:00, 62.82, 62.84, 62.49, 62.63, 19, 16, 8, 11
2026/2/26, 13:00:00, 62.63, 62.88, 62.22, 62.82, 72, 54, 38, 34
2026/2/26, 14:00:00, 62.76, 63.05, 62.57, 63.05, 48, 45, 14, 34
2026/2/26, 15:00:00, 63.17, 64.42, 63.16, 64.42, 138, 122, 58, 80
2026/2/26, 16:00:00, 64.30, 64.45, 63.87, 64.13, 112, 90, 41, 71
2026/2/26, 17:00:00, 64.18, 64.27, 64.00, 64.14, 46, 34, 22, 24
2026/2/26, 18:00:00, 64.03, 64.25, 63.13, 63.52, 87, 77, 44, 43
2026/2/26, 19:00:00, 63.66, 63.66, 63.04, 63.45, 64, 57, 29, 35
2026/2/26, 20:00:00, 63.35, 63.55, 63.35, 63.55, 36, 32, 12, 24
2026/2/26, 21:00:00, 63.48, 63.62, 63.48, 63.62, 4, 4, 1, 3
2026/2/26, 23:00:00, 63.62, 63.62, 63.35, 63.36, 37, 33, 1, 36
2026/2/27, 00:00:00, 63.36, 63.36, 63.36, 63.36, 34, 28, 0, 34
2026/2/27, 01:00:00, 63.00, 63.01, 63.00, 63.00, 42, 26, 10, 32
2026/2/27, 02:00:00, 63.18, 63.18, 63.08, 63.08, 4, 4, 4, 0
2026/2/27, 04:00:00, 63.46, 63.46, 63.46, 63.46, 2, 2, 2, 0
2026/2/27, 05:00:00, 63.45, 63.60, 63.45, 63.60, 5, 4, 2, 3
2026/2/27, 06:00:00, 63.68, 63.70, 63.68, 63.70, 2, 2, 0, 2
2026/2/27, 07:00:00, 63.67, 63.74, 63.67, 63.74, 10, 9, 4, 6
2026/2/27, 08:00:00, 63.70, 63.76, 63.70, 63.75, 5, 5, 1, 4
2026/2/27, 09:00:00, 63.66, 64.25, 63.66, 64.25, 11, 10, 6, 5
2026/2/27, 10:00:00, 64.18, 64.26, 64.05, 64.26, 3, 3, 1, 2
2026/2/27, 11:00:00, 64.34, 64.45, 64.32, 64.45, 10, 10, 3, 7
2026/2/27, 12:00:00, 64.43, 64.58, 64.42, 64.58, 39, 30, 16, 23
2026/2/27, 13:00:00, 64.66, 65.17, 64.65, 65.17, 124, 108, 17, 107
2026/2/27, 14:00:00, 65.22, 65.22, 64.48, 64.51, 180, 154, 76, 104
2026/2/27, 15:00:00, 64.51, 64.64, 64.25, 64.55, 87, 56, 37, 50
2026/2/27, 16:00:00, 64.48, 64.48, 64.20, 64.26, 44, 29, 29, 15
2026/2/27, 17:00:00, 64.28, 64.44, 63.94, 64.26, 54, 40, 34, 20
2026/2/27, 18:00:00, 64.35, 64.52, 64.32, 64.49, 54, 40, 26, 28
2026/2/27, 19:00:00, 64.57, 64.70, 64.47, 64.50, 201, 107, 48, 153
2026/2/27, 20:00:00, 64.50, 64.80, 64.50, 64.66, 57, 41, 25, 32
2026/2/27, 21:00:00, 64.72, 64.74, 64.64, 64.68, 19, 17, 14, 5
2026/3/1, 23:00:00, 69.97, 69.97, 67.55, 67.80, 164, 130, 43, 121
2026/3/2, 00:00:00, 67.81, 67.81, 67.58, 67.58, 3, 3, 0, 3
2026/3/2, 01:00:00, 66.82, 67.03, 65.57, 66.19, 56, 28, 11, 45
2026/3/2, 02:00:00, 65.98, 66.32, 65.97, 66.23, 27, 19, 14, 13
2026/3/2, 03:00:00, 66.19, 66.77, 66.19, 66.77, 14, 9, 8, 6
2026/3/2, 04:00:00, 66.38, 66.82, 66.37, 66.51, 15, 12, 4, 11
2026/3/2, 05:00:00, 66.77, 66.87, 66.75, 66.87, 7, 7, 4, 3
2026/3/2, 06:00:00, 66.95, 67.34, 66.94, 67.20, 25, 20, 16, 9
2026/3/2, 07:00:00, 67.31, 67.97, 67.31, 67.39, 28, 22, 5, 23
2026/3/2, 08:00:00, 67.83, 67.83, 67.23, 67.31, 58, 53, 24, 34
2026/3/2, 09:00:00, 66.96, 67.19, 66.65, 67.19, 34, 26, 19, 15
2026/3/2, 10:00:00, 67.13, 67.13, 66.77, 66.98, 26, 22, 12, 14
2026/3/2, 11:00:00, 66.92, 67.04, 66.50, 66.74, 16, 16, 9, 7
2026/3/2, 12:00:00, 67.05, 67.54, 67.05, 67.25, 58, 57, 27, 31
2026/3/2, 13:00:00, 67.14, 67.37, 66.91, 67.37, 281, 228, 64, 217
2026/3/2, 14:00:00, 67.27, 67.49, 66.25, 66.46, 348, 238, 139, 209
2026/3/2, 15:00:00, 66.38, 66.80, 66.37, 66.55, 354, 220, 214, 140
2026/3/2, 16:00:00, 66.39, 66.49, 65.67, 66.13, 128, 98, 57, 71
2026/3/2, 17:00:00, 66.16, 66.27, 65.89, 65.89, 141, 96, 54, 87
2026/3/2, 18:00:00, 65.79, 66.18, 65.79, 66.02, 248, 238, 20, 228
2026/3/2, 19:00:00, 66.04, 66.22, 65.85, 65.88, 194, 149, 85, 109
2026/3/2, 20:00:00, 65.90, 67.17, 65.90, 66.35, 328, 251, 140, 188
2026/3/2, 21:00:00, 66.13, 66.32, 66.07, 66.15, 17, 16, 11, 6
2026/3/2, 23:00:00, 66.20, 66.25, 65.89, 65.89, 4, 4, 2, 2
2026/3/3, 01:00:00, 66.82, 66.82, 66.62, 66.62, 11, 5, 8, 3
2026/3/3, 02:00:00, 66.53, 66.97, 66.53, 66.85, 8, 5, 4, 4
2026/3/3, 03:00:00, 66.95, 67.02, 66.87, 66.87, 7, 7, 5, 2
2026/3/3, 04:00:00, 66.89, 66.92, 66.89, 66.92, 3, 2, 1, 2
2026/3/3, 05:00:00, 67.01, 67.49, 66.89, 67.14, 17, 17, 8, 9
2026/3/3, 07:00:00, 67.31, 67.94, 67.31, 67.94, 39, 35, 16, 23
2026/3/3, 08:00:00, 67.89, 67.89, 67.43, 67.78, 33, 27, 14, 19
2026/3/3, 09:00:00, 67.90, 68.62, 67.90, 68.40, 58, 40, 26, 32
2026/3/3, 10:00:00, 68.36, 69.43, 68.36, 69.43, 89, 73, 14, 75
2026/3/3, 11:00:00, 68.74, 69.10, 68.51, 68.86, 36, 30, 15, 21
2026/3/3, 12:00:00, 69.04, 69.10, 68.16, 68.24, 64, 52, 47, 17
2026/3/3, 13:00:00, 68.23, 68.44, 67.78, 68.04, 274, 198, 141, 133
2026/3/3, 14:00:00, 68.21, 68.54, 67.82, 67.85, 396, 296, 89, 307
2026/3/3, 15:00:00, 67.76, 68.11, 67.67, 67.92, 291, 250, 124, 167
2026/3/3, 16:00:00, 67.96, 68.06, 66.44, 67.21, 419, 305, 158, 261
2026/3/3, 17:00:00, 67.20, 67.57, 67.09, 67.24, 211, 180, 37, 174
2026/3/3, 18:00:00, 67.18, 67.24, 66.20, 67.01, 210, 170, 102, 108
2026/3/3, 19:00:00, 66.94, 67.18, 65.73, 66.42, 247, 196, 90, 157
2026/3/3, 20:00:00, 66.45, 66.77, 66.31, 66.77, 82, 68, 46, 36
2026/3/3, 21:00:00, 66.86, 67.13, 66.77, 66.97, 11, 10, 3, 8
2026/3/3, 23:00:00, 67.18, 67.18, 67.18, 67.18, 1, 1, 0, 1
2026/3/4, 00:00:00, 66.80, 67.15, 66.80, 67.15, 6, 4, 5, 1
2026/3/4, 01:00:00, 66.96, 66.96, 66.70, 66.70, 2, 2, 0, 2
2026/3/4, 02:00:00, 67.00, 67.18, 66.98, 67.14, 12, 12, 8, 4
2026/3/4, 03:00:00, 67.27, 67.27, 66.85, 67.05, 10, 10, 2, 8
2026/3/4, 04:00:00, 67.18, 67.18, 67.18, 67.18, 1, 1, 0, 1
2026/3/4, 06:00:00, 67.78, 67.78, 67.53, 67.75, 6, 6, 2, 4
2026/3/4, 07:00:00, 68.01, 68.01, 67.69, 67.75, 13, 13, 9, 4
2026/3/4, 08:00:00, 67.59, 68.13, 67.52, 67.79, 12, 11, 6, 6
2026/3/4, 09:00:00, 67.69, 67.81, 67.24, 67.72, 35, 33, 24, 11
2026/3/4, 10:00:00, 67.14, 67.18, 66.82, 67.00, 28, 26, 17, 11
2026/3/4, 11:00:00, 67.17, 67.17, 66.79, 67.11, 26, 22, 9, 17
2026/3/4, 12:00:00, 67.15, 67.22, 66.73, 66.86, 37, 34, 19, 18
2026/3/4, 13:00:00, 66.70, 66.70, 66.09, 66.70, 105, 86, 46, 59
2026/3/4, 14:00:00, 66.76, 67.42, 66.59, 66.97, 199, 158, 92, 107
2026/3/4, 15:00:00, 66.88, 67.18, 66.73, 66.97, 163, 145, 70, 93
2026/3/4, 16:00:00, 67.25, 67.28, 66.69, 66.93, 105, 95, 58, 47
2026/3/4, 17:00:00, 67.10, 67.49, 67.10, 67.40, 144, 123, 71, 73
2026/3/4, 18:00:00, 67.41, 67.49, 67.16, 67.31, 88, 61, 29, 59
2026/3/4, 19:00:00, 67.24, 67.24, 67.07, 67.16, 230, 215, 58, 172
2026/3/4, 20:00:00, 67.11, 67.44, 67.10, 67.18, 45, 36, 20, 25
2026/3/4, 21:00:00, 67.46, 67.65, 67.46, 67.56, 19, 14, 7, 12
2026/3/4, 23:00:00, 67.51, 67.51, 67.51, 67.51, 1, 1, 1, 0
2026/3/5, 00:00:00, 67.35, 67.35, 67.35, 67.35, 1, 1, 1, 0
2026/3/5, 01:00:00, 67.91, 68.11, 67.91, 68.00, 10, 8, 4, 6
2026/3/5, 02:00:00, 68.03, 68.16, 67.97, 68.11, 29, 27, 14, 15
2026/3/5, 03:00:00, 68.22, 68.22, 68.19, 68.19, 2, 2, 0, 2
2026/3/5, 04:00:00, 68.33, 68.34, 68.16, 68.19, 13, 11, 4, 9
2026/3/5, 05:00:00, 68.30, 68.70, 68.15, 68.60, 19, 18, 6, 13
2026/3/5, 06:00:00, 68.26, 68.37, 67.85, 67.85, 13, 12, 9, 4
2026/3/5, 07:00:00, 67.89, 68.31, 67.86, 68.15, 41, 31, 18, 23
2026/3/5, 08:00:00, 68.13, 68.75, 68.00, 68.37, 50, 45, 20, 30
2026/3/5, 09:00:00, 68.32, 68.32, 67.28, 68.18, 111, 96, 60, 51
2026/3/5, 10:00:00, 68.25, 68.27, 67.89, 68.19, 52, 44, 31, 21
2026/3/5, 11:00:00, 68.50, 68.52, 68.04, 68.49, 81, 75, 25, 56
2026/3/5, 12:00:00, 68.40, 68.45, 68.06, 68.39, 51, 47, 26, 25
2026/3/5, 13:00:00, 68.37, 68.37, 67.89, 68.28, 71, 60, 42, 29
2026/3/5, 14:00:00, 68.33, 68.68, 68.12, 68.46, 293, 219, 85, 208
2026/3/5, 15:00:00, 68.42, 68.78, 68.32, 68.48, 306, 240, 138, 168
2026/3/5, 16:00:00, 68.41, 68.86, 68.28, 68.68, 407, 285, 136, 271
2026/3/5, 17:00:00, 68.66, 69.10, 68.56, 69.07, 193, 145, 63, 130
2026/3/5, 18:00:00, 69.06, 69.45, 68.88, 69.12, 181, 141, 96, 85
2026/3/5, 19:00:00, 69.07, 69.34, 68.76, 69.21, 310, 214, 150, 160
2026/3/5, 20:00:00, 69.22, 69.35, 68.41, 68.66, 350, 295, 150, 200
2026/3/5, 21:00:00, 68.42, 68.57, 68.16, 68.42, 124, 119, 108, 16
2026/3/5, 23:00:00, 68.07, 68.69, 68.07, 68.69, 21, 17, 21, 0
2026/3/6, 01:00:00, 68.18, 68.72, 68.18, 68.72, 8, 8, 4, 4
2026/3/6, 02:00:00, 68.52, 68.65, 68.42, 68.63, 15, 13, 5, 10
2026/3/6, 03:00:00, 68.55, 68.75, 68.55, 68.60, 3, 3, 3, 0
2026/3/6, 04:00:00, 68.56, 68.59, 68.49, 68.59, 17, 17, 13, 4
2026/3/6, 05:00:00, 68.58, 68.71, 68.55, 68.71, 20, 18, 4, 16
2026/3/6, 06:00:00, 68.81, 68.96, 68.78, 68.94, 11, 11, 7, 4
2026/3/6, 07:00:00, 68.85, 69.04, 68.73, 69.04, 25, 21, 13, 12
2026/3/6, 08:00:00, 69.08, 69.28, 68.94, 68.99, 41, 28, 23, 18
2026/3/6, 09:00:00, 68.86, 70.05, 68.86, 70.04, 172, 139, 73, 99
2026/3/6, 10:00:00, 69.99, 70.20, 69.74, 70.05, 106, 90, 45, 61
2026/3/6, 11:00:00, 70.10, 71.29, 70.04, 71.04, 262, 181, 146, 116
2026/3/6, 12:00:00, 71.01, 71.30, 70.67, 71.27, 214, 161, 98, 116
2026/3/6, 13:00:00, 71.00, 71.55, 70.27, 71.21, 420, 351, 193, 227
2026/3/6, 14:00:00, 71.17, 71.66, 70.96, 71.20, 436, 295, 184, 252
2026/3/6, 15:00:00, 70.98, 71.23, 70.42, 70.50, 197, 144, 74, 123
2026/3/6, 16:00:00, 70.53, 70.76, 70.12, 70.67, 192, 170, 106, 86
2026/3/6, 17:00:00, 70.62, 71.25, 70.53, 70.95, 409, 302, 207, 202
2026/3/6, 18:00:00, 70.95, 70.98, 70.40, 70.96, 320, 240, 145, 175
2026/3/6, 19:00:00, 70.92, 71.56, 70.64, 71.48, 400, 315, 173, 227
2026/3/6, 20:00:00, 71.54, 71.54, 71.03, 71.22, 231, 188, 86, 145
2026/3/6, 21:00:00, 71.18, 71.58, 71.08, 71.27, 95, 61, 54, 41
2026/3/8, 22:00:00, 71.74, 78.22, 71.74, 78.03, 106, 96, 28, 78
2026/3/8, 23:00:00, 77.40, 77.82, 76.54, 77.62, 31, 30, 20, 11
2026/3/9, 00:00:00, 77.21, 77.85, 77.14, 77.14, 32, 32, 23, 9
2026/3/9, 01:00:00, 76.97, 78.74, 76.97, 78.74, 54, 51, 20, 34
2026/3/9, 02:00:00, 78.64, 80.76, 78.30, 79.42, 60, 53, 24, 36
2026/3/9, 03:00:00, 79.12, 80.78, 78.56, 80.78, 40, 38, 22, 18
2026/3/9, 04:00:00, 79.81, 80.50, 79.49, 79.49, 13, 13, 4, 9
2026/3/9, 05:00:00, 79.53, 79.53, 75.30, 75.41, 21, 21, 14, 7
2026/3/9, 06:00:00, 75.78, 77.12, 75.70, 76.55, 33, 33, 24, 9
2026/3/9, 07:00:00, 76.53, 76.53, 74.84, 74.84, 53, 52, 28, 25
2026/3/9, 08:00:00, 74.61, 77.01, 74.45, 76.61, 85, 82, 67, 18
2026/3/9, 09:00:00, 76.68, 77.17, 74.25, 75.53, 213, 204, 116, 97
2026/3/9, 10:00:00, 75.40, 75.70, 75.17, 75.28, 72, 69, 34, 38
2026/3/9, 11:00:00, 74.95, 74.95, 74.31, 74.31, 26, 25, 13, 13
2026/3/9, 12:00:00, 74.35, 74.96, 73.79, 74.68, 28, 28, 18, 10
2026/3/9, 13:00:00, 74.37, 74.50, 73.36, 73.65, 174, 147, 49, 125
2026/3/9, 14:00:00, 73.56, 75.36, 73.30, 74.07, 143, 131, 73, 70
2026/3/9, 15:00:00, 73.98, 74.08, 71.70, 72.27, 107, 88, 48, 59
2026/3/9, 16:00:00, 72.45, 73.61, 72.45, 73.55, 192, 149, 55, 137
2026/3/9, 17:00:00, 73.46, 73.82, 73.21, 73.82, 43, 41, 24, 19
2026/3/9, 18:00:00, 73.55, 74.27, 73.08, 74.14, 283, 234, 177, 106
2026/3/9, 19:00:00, 73.99, 73.99, 68.61, 70.55, 197, 158, 144, 53
2026/3/9, 20:00:00, 70.45, 72.28, 70.03, 70.56, 201, 165, 169, 32
2026/3/9, 22:00:00, 70.93, 72.82, 70.93, 71.47, 27, 22, 7, 20
2026/3/9, 23:00:00, 71.88, 72.12, 71.88, 72.12, 4, 4, 3, 1
2026/3/10, 00:00:00, 70.92, 71.81, 70.79, 71.48, 9, 9, 5, 4
2026/3/10, 01:00:00, 71.16, 71.16, 70.01, 70.54, 15, 15, 10, 5
2026/3/10, 02:00:00, 70.75, 72.19, 70.70, 72.18, 31, 29, 17, 14
2026/3/10, 03:00:00, 72.04, 72.14, 71.34, 71.97, 17, 17, 9, 8
2026/3/10, 04:00:00, 72.13, 72.25, 71.56, 72.12, 25, 25, 18, 7
2026/3/10, 05:00:00, 71.82, 71.82, 70.76, 71.65, 27, 27, 16, 11
2026/3/10, 06:00:00, 71.62, 72.32, 71.54, 71.87, 13, 13, 6, 7
2026/3/10, 07:00:00, 71.65, 71.74, 70.10, 70.89, 67, 66, 51, 16
2026/3/10, 08:00:00, 70.67, 71.75, 70.67, 71.75, 35, 31, 24, 11
2026/3/10, 09:00:00, 71.79, 71.81, 71.15, 71.54, 38, 35, 26, 12
2026/3/10, 10:00:00, 71.76, 72.76, 71.69, 72.01, 34, 31, 22, 12
2026/3/10, 11:00:00, 72.01, 72.53, 71.46, 72.53, 18, 17, 10, 8
2026/3/10, 12:00:00, 72.26, 73.19, 72.25, 72.33, 15, 13, 6, 9
2026/3/10, 13:00:00, 72.44, 72.46, 71.53, 72.28, 32, 30, 25, 7
2026/3/10, 14:00:00, 72.05, 72.15, 70.65, 70.72, 103, 74, 37, 66
2026/3/10, 15:00:00, 70.63, 71.43, 70.29, 71.17, 75, 59, 39, 36
2026/3/10, 16:00:00, 71.28, 71.70, 70.06, 70.31, 77, 72, 50, 27
2026/3/10, 17:00:00, 70.19, 70.30, 68.52, 69.52, 79, 65, 25, 54
2026/3/10, 18:00:00, 69.58, 72.36, 69.58, 71.47, 259, 198, 96, 163
2026/3/10, 19:00:00, 71.57, 72.75, 71.55, 72.67, 213, 136, 77, 136
2026/3/10, 20:00:00, 72.48, 72.51, 72.03, 72.09, 77, 73, 28, 49
2026/3/10, 22:00:00, 72.71, 73.33, 72.71, 73.29, 16, 16, 5, 11
2026/3/10, 23:00:00, 73.22, 73.28, 72.10, 72.14, 7, 7, 4, 3
2026/3/11, 00:00:00, 71.74, 71.80, 70.77, 71.71, 6, 6, 1, 5
2026/3/11, 01:00:00, 71.01, 72.00, 71.01, 71.52, 34, 34, 22, 12
2026/3/11, 02:00:00, 71.76, 72.71, 71.76, 72.36, 32, 28, 17, 15
2026/3/11, 03:00:00, 72.28, 72.30, 72.05, 72.05, 6, 6, 3, 3
2026/3/11, 06:00:00, 72.32, 72.32, 71.98, 71.98, 16, 12, 3, 13
2026/3/11, 07:00:00, 72.24, 72.54, 71.67, 72.27, 28, 24, 12, 16
2026/3/11, 08:00:00, 72.12, 72.92, 71.96, 72.56, 44, 41, 20, 24
2026/3/11, 09:00:00, 72.64, 73.25, 72.64, 73.06, 26, 24, 12, 14
2026/3/11, 10:00:00, 72.98, 72.98, 71.87, 71.92, 43, 38, 16, 27
2026/3/11, 11:00:00, 71.92, 72.92, 71.88, 72.56, 46, 43, 16, 30
2026/3/11, 12:00:00, 72.50, 73.20, 72.50, 72.99, 37, 34, 19, 18
2026/3/11, 13:00:00, 72.65, 72.85, 71.90, 72.00, 416, 409, 232, 184
2026/3/11, 14:00:00, 71.67, 72.67, 71.32, 72.65, 171, 146, 114, 57
2026/3/11, 15:00:00, 72.60, 73.32, 72.58, 73.31, 113, 104, 52, 61
2026/3/11, 16:00:00, 73.31, 73.66, 72.96, 73.19, 154, 129, 50, 104
2026/3/11, 17:00:00, 73.05, 74.10, 72.86, 74.07, 140, 119, 82, 58
2026/3/11, 18:00:00, 74.22, 75.32, 74.22, 75.01, 127, 115, 82, 45
2026/3/11, 19:00:00, 75.17, 75.53, 74.90, 75.53, 76, 68, 59, 17
2026/3/11, 20:00:00, 75.61, 75.76, 75.30, 75.30, 25, 20, 18, 7
2026/3/11, 22:00:00, 75.35, 77.23, 75.35, 76.82, 28, 26, 14, 14
2026/3/11, 23:00:00, 76.51, 78.60, 76.51, 77.84, 16, 15, 7, 9
2026/3/12, 00:00:00, 77.08, 77.20, 77.07, 77.07, 5, 5, 1, 4
2026/3/12, 01:00:00, 76.97, 77.00, 76.03, 76.78, 43, 40, 14, 29
2026/3/12, 02:00:00, 77.05, 78.00, 77.05, 77.46, 24, 24, 9, 15
2026/3/12, 03:00:00, 77.60, 77.78, 77.46, 77.54, 11, 11, 6, 5
2026/3/12, 04:00:00, 77.55, 77.99, 77.45, 77.99, 11, 10, 6, 5
2026/3/12, 05:00:00, 77.78, 77.78, 76.86, 77.27, 17, 17, 13, 4
2026/3/12, 06:00:00, 77.01, 77.22, 76.21, 76.35, 33, 33, 16, 17
2026/3/12, 07:00:00, 76.23, 76.24, 75.34, 75.80, 41, 31, 18, 23
2026/3/12, 08:00:00, 75.75, 76.90, 75.75, 76.87, 21, 20, 11, 10
2026/3/12, 09:00:00, 76.68, 76.82, 76.39, 76.39, 19, 19, 12, 7
2026/3/12, 10:00:00, 76.11, 76.41, 75.86, 75.96, 33, 30, 11, 22
2026/3/12, 11:00:00, 76.41, 76.59, 76.29, 76.29, 9, 9, 3, 6
2026/3/12, 12:00:00, 77.00, 77.47, 76.82, 76.98, 63, 56, 8, 55
2026/3/12, 13:00:00, 76.88, 77.98, 76.88, 77.64, 151, 125, 66, 85
2026/3/12, 14:00:00, 77.58, 77.88, 76.73, 77.48, 86, 75, 40, 46
2026/3/12, 15:00:00, 77.43, 78.29, 77.09, 77.37, 299, 247, 185, 114
2026/3/12, 16:00:00, 77.59, 77.69, 76.82, 77.62, 132, 122, 39, 93
2026/3/12, 17:00:00, 77.54, 78.34, 77.54, 78.09, 68, 58, 20, 48
2026/3/12, 18:00:00, 77.97, 79.57, 77.91, 79.47, 300, 262, 101, 199
2026/3/12, 19:00:00, 79.70, 79.86, 79.27, 79.60, 50, 44, 21, 29
2026/3/12, 20:00:00, 79.57, 79.68, 79.11, 79.68, 12, 9, 7, 5
2026/3/12, 22:00:00, 79.52, 80.42, 79.52, 79.93, 19, 18, 8, 11
2026/3/12, 23:00:00, 80.11, 80.11, 79.51, 79.52, 4, 4, 2, 2
2026/3/13, 00:00:00, 79.01, 79.01, 79.01, 79.01, 1, 1, 1, 0
2026/3/13, 01:00:00, 78.74, 79.38, 78.74, 79.36, 36, 27, 20, 16
2026/3/13, 02:00:00, 79.17, 79.50, 79.17, 79.26, 9, 8, 6, 3
2026/3/13, 03:00:00, 79.44, 79.44, 79.18, 79.34, 5, 5, 2, 3
2026/3/13, 04:00:00, 79.46, 79.46, 79.30, 79.30, 2, 2, 2, 0
2026/3/13, 05:00:00, 79.04, 79.04, 78.92, 78.92, 2, 2, 1, 1
2026/3/13, 06:00:00, 78.85, 78.85, 78.79, 78.79, 2, 2, 0, 2
2026/3/13, 07:00:00, 79.52, 80.23, 79.52, 80.10, 72, 49, 20, 52
2026/3/13, 08:00:00, 80.07, 80.24, 79.04, 79.31, 22, 20, 14, 8
2026/3/13, 09:00:00, 78.96, 79.45, 78.94, 79.33, 23, 20, 18, 5
2026/3/13, 10:00:00, 79.17, 79.31, 78.94, 78.94, 13, 13, 6, 7
2026/3/13, 11:00:00, 78.89, 79.25, 78.75, 78.75, 32, 31, 28, 4
2026/3/13, 12:00:00, 78.89, 78.89, 77.57, 78.33, 111, 100, 85, 26
2026/3/13, 13:00:00, 78.22, 78.61, 77.89, 78.26, 130, 113, 93, 37
2026/3/13, 14:00:00, 78.46, 78.63, 78.13, 78.63, 54, 49, 21, 33
2026/3/13, 15:00:00, 78.72, 79.09, 78.64, 79.08, 62, 51, 37, 25
2026/3/13, 16:00:00, 79.07, 79.31, 78.74, 78.86, 27, 24, 8, 19
2026/3/13, 17:00:00, 78.54, 79.35, 78.29, 79.18, 160, 133, 66, 94
2026/3/13, 18:00:00, 79.11, 80.21, 79.05, 79.24, 191, 164, 74, 117
2026/3/13, 19:00:00, 79.28, 79.64, 79.21, 79.61, 23, 23, 8, 15
2026/3/13, 20:00:00, 79.65, 79.89, 79.63, 79.89, 15, 13, 6, 9
2026/3/15, 22:00:00, 80.69, 81.19, 80.34, 80.35, 50, 35, 19, 31
2026/3/15, 23:00:00, 80.45, 80.68, 79.92, 79.92, 10, 10, 5, 5
2026/3/16, 00:00:00, 79.80, 79.82, 79.50, 79.59, 9, 9, 7, 2
2026/3/16, 01:00:00, 79.50, 79.68, 79.50, 79.68, 2, 2, 1, 1
2026/3/16, 02:00:00, 80.00, 80.27, 80.00, 80.26, 6, 6, 1, 5
2026/3/16, 03:00:00, 80.44, 80.44, 80.28, 80.28, 2, 2, 0, 2
2026/3/16, 04:00:00, 80.33, 80.38, 80.33, 80.38, 3, 3, 1, 2
2026/3/16, 05:00:00, 80.18, 80.26, 80.18, 80.26, 2, 2, 1, 1
2026/3/16, 06:00:00, 79.98, 80.14, 79.98, 80.14, 2, 2, 1, 1
2026/3/16, 07:00:00, 79.99, 80.78, 79.94, 80.68, 28, 26, 7, 21
2026/3/16, 08:00:00, 80.46, 80.82, 80.44, 80.44, 21, 21, 9, 12
2026/3/16, 09:00:00, 80.48, 80.48, 80.33, 80.33, 6, 6, 2, 4
2026/3/16, 10:00:00, 79.79, 79.80, 79.03, 79.12, 15, 15, 9, 6
2026/3/16, 11:00:00, 79.19, 79.56, 79.12, 79.46, 23, 23, 15, 8
2026/3/16, 12:00:00, 79.51, 79.78, 78.53, 78.79, 75, 73, 45, 30
2026/3/16, 13:00:00, 78.74, 79.09, 77.50, 77.50, 176, 151, 131, 45
2026/3/16, 14:00:00, 77.80, 79.17, 77.55, 79.07, 101, 87, 61, 40
2026/3/16, 15:00:00, 79.01, 79.28, 78.67, 78.90, 144, 126, 110, 34
2026/3/16, 16:00:00, 78.92, 79.52, 78.72, 79.15, 46, 42, 28, 18
2026/3/16, 17:00:00, 78.98, 79.13, 78.00, 78.13, 39, 38, 24, 15
2026/3/16, 18:00:00, 78.09, 78.11, 77.45, 77.79, 83, 77, 56, 27
2026/3/16, 19:00:00, 77.87, 78.27, 77.77, 77.77, 36, 32, 24, 12
2026/3/16, 20:00:00, 78.10, 78.14, 77.66, 78.14, 21, 17, 11, 10
2026/3/16, 22:00:00, 79.00, 79.00, 79.00, 79.00, 1, 1, 0, 1
2026/3/16, 23:00:00, 79.16, 79.16, 78.75, 78.75, 2, 2, 0, 2
2026/3/17, 00:00:00, 78.99, 79.11, 78.89, 79.11, 3, 3, 3, 0
2026/3/17, 02:00:00, 79.17, 79.17, 79.17, 79.17, 1, 1, 1, 0
2026/3/17, 04:00:00, 79.43, 79.43, 79.14, 79.14, 6, 5, 5, 1
2026/3/17, 05:00:00, 79.39, 79.94, 79.39, 79.94, 2, 2, 2, 0
2026/3/17, 07:00:00, 80.09, 80.14, 79.76, 80.02, 11, 11, 3, 8
2026/3/17, 08:00:00, 79.94, 80.54, 79.94, 80.54, 19, 17, 10, 9
2026/3/17, 09:00:00, 80.15, 80.27, 79.99, 80.03, 12, 10, 8, 4
2026/3/17, 10:00:00, 80.10, 80.52, 80.10, 80.45, 13, 13, 8, 5
2026/3/17, 11:00:00, 80.48, 80.63, 80.44, 80.63, 13, 12, 7, 6
2026/3/17, 12:00:00, 80.64, 80.64, 79.60, 79.60, 35, 32, 15, 20
2026/3/17, 13:00:00, 79.59, 79.70, 78.68, 79.25, 75, 62, 39, 36
2026/3/17, 14:00:00, 79.49, 79.65, 78.69, 78.83, 167, 151, 44, 123
2026/3/17, 15:00:00, 78.86, 79.79, 78.83, 79.59, 93, 75, 25, 68
2026/3/17, 16:00:00, 79.61, 79.68, 78.68, 78.98, 51, 46, 23, 28
2026/3/17, 17:00:00, 79.09, 79.33, 78.94, 79.33, 22, 21, 12, 10
2026/3/17, 18:00:00, 79.42, 79.66, 79.14, 79.66, 36, 35, 16, 20
2026/3/17, 19:00:00, 79.73, 79.83, 79.67, 79.78, 42, 34, 16, 26
2026/3/17, 20:00:00, 79.79, 80.00, 79.76, 79.86, 30, 26, 13, 17
2026/3/17, 22:00:00, 79.63, 79.75, 79.33, 79.63, 9, 8, 4, 5
2026/3/18, 00:00:00, 79.79, 79.85, 79.27, 79.29, 7, 7, 3, 4
2026/3/18, 01:00:00, 79.09, 79.37, 79.03, 79.37, 26, 19, 9, 17
2026/3/18, 02:00:00, 79.29, 79.31, 78.63, 78.87, 14, 13, 10, 4
2026/3/18, 03:00:00, 78.97, 78.97, 78.11, 78.11, 20, 20, 12, 8
2026/3/18, 04:00:00, 78.12, 78.19, 77.85, 78.18, 61, 31, 57, 4
2026/3/18, 05:00:00, 78.40, 78.40, 77.95, 77.98, 11, 11, 6, 5
2026/3/18, 06:00:00, 77.62, 77.95, 77.62, 77.95, 58, 27, 55, 3
2026/3/18, 07:00:00, 77.99, 78.42, 77.99, 78.35, 12, 12, 6, 6
2026/3/18, 08:00:00, 78.49, 78.93, 78.45, 78.73, 27, 23, 14, 13
2026/3/18, 09:00:00, 78.75, 78.96, 78.75, 78.93, 11, 11, 1, 10
2026/3/18, 10:00:00, 78.94, 78.95, 78.82, 78.95, 62, 27, 53, 9
2026/3/18, 11:00:00, 78.86, 79.84, 78.80, 79.23, 57, 50, 26, 31
2026/3/18, 12:00:00, 79.05, 81.01, 79.05, 80.87, 304, 216, 175, 129
2026/3/18, 13:00:00, 80.92, 81.45, 80.71, 81.24, 223, 150, 85, 138
2026/3/18, 14:00:00, 81.18, 81.41, 80.79, 81.00, 120, 105, 54, 66
2026/3/18, 15:00:00, 81.07, 81.39, 80.73, 81.12, 155, 110, 77, 78
2026/3/18, 16:00:00, 81.09, 81.29, 81.00, 81.08, 76, 65, 40, 36
2026/3/18, 17:00:00, 81.18, 81.53, 80.40, 80.55, 149, 121, 72, 77
2026/3/18, 18:00:00, 80.28, 81.27, 80.02, 80.95, 252, 196, 116, 136
2026/3/18, 19:00:00, 81.11, 81.95, 80.84, 81.68, 96, 78, 45, 51
2026/3/18, 20:00:00, 81.62, 82.78, 81.61, 82.53, 140, 100, 46, 94
2026/3/18, 22:00:00, 82.31, 82.66, 82.23, 82.47, 43, 41, 4, 39
2026/3/18, 23:00:00, 82.43, 82.43, 82.23, 82.23, 2, 2, 1, 1
2026/3/19, 00:00:00, 82.51, 82.51, 82.18, 82.26, 7, 7, 4, 3
2026/3/19, 01:00:00, 82.13, 82.19, 81.75, 82.09, 13, 13, 9, 4
2026/3/19, 02:00:00, 81.91, 81.91, 80.97, 81.38, 27, 27, 17, 10
2026/3/19, 03:00:00, 81.50, 81.52, 81.05, 81.39, 12, 12, 5, 7
2026/3/19, 04:00:00, 81.31, 81.31, 81.31, 81.31, 1, 1, 1, 0
