Date, Time, Open, High, Low, Last, Volume, NumberOfTrades, BidVolume, AskVolume
2025/9/21, 22:00:00, 62.30, 62.52, 62.30, 62.50, 1123, 897, 530, 593
2025/9/21, 23:00:00, 62.50, 62.54, 62.48, 62.54, 328, 280, 151, 177
2025/9/22, 00:00:00, 62.53, 62.61, 62.50, 62.60, 821, 708, 330, 491
2025/9/22, 01:00:00, 62.59, 62.79, 62.56, 62.70, 1750, 1443, 807, 943
2025/9/22, 02:00:00, 62.71, 62.81, 62.71, 62.72, 1284, 1051, 535, 749
2025/9/22, 03:00:00, 62.71, 62.84, 62.71, 62.80, 659, 581, 265, 394
2025/9/22, 04:00:00, 62.79, 62.80, 62.74, 62.79, 469, 411, 237, 232
2025/9/22, 05:00:00, 62.80, 62.93, 62.77, 62.79, 1375, 1188, 529, 846
2025/9/22, 06:00:00, 62.80, 63.00, 62.73, 62.86, 3428, 2724, 1575, 1853
2025/9/22, 07:00:00, 62.86, 62.99, 62.69, 62.78, 5573, 4339, 2936, 2637
2025/9/22, 08:00:00, 62.78, 62.81, 62.45, 62.48, 6915, 5697, 3672, 3243
2025/9/22, 09:00:00, 62.48, 62.53, 62.23, 62.27, 7466, 5880, 3647, 3819
2025/9/22, 10:00:00, 62.27, 62.27, 61.91, 61.95, 8808, 6888, 4713, 4095
2025/9/22, 11:00:00, 61.95, 62.08, 61.85, 61.88, 7240, 5561, 3217, 4023
2025/9/22, 12:00:00, 61.87, 62.04, 61.70, 61.78, 11121, 8450, 5182, 5939
2025/9/22, 13:00:00, 61.78, 61.98, 61.61, 61.93, 18361, 14100, 8005, 10356
2025/9/22, 14:00:00, 61.92, 62.19, 61.86, 62.17, 13363, 10171, 5735, 7628
2025/9/22, 15:00:00, 62.18, 62.25, 62.03, 62.18, 12479, 9992, 5790, 6689
2025/9/22, 16:00:00, 62.18, 62.24, 62.08, 62.15, 6585, 5048, 3331, 3254
2025/9/22, 17:00:00, 62.15, 62.43, 62.15, 62.31, 10570, 7867, 5318, 5252
2025/9/22, 18:00:00, 62.31, 62.36, 62.08, 62.31, 17465, 11155, 8121, 9344
2025/9/22, 19:00:00, 62.30, 62.35, 62.28, 62.28, 2465, 1834, 1220, 1245
2025/9/22, 20:00:00, 62.29, 62.38, 62.28, 62.34, 1555, 1180, 798, 757
2025/9/22, 22:00:00, 62.33, 62.36, 62.27, 62.27, 462, 323, 238, 224
2025/9/22, 23:00:00, 62.27, 62.35, 62.22, 62.35, 483, 382, 247, 236
2025/9/23, 00:00:00, 62.34, 62.40, 62.26, 62.27, 980, 852, 469, 511
2025/9/23, 01:00:00, 62.26, 62.26, 62.04, 62.04, 1799, 1490, 890, 909
2025/9/23, 02:00:00, 62.04, 62.06, 61.92, 61.97, 1462, 1242, 850, 612
2025/9/23, 03:00:00, 61.97, 61.97, 61.89, 61.91, 805, 733, 422, 383
2025/9/23, 04:00:00, 61.90, 62.00, 61.89, 61.94, 831, 741, 397, 434
2025/9/23, 05:00:00, 61.94, 62.06, 61.85, 61.91, 1219, 1111, 623, 596
2025/9/23, 06:00:00, 61.90, 62.13, 61.87, 61.99, 2826, 2315, 1377, 1449
2025/9/23, 07:00:00, 61.98, 62.24, 61.86, 62.24, 3688, 3017, 1751, 1937
2025/9/23, 08:00:00, 62.24, 62.35, 61.94, 62.20, 6428, 5385, 3327, 3101
2025/9/23, 09:00:00, 62.20, 62.70, 62.15, 62.66, 8144, 6553, 3891, 4253
2025/9/23, 10:00:00, 62.66, 63.04, 62.63, 62.97, 9782, 7619, 4585, 5197
2025/9/23, 11:00:00, 62.96, 63.06, 62.85, 63.02, 6643, 5231, 3393, 3250
2025/9/23, 12:00:00, 63.02, 63.19, 62.94, 63.09, 10683, 8176, 5588, 5095
2025/9/23, 13:00:00, 63.09, 63.35, 62.97, 63.33, 17394, 13364, 8335, 9059
2025/9/23, 14:00:00, 63.32, 63.66, 63.30, 63.57, 28430, 20386, 14851, 13579
2025/9/23, 15:00:00, 63.57, 63.89, 63.54, 63.59, 21469, 16036, 11716, 9753
2025/9/23, 16:00:00, 63.60, 63.67, 63.32, 63.35, 12820, 10046, 7690, 5130
2025/9/23, 17:00:00, 63.36, 63.50, 63.19, 63.29, 12247, 9554, 6481, 5766
2025/9/23, 18:00:00, 63.29, 63.57, 63.24, 63.55, 15433, 10741, 7382, 8051
2025/9/23, 19:00:00, 63.55, 63.81, 63.55, 63.68, 7160, 5239, 3339, 3821
2025/9/23, 20:00:00, 63.69, 63.71, 63.59, 63.65, 2302, 1715, 1136, 1166
2025/9/23, 22:00:00, 63.64, 63.84, 63.61, 63.81, 1069, 745, 498, 571
2025/9/23, 23:00:00, 63.81, 63.82, 63.72, 63.72, 226, 207, 161, 65
2025/9/24, 00:00:00, 63.73, 63.75, 63.64, 63.72, 1602, 1362, 876, 726
2025/9/24, 01:00:00, 63.73, 63.74, 63.60, 63.63, 1432, 1209, 737, 695
2025/9/24, 02:00:00, 63.63, 63.63, 63.54, 63.58, 902, 805, 507, 395
2025/9/24, 03:00:00, 63.57, 63.63, 63.57, 63.63, 552, 520, 281, 271
2025/9/24, 04:00:00, 63.63, 63.63, 63.53, 63.53, 462, 400, 255, 207
2025/9/24, 05:00:00, 63.52, 63.65, 63.44, 63.51, 1679, 1383, 908, 771
2025/9/24, 06:00:00, 63.52, 63.59, 63.42, 63.54, 1602, 1435, 872, 730
2025/9/24, 07:00:00, 63.54, 63.86, 63.45, 63.78, 5535, 4352, 2675, 2860
2025/9/24, 08:00:00, 63.78, 63.82, 63.25, 63.42, 7547, 6213, 4364, 3183
2025/9/24, 09:00:00, 63.41, 63.80, 63.37, 63.78, 5275, 4312, 2278, 2997
2025/9/24, 10:00:00, 63.77, 64.19, 63.77, 64.05, 10631, 8002, 5073, 5558
2025/9/24, 11:00:00, 64.05, 64.18, 63.99, 64.17, 5368, 4494, 2581, 2787
2025/9/24, 12:00:00, 64.16, 64.45, 64.14, 64.24, 13601, 10344, 7178, 6423
2025/9/24, 13:00:00, 64.23, 64.45, 64.16, 64.38, 14858, 11868, 8197, 6661
2025/9/24, 14:00:00, 64.38, 64.60, 64.09, 64.55, 18848, 14557, 10438, 8410
2025/9/24, 15:00:00, 64.56, 64.85, 64.55, 64.73, 19872, 15314, 10703, 9169
2025/9/24, 16:00:00, 64.73, 64.84, 64.60, 64.81, 9948, 8039, 5544, 4404
2025/9/24, 17:00:00, 64.81, 65.05, 64.80, 64.91, 13254, 9561, 7696, 5558
2025/9/24, 18:00:00, 64.92, 65.05, 64.81, 64.86, 17038, 12518, 8662, 8376
2025/9/24, 19:00:00, 64.86, 64.88, 64.79, 64.80, 4231, 3203, 2370, 1861
2025/9/24, 20:00:00, 64.80, 64.84, 64.79, 64.81, 1994, 1453, 1086, 908
2025/9/24, 22:00:00, 64.80, 64.80, 64.70, 64.75, 912, 639, 533, 379
2025/9/24, 23:00:00, 64.76, 64.76, 64.70, 64.73, 339, 268, 192, 147
2025/9/25, 00:00:00, 64.72, 64.93, 64.68, 64.89, 2610, 2082, 1232, 1378
2025/9/25, 01:00:00, 64.90, 64.92, 64.66, 64.72, 2425, 2104, 1509, 916
2025/9/25, 02:00:00, 64.71, 64.80, 64.65, 64.77, 1443, 1182, 885, 558
2025/9/25, 03:00:00, 64.77, 64.78, 64.65, 64.73, 1308, 1125, 751, 557
2025/9/25, 04:00:00, 64.72, 64.74, 64.67, 64.69, 523, 467, 287, 236
2025/9/25, 05:00:00, 64.68, 64.77, 64.61, 64.76, 1606, 1259, 875, 731
2025/9/25, 06:00:00, 64.76, 64.90, 64.69, 64.83, 2491, 2156, 1178, 1313
2025/9/25, 07:00:00, 64.83, 64.85, 64.46, 64.69, 6804, 5702, 3633, 3171
2025/9/25, 08:00:00, 64.69, 64.73, 64.26, 64.31, 7600, 6419, 3927, 3673
2025/9/25, 09:00:00, 64.31, 64.67, 64.28, 64.59, 4409, 3830, 1979, 2430
2025/9/25, 10:00:00, 64.59, 64.84, 64.45, 64.79, 6353, 5051, 2909, 3444
2025/9/25, 11:00:00, 64.78, 64.84, 64.56, 64.68, 6779, 6075, 3198, 3581
2025/9/25, 12:00:00, 64.67, 64.73, 64.44, 64.56, 8732, 7504, 4480, 4252
2025/9/25, 13:00:00, 64.57, 64.58, 64.12, 64.23, 16190, 13633, 8641, 7549
2025/9/25, 14:00:00, 64.23, 64.33, 64.06, 64.20, 13248, 10945, 6252, 6996
2025/9/25, 15:00:00, 64.21, 64.97, 64.18, 64.85, 17701, 14203, 8518, 9183
2025/9/25, 16:00:00, 64.86, 64.87, 64.63, 64.69, 8438, 6816, 4370, 4068
2025/9/25, 17:00:00, 64.69, 65.03, 64.61, 64.82, 16177, 12273, 8494, 7683
2025/9/25, 18:00:00, 64.83, 65.26, 64.75, 65.22, 15436, 11272, 7454, 7982
2025/9/25, 19:00:00, 65.23, 65.34, 65.12, 65.32, 5791, 4279, 3140, 2651
2025/9/25, 20:00:00, 65.31, 65.33, 65.17, 65.22, 2599, 2042, 1438, 1161
2025/9/25, 22:00:00, 65.20, 65.36, 65.19, 65.32, 1059, 622, 537, 522
2025/9/25, 23:00:00, 65.32, 65.33, 65.23, 65.26, 901, 556, 527, 374
2025/9/26, 00:00:00, 65.27, 65.30, 65.20, 65.25, 1528, 1255, 851, 677
2025/9/26, 01:00:00, 65.25, 65.39, 65.15, 65.32, 2041, 1634, 1183, 858
2025/9/26, 02:00:00, 65.32, 65.34, 65.22, 65.23, 941, 821, 588, 353
2025/9/26, 03:00:00, 65.24, 65.26, 65.15, 65.19, 1068, 917, 568, 500
2025/9/26, 04:00:00, 65.19, 65.25, 65.15, 65.17, 636, 560, 361, 275
2025/9/26, 05:00:00, 65.17, 65.28, 65.16, 65.22, 978, 806, 594, 384
2025/9/26, 06:00:00, 65.22, 65.40, 65.14, 65.17, 2535, 2244, 1396, 1139
2025/9/26, 07:00:00, 65.17, 65.31, 65.04, 65.11, 5730, 4974, 3148, 2582
2025/9/26, 08:00:00, 65.11, 65.18, 64.99, 65.15, 4927, 4283, 2582, 2345
2025/9/26, 09:00:00, 65.14, 65.18, 64.73, 64.74, 6466, 5190, 3612, 2854
2025/9/26, 10:00:00, 64.73, 64.94, 64.66, 64.85, 6769, 5077, 2804, 3965
2025/9/26, 11:00:00, 64.85, 65.12, 64.82, 64.84, 5335, 4403, 2583, 2752
2025/9/26, 12:00:00, 64.85, 65.35, 64.78, 65.21, 8473, 6754, 4101, 4372
2025/9/26, 13:00:00, 65.22, 65.57, 65.21, 65.53, 15919, 12505, 7959, 7960
2025/9/26, 14:00:00, 65.54, 66.38, 65.52, 66.33, 31297, 23395, 15295, 16002
2025/9/26, 15:00:00, 66.34, 66.42, 66.12, 66.17, 19754, 15071, 10883, 8871
2025/9/26, 16:00:00, 66.17, 66.22, 65.78, 65.86, 16910, 12490, 9239, 7671
2025/9/26, 17:00:00, 65.85, 65.93, 65.39, 65.63, 17186, 13062, 8620, 8566
2025/9/26, 18:00:00, 65.63, 65.80, 65.44, 65.53, 19543, 14244, 9932, 9611
2025/9/26, 19:00:00, 65.53, 65.55, 65.24, 65.28, 5031, 4197, 2722, 2309
2025/9/26, 20:00:00, 65.29, 65.38, 65.11, 65.19, 2770, 2046, 1578, 1192
2025/9/28, 22:00:00, 65.07, 65.14, 64.87, 65.11, 2396, 1922, 1089, 1307
2025/9/28, 23:00:00, 65.11, 65.18, 64.99, 65.14, 1058, 836, 445, 613
2025/9/29, 00:00:00, 65.13, 65.15, 65.02, 65.14, 1230, 1082, 535, 695
2025/9/29, 01:00:00, 65.14, 65.27, 65.05, 65.10, 1866, 1653, 869, 997
2025/9/29, 02:00:00, 65.10, 65.33, 65.03, 65.28, 1702, 1524, 801, 901
2025/9/29, 03:00:00, 65.28, 65.33, 65.19, 65.24, 1113, 832, 678, 435
2025/9/29, 04:00:00, 65.24, 65.37, 65.21, 65.33, 804, 731, 386, 418
2025/9/29, 05:00:00, 65.33, 65.36, 65.25, 65.31, 1104, 983, 573, 531
2025/9/29, 06:00:00, 65.29, 65.40, 65.09, 65.31, 2402, 2122, 1172, 1230
2025/9/29, 07:00:00, 65.30, 65.30, 64.88, 64.98, 5733, 4860, 3038, 2695
2025/9/29, 08:00:00, 64.97, 65.03, 64.72, 65.00, 7263, 6098, 3359, 3904
2025/9/29, 09:00:00, 64.99, 64.99, 64.55, 64.60, 5867, 5128, 2978, 2889
2025/9/29, 10:00:00, 64.60, 64.69, 64.43, 64.46, 5528, 4560, 2926, 2602
2025/9/29, 11:00:00, 64.47, 64.56, 64.34, 64.45, 5051, 4538, 2422, 2629
2025/9/29, 12:00:00, 64.45, 64.59, 64.17, 64.51, 10659, 8878, 4740, 5919
2025/9/29, 13:00:00, 64.51, 64.51, 63.61, 63.67, 27151, 21848, 13244, 13907
2025/9/29, 14:00:00, 63.67, 63.85, 63.55, 63.58, 20953, 16219, 9410, 11543
2025/9/29, 15:00:00, 63.58, 63.64, 63.12, 63.28, 24190, 18292, 11698, 12492
2025/9/29, 16:00:00, 63.29, 63.43, 63.24, 63.32, 11626, 9476, 4860, 6766
2025/9/29, 17:00:00, 63.32, 63.32, 63.01, 63.06, 12345, 10026, 5667, 6678
2025/9/29, 18:00:00, 63.05, 63.50, 62.98, 63.22, 18396, 13094, 8156, 10240
2025/9/29, 19:00:00, 63.23, 63.26, 63.11, 63.22, 4984, 4052, 2553, 2431
2025/9/29, 20:00:00, 63.22, 63.25, 63.11, 63.18, 2821, 2228, 1587, 1234
2025/9/29, 22:00:00, 63.14, 63.20, 63.08, 63.12, 585, 437, 270, 315
2025/9/29, 23:00:00, 63.12, 63.16, 63.09, 63.10, 306, 195, 154, 152
2025/9/30, 00:00:00, 63.09, 63.10, 63.02, 63.07, 1669, 1368, 807, 862
2025/9/30, 01:00:00, 63.06, 63.21, 63.02, 63.19, 2130, 1942, 947, 1183
2025/9/30, 02:00:00, 63.18, 63.18, 63.04, 63.07, 1279, 1124, 710, 569
2025/9/30, 03:00:00, 63.07, 63.10, 62.91, 63.10, 2314, 1928, 1242, 1072
2025/9/30, 04:00:00, 63.11, 63.15, 63.04, 63.08, 963, 803, 478, 485
2025/9/30, 05:00:00, 63.08, 63.23, 63.03, 63.20, 1632, 1459, 757, 875
2025/9/30, 06:00:00, 63.18, 63.26, 63.07, 63.18, 2484, 2198, 1259, 1225
2025/9/30, 07:00:00, 63.17, 63.19, 62.65, 62.76, 7525, 6341, 3810, 3715
2025/9/30, 08:00:00, 62.75, 62.99, 62.45, 62.96, 9449, 8078, 4568, 4881
2025/9/30, 09:00:00, 62.95, 63.02, 62.66, 62.68, 5444, 4831, 2806, 2638
2025/9/30, 10:00:00, 62.67, 63.14, 62.63, 62.94, 6636, 5601, 3077, 3559
2025/9/30, 11:00:00, 62.94, 63.04, 62.23, 62.30, 10994, 8236, 6054, 4940
2025/9/30, 12:00:00, 62.30, 62.48, 62.03, 62.35, 25766, 21042, 11897, 13869
2025/9/30, 13:00:00, 62.35, 62.79, 62.31, 62.70, 20657, 17094, 10022, 10635
2025/9/30, 14:00:00, 62.70, 62.75, 62.22, 62.24, 15125, 12672, 7014, 8111
2025/9/30, 15:00:00, 62.23, 63.02, 62.21, 62.75, 31003, 23593, 15158, 15845
2025/9/30, 16:00:00, 62.75, 62.97, 62.69, 62.71, 11249, 9625, 5546, 5703
2025/9/30, 17:00:00, 62.71, 62.76, 62.39, 62.42, 10925, 8442, 5683, 5242
2025/9/30, 18:00:00, 62.42, 62.58, 62.33, 62.57, 14811, 10506, 7176, 7635
2025/9/30, 19:00:00, 62.58, 62.62, 62.49, 62.53, 3459, 2655, 1820, 1639
2025/9/30, 20:00:00, 62.53, 62.57, 62.39, 62.43, 2578, 1981, 1611, 967
2025/9/30, 22:00:00, 62.46, 62.57, 62.42, 62.49, 707, 535, 325, 382
2025/9/30, 23:00:00, 62.49, 62.52, 62.46, 62.50, 436, 235, 236, 200
2025/10/1, 00:00:00, 62.51, 62.58, 62.20, 62.22, 1994, 1730, 1091, 903
2025/10/1, 01:00:00, 62.21, 62.53, 62.21, 62.48, 2355, 2015, 1195, 1160
2025/10/1, 02:00:00, 62.48, 62.57, 62.42, 62.46, 1174, 1065, 554, 620
2025/10/1, 03:00:00, 62.45, 62.54, 62.40, 62.52, 862, 730, 437, 425
2025/10/1, 04:00:00, 62.51, 62.62, 62.50, 62.61, 798, 715, 285, 513
2025/10/1, 05:00:00, 62.61, 62.66, 62.44, 62.44, 1253, 1088, 627, 626
2025/10/1, 06:00:00, 62.43, 62.65, 62.42, 62.58, 2666, 2363, 1298, 1368
2025/10/1, 07:00:00, 62.59, 62.84, 62.55, 62.77, 5027, 4268, 2303, 2724
2025/10/1, 08:00:00, 62.76, 62.89, 62.02, 62.19, 11799, 10087, 6109, 5690
2025/10/1, 09:00:00, 62.19, 62.26, 61.62, 61.85, 11902, 9916, 5939, 5963
2025/10/1, 10:00:00, 61.86, 62.40, 61.85, 62.21, 7956, 6688, 3657, 4299
2025/10/1, 11:00:00, 62.21, 62.23, 61.99, 62.11, 5622, 4519, 2515, 3107
2025/10/1, 12:00:00, 62.12, 62.16, 61.76, 61.88, 10416, 8614, 5221, 5195
2025/10/1, 13:00:00, 61.89, 62.14, 61.40, 61.57, 26117, 21251, 12049, 14068
2025/10/1, 14:00:00, 61.57, 62.01, 61.46, 61.85, 24295, 19770, 10393, 13902
2025/10/1, 15:00:00, 61.86, 62.07, 61.44, 61.80, 22602, 18724, 10823, 11779
2025/10/1, 16:00:00, 61.80, 62.30, 61.76, 61.82, 14967, 12593, 6945, 8022
2025/10/1, 17:00:00, 61.81, 61.98, 61.69, 61.78, 8680, 7434, 4091, 4589
2025/10/1, 18:00:00, 61.79, 61.98, 61.70, 61.94, 12920, 9465, 5813, 7107
2025/10/1, 19:00:00, 61.95, 62.10, 61.93, 61.97, 3297, 2702, 1459, 1838
2025/10/1, 20:00:00, 61.98, 62.01, 61.73, 61.80, 2727, 2193, 1507, 1220
2025/10/1, 22:00:00, 61.78, 61.82, 61.57, 61.58, 994, 798, 517, 477
2025/10/1, 23:00:00, 61.60, 61.95, 61.60, 61.83, 1784, 1257, 862, 922
2025/10/2, 00:00:00, 61.84, 62.54, 61.81, 61.95, 5101, 4281, 2085, 3016
2025/10/2, 01:00:00, 61.95, 62.13, 61.89, 62.09, 1824, 1650, 881, 943
2025/10/2, 02:00:00, 62.10, 62.28, 62.07, 62.19, 1645, 1461, 726, 919
2025/10/2, 03:00:00, 62.18, 62.20, 62.01, 62.13, 721, 646, 321, 400
2025/10/2, 04:00:00, 62.13, 62.15, 62.04, 62.05, 562, 496, 286, 276
2025/10/2, 05:00:00, 62.05, 62.25, 62.05, 62.07, 1107, 975, 499, 608
2025/10/2, 06:00:00, 62.07, 62.09, 61.80, 61.88, 2753, 2478, 1434, 1319
2025/10/2, 07:00:00, 61.88, 62.03, 61.69, 61.91, 4345, 3891, 2146, 2199
2025/10/2, 08:00:00, 61.90, 62.07, 61.72, 61.86, 6688, 6000, 3250, 3438
2025/10/2, 09:00:00, 61.86, 61.89, 61.22, 61.39, 12380, 9766, 6781, 5599
2025/10/2, 10:00:00, 61.39, 61.73, 61.33, 61.51, 6510, 5385, 2932, 3578
2025/10/2, 11:00:00, 61.52, 61.60, 61.31, 61.50, 5444, 4573, 2619, 2825
2025/10/2, 12:00:00, 61.50, 61.55, 61.35, 61.44, 8934, 7229, 4634, 4300
2025/10/2, 13:00:00, 61.44, 61.66, 61.06, 61.51, 24105, 19877, 11161, 12944
2025/10/2, 14:00:00, 61.50, 61.84, 60.96, 61.02, 25802, 20836, 12815, 12987
2025/10/2, 15:00:00, 61.02, 61.11, 60.66, 60.82, 21849, 16650, 10543, 11306
2025/10/2, 16:00:00, 60.82, 60.88, 60.42, 60.61, 17462, 13304, 8387, 9075
2025/10/2, 17:00:00, 60.61, 60.67, 60.42, 60.42, 10368, 8123, 4795, 5573
2025/10/2, 18:00:00, 60.43, 60.60, 60.40, 60.53, 19282, 12409, 9852, 9430
2025/10/2, 19:00:00, 60.54, 60.65, 60.53, 60.63, 2977, 2179, 1511, 1466
2025/10/2, 20:00:00, 60.63, 60.78, 60.59, 60.68, 2814, 2167, 1521, 1293
2025/10/2, 22:00:00, 60.70, 60.77, 60.66, 60.67, 604, 514, 287, 317
2025/10/2, 23:00:00, 60.68, 60.74, 60.63, 60.71, 340, 261, 156, 184
2025/10/3, 00:00:00, 60.72, 60.73, 60.60, 60.64, 1546, 1363, 771, 775
2025/10/3, 01:00:00, 60.63, 60.81, 60.63, 60.73, 1566, 1374, 747, 819
2025/10/3, 02:00:00, 60.72, 60.74, 60.66, 60.71, 754, 670, 309, 445
2025/10/3, 03:00:00, 60.70, 60.88, 60.70, 60.81, 1592, 1398, 686, 906
2025/10/3, 04:00:00, 60.80, 60.89, 60.79, 60.87, 698, 659, 326, 372
2025/10/3, 05:00:00, 60.87, 61.01, 60.85, 61.00, 2081, 1689, 891, 1190
2025/10/3, 06:00:00, 60.99, 61.21, 60.96, 61.12, 4091, 3453, 1943, 2148
2025/10/3, 07:00:00, 61.11, 61.27, 60.94, 60.96, 5418, 4738, 2790, 2628
2025/10/3, 08:00:00, 60.97, 61.38, 60.90, 61.37, 7578, 6662, 3930, 3648
2025/10/3, 09:00:00, 61.37, 61.38, 60.74, 60.83, 6487, 5795, 3731, 2756
2025/10/3, 10:00:00, 60.83, 60.97, 60.70, 60.74, 6224, 4868, 2901, 3323
2025/10/3, 11:00:00, 60.74, 60.96, 60.63, 60.70, 4713, 4111, 2290, 2423
2025/10/3, 12:00:00, 60.69, 60.88, 60.55, 60.86, 7940, 6432, 3769, 4171
2025/10/3, 13:00:00, 60.87, 61.02, 60.67, 60.90, 16565, 13595, 7934, 8631
2025/10/3, 14:00:00, 60.90, 61.27, 60.75, 61.03, 18117, 14827, 8679, 9438
2025/10/3, 15:00:00, 61.03, 61.28, 60.89, 61.05, 15555, 12998, 7841, 7714
2025/10/3, 16:00:00, 61.05, 61.21, 61.00, 61.15, 8250, 6993, 4145, 4105
2025/10/3, 17:00:00, 61.15, 61.20, 61.02, 61.15, 8507, 7010, 4183, 4324
2025/10/3, 18:00:00, 61.15, 61.18, 60.69, 60.79, 17156, 11220, 8454, 8702
2025/10/3, 19:00:00, 60.79, 60.88, 60.72, 60.74, 4532, 3352, 2254, 2278
2025/10/3, 20:00:00, 60.74, 60.85, 60.62, 60.69, 3119, 2566, 1493, 1626
2025/10/5, 22:00:00, 61.14, 61.85, 61.09, 61.42, 5211, 4052, 2577, 2634
2025/10/5, 23:00:00, 61.43, 61.62, 61.40, 61.59, 2090, 1604, 1202, 888
2025/10/6, 00:00:00, 61.61, 61.84, 61.52, 61.78, 2870, 2527, 1417, 1453
2025/10/6, 01:00:00, 61.78, 61.80, 61.67, 61.79, 1298, 1107, 736, 562
2025/10/6, 02:00:00, 61.79, 61.81, 61.74, 61.76, 1217, 1082, 671, 546
2025/10/6, 03:00:00, 61.76, 61.82, 61.74, 61.81, 995, 897, 507, 488
2025/10/6, 04:00:00, 61.81, 61.92, 61.78, 61.86, 1427, 1196, 641, 786
2025/10/6, 05:00:00, 61.86, 61.87, 61.56, 61.74, 1997, 1665, 1232, 765
2025/10/6, 06:00:00, 61.73, 61.74, 61.46, 61.72, 3983, 3422, 2254, 1729
2025/10/6, 07:00:00, 61.72, 62.04, 61.55, 61.60, 7784, 6552, 3798, 3986
2025/10/6, 08:00:00, 61.60, 61.98, 61.51, 61.91, 7162, 6097, 3715, 3447
2025/10/6, 09:00:00, 61.92, 62.07, 61.81, 62.01, 3948, 3432, 1985, 1963
2025/10/6, 10:00:00, 62.01, 62.12, 61.71, 61.71, 4082, 3593, 2168, 1914
2025/10/6, 11:00:00, 61.72, 61.76, 61.04, 61.26, 9431, 7790, 4878, 4553
2025/10/6, 12:00:00, 61.25, 61.64, 61.25, 61.38, 8877, 7123, 4426, 4451
2025/10/6, 13:00:00, 61.38, 61.92, 61.24, 61.90, 16278, 13710, 7189, 9089
2025/10/6, 14:00:00, 61.90, 61.91, 61.25, 61.30, 14515, 12521, 7694, 6821
2025/10/6, 15:00:00, 61.29, 61.84, 61.19, 61.75, 14076, 11813, 6756, 7320
2025/10/6, 16:00:00, 61.74, 61.99, 61.62, 61.65, 9210, 7554, 4738, 4472
2025/10/6, 17:00:00, 61.66, 61.81, 61.50, 61.74, 7511, 6015, 3803, 3708
2025/10/6, 18:00:00, 61.74, 61.86, 61.58, 61.69, 9632, 6801, 4493, 5139
2025/10/6, 19:00:00, 61.69, 61.80, 61.66, 61.75, 2188, 1749, 1055, 1133
2025/10/6, 20:00:00, 61.76, 61.84, 61.63, 61.72, 1898, 1618, 1077, 821
2025/10/6, 22:00:00, 61.73, 61.82, 61.68, 61.70, 628, 479, 349, 279
2025/10/6, 23:00:00, 61.69, 61.73, 61.66, 61.69, 251, 227, 153, 98
2025/10/7, 00:00:00, 61.69, 61.73, 61.65, 61.69, 544, 487, 273, 271
2025/10/7, 01:00:00, 61.70, 61.83, 61.69, 61.76, 841, 675, 335, 506
2025/10/7, 02:00:00, 61.76, 61.93, 61.75, 61.89, 897, 774, 344, 553
2025/10/7, 03:00:00, 61.90, 61.94, 61.86, 61.89, 595, 569, 334, 261
2025/10/7, 04:00:00, 61.89, 61.89, 61.69, 61.72, 786, 720, 430, 356
2025/10/7, 05:00:00, 61.73, 61.96, 61.69, 61.91, 1169, 1038, 476, 693
2025/10/7, 06:00:00, 61.91, 62.04, 61.79, 61.83, 2758, 2421, 1365, 1393
2025/10/7, 07:00:00, 61.84, 61.89, 61.50, 61.67, 5174, 4335, 2599, 2575
2025/10/7, 08:00:00, 61.67, 61.92, 61.48, 61.50, 5633, 4891, 2708, 2925
2025/10/7, 09:00:00, 61.50, 61.58, 61.27, 61.54, 6243, 5271, 2958, 3285
2025/10/7, 10:00:00, 61.54, 61.72, 61.47, 61.61, 3793, 3133, 1831, 1962
2025/10/7, 11:00:00, 61.61, 61.84, 61.58, 61.74, 4051, 3433, 1921, 2130
2025/10/7, 12:00:00, 61.75, 61.80, 61.32, 61.35, 7702, 6500, 4159, 3543
2025/10/7, 13:00:00, 61.35, 61.87, 60.72, 61.69, 32716, 26885, 16071, 16645
2025/10/7, 14:00:00, 61.69, 61.72, 61.20, 61.62, 15658, 13148, 7588, 8070
2025/10/7, 15:00:00, 61.63, 61.83, 61.42, 61.56, 10544, 8852, 5339, 5205
2025/10/7, 16:00:00, 61.56, 61.62, 61.37, 61.46, 7409, 6521, 3772, 3637
2025/10/7, 17:00:00, 61.47, 61.72, 61.40, 61.54, 5738, 4755, 2829, 2909
2025/10/7, 18:00:00, 61.55, 61.99, 61.53, 61.99, 12629, 8812, 6614, 6015
2025/10/7, 19:00:00, 61.98, 62.10, 61.94, 62.07, 3902, 3016, 1974, 1928
2025/10/7, 20:00:00, 62.07, 62.11, 62.00, 62.04, 2474, 1729, 1352, 1122
2025/10/7, 22:00:00, 62.05, 62.20, 62.05, 62.16, 1005, 693, 390, 615
2025/10/7, 23:00:00, 62.18, 62.18, 62.12, 62.14, 395, 304, 240, 155
2025/10/8, 00:00:00, 62.15, 62.22, 62.08, 62.18, 1676, 1304, 952, 724
2025/10/8, 01:00:00, 62.17, 62.26, 62.15, 62.22, 969, 838, 552, 417
2025/10/8, 02:00:00, 62.23, 62.34, 62.22, 62.29, 947, 816, 460, 487
2025/10/8, 03:00:00, 62.28, 62.36, 62.23, 62.24, 1598, 1462, 847, 751
2025/10/8, 04:00:00, 62.25, 62.28, 62.18, 62.23, 654, 595, 310, 344
2025/10/8, 05:00:00, 62.23, 62.30, 62.21, 62.27, 729, 598, 390, 339
2025/10/8, 06:00:00, 62.28, 62.44, 62.24, 62.39, 3315, 2673, 1470, 1845
2025/10/8, 07:00:00, 62.39, 62.45, 62.23, 62.34, 3816, 3336, 2071, 1745
2025/10/8, 08:00:00, 62.34, 62.38, 62.12, 62.27, 6495, 5572, 3432, 3063
2025/10/8, 09:00:00, 62.28, 62.65, 62.23, 62.52, 8208, 5791, 4356, 3852
2025/10/8, 10:00:00, 62.52, 62.60, 62.30, 62.44, 5126, 4023, 2772, 2354
2025/10/8, 11:00:00, 62.43, 62.72, 62.41, 62.68, 4040, 3289, 1899, 2141
2025/10/8, 12:00:00, 62.67, 62.81, 62.58, 62.62, 10212, 8269, 5117, 5095
2025/10/8, 13:00:00, 62.61, 62.68, 62.11, 62.23, 19399, 15427, 10151, 9248
2025/10/8, 14:00:00, 62.23, 62.57, 62.11, 62.55, 15464, 12908, 8003, 7461
2025/10/8, 15:00:00, 62.56, 62.91, 62.55, 62.84, 19690, 14723, 9522, 10168
2025/10/8, 16:00:00, 62.84, 62.92, 62.44, 62.63, 11888, 9028, 6659, 5229
2025/10/8, 17:00:00, 62.62, 62.80, 62.59, 62.72, 6912, 5266, 3551, 3361
2025/10/8, 18:00:00, 62.72, 62.75, 62.37, 62.40, 16117, 10875, 8231, 7886
2025/10/8, 19:00:00, 62.39, 62.45, 62.37, 62.39, 2779, 2208, 1267, 1512
2025/10/8, 20:00:00, 62.39, 62.44, 62.27, 62.30, 2153, 1365, 1207, 946
2025/10/8, 22:00:00, 62.31, 62.35, 62.03, 62.19, 1824, 1171, 1043, 781
2025/10/8, 23:00:00, 62.19, 62.19, 61.92, 62.05, 2390, 1530, 1257, 1133
2025/10/9, 00:00:00, 62.06, 62.10, 61.86, 61.95, 1777, 1581, 951, 826
2025/10/9, 01:00:00, 61.95, 62.17, 61.78, 62.10, 3435, 3087, 1582, 1853
2025/10/9, 02:00:00, 62.10, 62.16, 61.97, 62.05, 1296, 1162, 587, 709
2025/10/9, 03:00:00, 62.05, 62.18, 62.05, 62.12, 960, 898, 465, 495
2025/10/9, 04:00:00, 62.13, 62.22, 62.13, 62.19, 569, 515, 279, 290
2025/10/9, 05:00:00, 62.19, 62.64, 62.18, 62.61, 2640, 2360, 1027, 1613
2025/10/9, 06:00:00, 62.62, 62.64, 62.44, 62.61, 3076, 2694, 1386, 1690
2025/10/9, 07:00:00, 62.60, 62.78, 62.55, 62.73, 4783, 4159, 2586, 2197
2025/10/9, 08:00:00, 62.72, 62.84, 62.51, 62.72, 6257, 5340, 3241, 3016
2025/10/9, 09:00:00, 62.72, 62.87, 62.34, 62.40, 5650, 5044, 2876, 2774
2025/10/9, 10:00:00, 62.40, 62.42, 62.07, 62.15, 6154, 5438, 2931, 3223
2025/10/9, 11:00:00, 62.15, 62.47, 62.15, 62.25, 5565, 4527, 2571, 2994
2025/10/9, 12:00:00, 62.24, 62.63, 62.17, 62.57, 6550, 5682, 3072, 3478
2025/10/9, 13:00:00, 62.58, 62.85, 62.24, 62.27, 16529, 13716, 8082, 8447
2025/10/9, 14:00:00, 62.27, 62.58, 62.08, 62.29, 16848, 13888, 8191, 8657
2025/10/9, 15:00:00, 62.29, 62.47, 61.91, 61.93, 14033, 11869, 6561, 7472
2025/10/9, 16:00:00, 61.93, 62.09, 61.39, 61.44, 16013, 12989, 8024, 7989
2025/10/9, 17:00:00, 61.45, 61.55, 61.25, 61.45, 13777, 10531, 5886, 7891
2025/10/9, 18:00:00, 61.45, 61.57, 61.33, 61.35, 15907, 10075, 8061, 7846
2025/10/9, 19:00:00, 61.36, 61.51, 61.25, 61.46, 5414, 3903, 2999, 2415
2025/10/9, 20:00:00, 61.45, 61.56, 61.42, 61.52, 2488, 2042, 1422, 1066
2025/10/9, 22:00:00, 61.49, 61.53, 61.44, 61.53, 614, 416, 263, 351
2025/10/9, 23:00:00, 61.54, 61.64, 61.54, 61.58, 459, 362, 214, 245
2025/10/10, 00:00:00, 61.59, 61.67, 61.52, 61.66, 951, 844, 471, 480
2025/10/10, 01:00:00, 61.65, 61.67, 61.45, 61.60, 1427, 1174, 690, 737
2025/10/10, 02:00:00, 61.60, 61.63, 61.46, 61.51, 693, 621, 332, 361
2025/10/10, 03:00:00, 61.52, 61.54, 61.39, 61.39, 926, 844, 558, 368
2025/10/10, 04:00:00, 61.38, 61.39, 61.22, 61.25, 1685, 1278, 1024, 661
2025/10/10, 05:00:00, 61.25, 61.42, 61.23, 61.37, 1208, 1011, 540, 668
2025/10/10, 06:00:00, 61.38, 61.43, 61.12, 61.15, 3783, 3216, 2039, 1744
2025/10/10, 07:00:00, 61.15, 61.38, 61.04, 61.25, 5674, 4867, 2552, 3122
2025/10/10, 08:00:00, 61.25, 61.51, 61.12, 61.27, 6480, 5703, 3243, 3237
2025/10/10, 09:00:00, 61.27, 61.31, 60.98, 61.15, 7329, 6062, 3426, 3903
2025/10/10, 10:00:00, 61.14, 61.19, 60.69, 60.70, 8023, 6551, 4169, 3854
2025/10/10, 11:00:00, 60.70, 60.91, 60.62, 60.68, 6323, 4871, 3169, 3154
2025/10/10, 12:00:00, 60.67, 60.69, 60.16, 60.26, 16054, 12170, 8306, 7748
2025/10/10, 13:00:00, 60.28, 60.36, 59.57, 60.20, 39435, 30661, 17898, 21537
2025/10/10, 14:00:00, 60.20, 60.52, 59.81, 60.12, 22075, 17951, 10159, 11916
2025/10/10, 15:00:00, 60.11, 60.14, 58.90, 58.93, 33913, 27537, 17380, 16533
2025/10/10, 16:00:00, 58.94, 59.14, 58.70, 58.91, 21704, 17563, 10257, 11447
2025/10/10, 17:00:00, 58.92, 59.11, 58.88, 58.95, 13015, 10910, 6069, 6946
2025/10/10, 18:00:00, 58.96, 58.97, 58.70, 58.79, 21197, 14538, 9925, 11272
2025/10/10, 19:00:00, 58.79, 58.97, 58.77, 58.82, 5051, 4234, 2280, 2771
2025/10/10, 20:00:00, 58.82, 58.89, 58.22, 58.24, 7692, 4799, 4611, 3081
2025/10/12, 22:00:00, 59.00, 59.83, 59.00, 59.32, 13062, 10394, 7024, 6038
2025/10/12, 23:00:00, 59.32, 59.64, 59.21, 59.62, 2250, 1786, 979, 1271
2025/10/13, 00:00:00, 59.62, 59.81, 59.39, 59.72, 3190, 2735, 1558, 1632
2025/10/13, 01:00:00, 59.71, 59.97, 59.60, 59.91, 3534, 3094, 1555, 1979
2025/10/13, 02:00:00, 59.90, 60.01, 59.82, 59.83, 2454, 2020, 1180, 1274
2025/10/13, 03:00:00, 59.83, 59.93, 59.68, 59.72, 2523, 2272, 1203, 1320
2025/10/13, 04:00:00, 59.73, 59.80, 59.64, 59.65, 1668, 1290, 748, 920
2025/10/13, 05:00:00, 59.65, 59.83, 59.62, 59.79, 1379, 1304, 647, 732
2025/10/13, 06:00:00, 59.78, 59.87, 59.68, 59.84, 2822, 2523, 1465, 1357
2025/10/13, 07:00:00, 59.84, 59.93, 59.59, 59.78, 5451, 4640, 2603, 2848
2025/10/13, 08:00:00, 59.78, 60.04, 59.64, 60.01, 8046, 6957, 3926, 4120
2025/10/13, 09:00:00, 60.01, 60.17, 59.88, 60.09, 5210, 4284, 2606, 2604
2025/10/13, 10:00:00, 60.09, 60.16, 59.85, 59.97, 4746, 4081, 2519, 2227
2025/10/13, 11:00:00, 59.97, 60.13, 59.68, 59.77, 8290, 6375, 4350, 3940
2025/10/13, 12:00:00, 59.77, 59.84, 59.33, 59.40, 9705, 8288, 5216, 4489
2025/10/13, 13:00:00, 59.40, 59.80, 59.21, 59.78, 16625, 13692, 7964, 8661
2025/10/13, 14:00:00, 59.77, 60.11, 59.70, 59.95, 13589, 11539, 6647, 6942
2025/10/13, 15:00:00, 59.96, 60.03, 59.42, 59.50, 13004, 11312, 6663, 6341
2025/10/13, 16:00:00, 59.49, 59.72, 59.47, 59.65, 5866, 4972, 2802, 3064
2025/10/13, 17:00:00, 59.67, 59.81, 59.62, 59.73, 5932, 4932, 3200, 2732
2025/10/13, 18:00:00, 59.73, 59.74, 59.43, 59.47, 13268, 9669, 6879, 6389
2025/10/13, 19:00:00, 59.47, 59.73, 59.47, 59.66, 2295, 1866, 999, 1296
2025/10/13, 20:00:00, 59.66, 59.72, 59.50, 59.56, 2370, 2083, 1233, 1137
2025/10/13, 22:00:00, 59.58, 59.68, 59.54, 59.68, 333, 302, 171, 162
2025/10/13, 23:00:00, 59.67, 59.67, 59.64, 59.65, 116, 94, 60, 56
2025/10/14, 00:00:00, 59.65, 59.79, 59.64, 59.77, 1210, 994, 534, 676
2025/10/14, 01:00:00, 59.78, 59.82, 59.67, 59.70, 1225, 1061, 577, 648
2025/10/14, 02:00:00, 59.71, 59.75, 59.63, 59.64, 903, 844, 479, 424
2025/10/14, 03:00:00, 59.63, 59.74, 59.60, 59.72, 719, 670, 303, 416
2025/10/14, 04:00:00, 59.72, 59.72, 59.44, 59.50, 1447, 1265, 754, 693
2025/10/14, 05:00:00, 59.49, 59.50, 59.12, 59.15, 3114, 2648, 1629, 1485
2025/10/14, 06:00:00, 59.14, 59.39, 59.02, 59.08, 3255, 2819, 1708, 1547
2025/10/14, 07:00:00, 59.07, 59.09, 58.40, 58.66, 9376, 8074, 4844, 4532
2025/10/14, 08:00:00, 58.66, 58.69, 58.08, 58.30, 10875, 9383, 5175, 5700
2025/10/14, 09:00:00, 58.29, 58.41, 58.01, 58.34, 7871, 6879, 4027, 3844
2025/10/14, 10:00:00, 58.34, 58.43, 57.68, 57.78, 9440, 7702, 4986, 4454
2025/10/14, 11:00:00, 57.79, 58.35, 57.79, 58.29, 8159, 7162, 3663, 4496
2025/10/14, 12:00:00, 58.30, 58.37, 57.99, 58.09, 9580, 8052, 4876, 4704
2025/10/14, 13:00:00, 58.09, 58.73, 58.07, 58.38, 20349, 17160, 10083, 10266
2025/10/14, 14:00:00, 58.37, 58.55, 58.12, 58.28, 15778, 13035, 8526, 7252
2025/10/14, 15:00:00, 58.29, 58.62, 58.02, 58.53, 13732, 11758, 6915, 6817
2025/10/14, 16:00:00, 58.52, 58.87, 58.50, 58.69, 9834, 8284, 4837, 4997
2025/10/14, 17:00:00, 58.70, 58.98, 58.70, 58.81, 6484, 5554, 3423, 3061
2025/10/14, 18:00:00, 58.81, 58.89, 58.63, 58.82, 10792, 7381, 5580, 5212
2025/10/14, 19:00:00, 58.83, 58.86, 58.37, 58.44, 4853, 3608, 2714, 2139
2025/10/14, 20:00:00, 58.43, 58.72, 58.43, 58.59, 1848, 1526, 929, 919
2025/10/14, 22:00:00, 58.60, 58.79, 58.57, 58.70, 570, 438, 265, 305
2025/10/14, 23:00:00, 58.70, 58.74, 58.65, 58.66, 243, 204, 133, 110
2025/10/15, 00:00:00, 58.67, 58.67, 58.56, 58.63, 744, 655, 406, 338
2025/10/15, 01:00:00, 58.63, 58.68, 58.54, 58.63, 895, 778, 452, 443
2025/10/15, 02:00:00, 58.65, 58.74, 58.47, 58.47, 924, 819, 485, 439
2025/10/15, 03:00:00, 58.46, 58.67, 58.37, 58.52, 1523, 1413, 766, 757
2025/10/15, 04:00:00, 58.52, 58.57, 58.46, 58.53, 440, 424, 235, 205
2025/10/15, 05:00:00, 58.53, 58.64, 58.51, 58.60, 904, 822, 417, 487
2025/10/15, 06:00:00, 58.59, 58.84, 58.57, 58.77, 2955, 2731, 1303, 1652
2025/10/15, 07:00:00, 58.76, 58.76, 58.48, 58.69, 3905, 3435, 2223, 1682
2025/10/15, 08:00:00, 58.69, 58.90, 58.56, 58.67, 5411, 4701, 2687, 2724
2025/10/15, 09:00:00, 58.68, 58.85, 58.56, 58.72, 3439, 3130, 1735, 1704
2025/10/15, 10:00:00, 58.72, 58.84, 58.61, 58.73, 2578, 2275, 1309, 1269
2025/10/15, 11:00:00, 58.73, 58.92, 58.63, 58.84, 3516, 3118, 1825, 1691
2025/10/15, 12:00:00, 58.84, 59.42, 58.80, 59.34, 8948, 7663, 4274, 4674
2025/10/15, 13:00:00, 59.34, 59.36, 58.85, 58.92, 12393, 10291, 6507, 5886
2025/10/15, 14:00:00, 58.93, 59.01, 58.64, 58.66, 9223, 7828, 4753, 4470
2025/10/15, 15:00:00, 58.66, 58.72, 58.29, 58.39, 12142, 10209, 6100, 6042
2025/10/15, 16:00:00, 58.38, 58.54, 58.20, 58.53, 6616, 5764, 3414, 3202
2025/10/15, 17:00:00, 58.54, 58.59, 58.25, 58.36, 6828, 5779, 3864, 2964
2025/10/15, 18:00:00, 58.36, 58.56, 58.21, 58.56, 11201, 7735, 5510, 5691
2025/10/15, 19:00:00, 58.56, 58.64, 58.43, 58.46, 1749, 1424, 1055, 694
2025/10/15, 20:00:00, 58.47, 58.82, 58.46, 58.75, 3137, 2371, 1590, 1547
2025/10/15, 22:00:00, 58.77, 58.84, 58.66, 58.66, 490, 350, 221, 269
2025/10/15, 23:00:00, 58.66, 58.69, 58.55, 58.69, 478, 334, 201, 277
2025/10/16, 00:00:00, 58.68, 59.01, 58.68, 58.82, 1694, 1443, 712, 982
2025/10/16, 01:00:00, 58.81, 58.88, 58.68, 58.73, 805, 733, 429, 376
2025/10/16, 02:00:00, 58.74, 58.79, 58.66, 58.71, 542, 502, 277, 265
2025/10/16, 03:00:00, 58.71, 58.88, 58.66, 58.86, 1089, 955, 398, 691
2025/10/16, 04:00:00, 58.86, 58.90, 58.82, 58.84, 674, 644, 370, 304
2025/10/16, 05:00:00, 58.85, 58.88, 58.67, 58.78, 1066, 1019, 584, 482
2025/10/16, 06:00:00, 58.78, 58.95, 58.74, 58.85, 1473, 1337, 805, 668
2025/10/16, 07:00:00, 58.84, 59.11, 58.71, 59.04, 3647, 3192, 1728, 1919
2025/10/16, 08:00:00, 59.04, 59.06, 58.60, 58.68, 4635, 4247, 2386, 2249
2025/10/16, 09:00:00, 58.69, 58.81, 58.46, 58.49, 3149, 2843, 1719, 1430
2025/10/16, 10:00:00, 58.49, 58.67, 58.45, 58.63, 2724, 2494, 1203, 1521
2025/10/16, 11:00:00, 58.64, 58.93, 58.62, 58.62, 2846, 2454, 1372, 1474
2025/10/16, 12:00:00, 58.63, 58.69, 58.50, 58.53, 4033, 3531, 1988, 2045
2025/10/16, 13:00:00, 58.53, 58.68, 58.27, 58.43, 7924, 6471, 4046, 3878
2025/10/16, 14:00:00, 58.44, 58.45, 58.24, 58.39, 6967, 5511, 3758, 3209
2025/10/16, 15:00:00, 58.40, 58.65, 57.74, 58.13, 15221, 11747, 8121, 7100
2025/10/16, 16:00:00, 58.14, 58.48, 57.52, 57.80, 15407, 12460, 8006, 7401
2025/10/16, 17:00:00, 57.81, 57.93, 57.37, 57.42, 14672, 11294, 7772, 6900
2025/10/16, 18:00:00, 57.42, 57.70, 57.26, 57.61, 15849, 10565, 7452, 8397
2025/10/16, 19:00:00, 57.60, 57.63, 57.42, 57.52, 3253, 2165, 1540, 1713
2025/10/16, 20:00:00, 57.53, 57.58, 57.35, 57.42, 1573, 1130, 908, 665
2025/10/16, 22:00:00, 57.50, 57.56, 57.43, 57.49, 376, 275, 180, 196
2025/10/16, 23:00:00, 57.48, 57.49, 57.38, 57.39, 396, 130, 129, 267
2025/10/17, 00:00:00, 57.39, 57.46, 57.33, 57.46, 529, 319, 159, 370
2025/10/17, 01:00:00, 57.43, 57.45, 57.10, 57.11, 421, 293, 288, 133
2025/10/17, 02:00:00, 57.10, 57.33, 56.98, 57.26, 484, 293, 286, 198
2025/10/17, 03:00:00, 57.30, 57.40, 57.20, 57.31, 398, 285, 177, 221
2025/10/17, 04:00:00, 57.30, 57.49, 57.27, 57.29, 371, 244, 126, 245
2025/10/17, 05:00:00, 57.29, 57.36, 57.24, 57.27, 218, 119, 144, 74
2025/10/17, 06:00:00, 57.27, 57.42, 57.02, 57.06, 527, 373, 304, 223
2025/10/17, 07:00:00, 57.05, 57.25, 56.91, 57.15, 921, 722, 527, 394
2025/10/17, 08:00:00, 57.14, 57.20, 56.73, 56.79, 764, 656, 449, 315
2025/10/17, 09:00:00, 56.81, 57.01, 56.60, 56.82, 1496, 1173, 795, 701
2025/10/17, 10:00:00, 56.86, 57.29, 56.73, 57.09, 1130, 698, 491, 639
2025/10/17, 11:00:00, 57.09, 57.54, 57.08, 57.50, 1463, 965, 603, 860
2025/10/17, 12:00:00, 57.51, 57.72, 57.39, 57.61, 1078, 798, 448, 630
2025/10/17, 13:00:00, 57.60, 57.63, 57.16, 57.35, 2336, 1611, 1074, 1262
2025/10/17, 14:00:00, 57.31, 57.56, 57.25, 57.48, 3039, 2165, 1520, 1519
2025/10/17, 15:00:00, 57.46, 57.68, 57.23, 57.51, 3191, 2232, 1721, 1470
2025/10/17, 16:00:00, 57.53, 57.64, 57.20, 57.27, 934, 738, 470, 464
2025/10/17, 17:00:00, 57.26, 57.60, 57.16, 57.40, 2157, 1304, 1337, 820
2025/10/17, 18:00:00, 57.40, 57.72, 57.40, 57.57, 2912, 1933, 1319, 1593
2025/10/17, 19:00:00, 57.57, 57.65, 57.48, 57.51, 402, 304, 227, 175
2025/10/17, 20:00:00, 57.51, 57.72, 57.51, 57.64, 813, 515, 259, 554
2025/10/19, 22:00:00, 57.73, 57.81, 57.47, 57.55, 398, 210, 260, 138
2025/10/19, 23:00:00, 57.55, 57.60, 57.33, 57.33, 163, 73, 76, 87
2025/10/20, 00:00:00, 57.33, 57.41, 57.30, 57.37, 47, 30, 15, 32
2025/10/20, 01:00:00, 57.32, 57.40, 57.15, 57.24, 54, 37, 27, 27
2025/10/20, 02:00:00, 57.33, 57.37, 57.30, 57.37, 37, 18, 15, 22
2025/10/20, 03:00:00, 57.28, 57.38, 57.28, 57.34, 61, 36, 44, 17
2025/10/20, 04:00:00, 57.35, 57.37, 57.27, 57.36, 49, 30, 30, 19
2025/10/20, 05:00:00, 57.35, 57.35, 57.20, 57.20, 51, 50, 21, 30
2025/10/20, 06:00:00, 57.17, 57.17, 56.95, 57.02, 193, 153, 145, 48
2025/10/20, 07:00:00, 57.03, 57.29, 56.97, 57.01, 493, 351, 351, 142
2025/10/20, 08:00:00, 57.08, 57.36, 57.02, 57.32, 355, 216, 176, 179
2025/10/20, 09:00:00, 57.31, 57.45, 57.18, 57.22, 399, 260, 235, 164
2025/10/20, 10:00:00, 57.25, 57.40, 57.08, 57.14, 149, 102, 69, 80
2025/10/20, 11:00:00, 57.07, 57.16, 56.91, 57.12, 188, 159, 101, 87
2025/10/20, 12:00:00, 57.10, 57.20, 56.91, 56.95, 316, 238, 177, 139
2025/10/20, 13:00:00, 56.86, 57.15, 56.35, 56.94, 3566, 1732, 2263, 1303
2025/10/20, 14:00:00, 56.99, 57.15, 56.78, 56.98, 505, 282, 255, 250
2025/10/20, 15:00:00, 56.97, 57.27, 56.83, 56.96, 571, 263, 228, 343
2025/10/20, 16:00:00, 56.94, 57.15, 56.94, 57.11, 580, 269, 407, 173
2025/10/20, 17:00:00, 57.11, 57.50, 57.05, 57.38, 855, 308, 549, 306
2025/10/20, 18:00:00, 57.33, 57.60, 57.26, 57.39, 2862, 1570, 767, 2095
2025/10/20, 19:00:00, 57.34, 57.50, 57.32, 57.48, 80, 33, 58, 22
2025/10/20, 20:00:00, 57.53, 57.53, 57.40, 57.40, 88, 47, 68, 20
2025/10/20, 22:00:00, 57.37, 57.47, 57.36, 57.47, 49, 21, 38, 11
2025/10/21, 00:00:00, 57.45, 57.46, 57.45, 57.46, 4, 4, 0, 4
2025/10/21, 01:00:00, 57.44, 57.44, 57.22, 57.22, 6, 4, 1, 5
2025/10/21, 04:00:00, 57.32, 57.38, 57.32, 57.38, 2, 2, 1, 1
2025/10/21, 05:00:00, 57.49, 57.60, 57.48, 57.60, 26, 5, 7, 19
2025/10/21, 06:00:00, 57.60, 57.60, 57.57, 57.57, 2, 2, 0, 2
2025/10/21, 07:00:00, 57.19, 57.23, 57.19, 57.23, 5, 3, 1, 4
2025/10/21, 08:00:00, 57.37, 57.37, 57.37, 57.37, 5, 1, 0, 5
2025/10/21, 09:00:00, 57.66, 57.81, 57.52, 57.81, 50, 30, 20, 30
2025/10/21, 10:00:00, 57.87, 58.08, 57.87, 58.02, 40, 15, 20, 20
2025/10/21, 11:00:00, 58.04, 58.06, 57.91, 57.93, 143, 35, 105, 38
2025/10/21, 12:00:00, 57.98, 58.27, 57.98, 58.09, 261, 138, 2, 259
2025/10/21, 13:00:00, 57.92, 57.96, 57.00, 57.00, 407, 183, 235, 172
2025/10/21, 14:00:00, 57.01, 57.55, 56.99, 57.33, 313, 130, 95, 218
2025/10/21, 15:00:00, 57.36, 57.95, 57.28, 57.90, 510, 188, 86, 424
2025/10/21, 16:00:00, 58.00, 58.28, 57.91, 57.91, 50, 13, 14, 36
2025/10/21, 17:00:00, 57.67, 58.09, 57.60, 57.80, 189, 78, 92, 97
2025/10/21, 18:00:00, 57.79, 57.94, 57.71, 57.86, 5596, 3007, 2523, 3073
