Date, Time, Open, High, Low, Last, Volume, NumberOfTrades, BidVolume, AskVolume
2026/2/17, 23:00:00, 60.31, 60.36, 60.29, 60.34, 8, 8, 6, 2
2026/2/18, 00:00:00, 60.36, 60.41, 60.32, 60.32, 24, 23, 14, 10
2026/2/18, 01:00:00, 60.34, 60.43, 60.34, 60.39, 4, 4, 1, 3
2026/2/18, 02:00:00, 60.39, 60.48, 60.36, 60.45, 99, 70, 70, 29
2026/2/18, 03:00:00, 60.48, 60.52, 60.48, 60.51, 27, 15, 3, 24
2026/2/18, 04:00:00, 60.50, 60.57, 60.50, 60.56, 64, 51, 11, 53
2026/2/18, 05:00:00, 60.55, 60.55, 60.48, 60.51, 18, 17, 9, 9
2026/2/18, 06:00:00, 60.45, 60.61, 60.45, 60.50, 22, 20, 13, 9
2026/2/18, 07:00:00, 60.48, 60.57, 60.48, 60.52, 76, 76, 37, 39
2026/2/18, 08:00:00, 60.54, 60.74, 60.51, 60.51, 602, 439, 120, 482
2026/2/18, 09:00:00, 60.53, 60.69, 60.48, 60.57, 243, 233, 115, 128
2026/2/18, 10:00:00, 60.60, 61.09, 60.60, 61.03, 603, 499, 152, 451
2026/2/18, 11:00:00, 61.05, 61.51, 61.03, 61.51, 663, 517, 233, 430
2026/2/18, 12:00:00, 61.51, 61.78, 61.39, 61.67, 1695, 1408, 674, 1021
2026/2/18, 13:00:00, 61.70, 61.73, 61.46, 61.53, 1574, 1366, 765, 809
2026/2/18, 14:00:00, 61.53, 61.92, 61.46, 61.83, 2921, 2321, 953, 1968
2026/2/18, 15:00:00, 61.82, 61.90, 61.74, 61.80, 2265, 1661, 798, 1467
2026/2/18, 16:00:00, 61.79, 62.00, 61.74, 61.92, 2898, 2457, 1054, 1844
2026/2/18, 17:00:00, 61.90, 62.20, 61.86, 62.19, 1168, 1021, 352, 816
2026/2/18, 18:00:00, 62.17, 62.27, 61.93, 62.25, 2207, 1848, 1211, 996
2026/2/18, 19:00:00, 62.25, 62.39, 62.08, 62.19, 2056, 1641, 1068, 988
2026/2/18, 20:00:00, 62.19, 62.41, 62.18, 62.27, 1339, 998, 499, 840
2026/2/18, 21:00:00, 62.27, 62.28, 62.00, 62.08, 499, 378, 157, 342
2026/2/18, 23:00:00, 62.05, 62.39, 62.00, 62.15, 44, 40, 12, 32
2026/2/19, 00:00:00, 62.13, 62.19, 62.08, 62.18, 52, 44, 22, 30
2026/2/19, 01:00:00, 62.18, 62.27, 62.08, 62.25, 76, 68, 44, 32
2026/2/19, 02:00:00, 62.32, 62.39, 62.28, 62.38, 105, 84, 51, 54
2026/2/19, 03:00:00, 62.38, 62.46, 62.38, 62.44, 71, 63, 39, 32
2026/2/19, 04:00:00, 62.43, 62.45, 62.27, 62.27, 29, 29, 17, 12
2026/2/19, 05:00:00, 62.33, 62.36, 62.31, 62.33, 9, 9, 4, 5
2026/2/19, 06:00:00, 62.35, 62.37, 62.30, 62.33, 59, 54, 26, 33
2026/2/19, 07:00:00, 62.40, 62.73, 62.34, 62.69, 164, 157, 66, 98
2026/2/19, 08:00:00, 62.63, 63.00, 62.59, 62.94, 307, 267, 136, 171
2026/2/19, 09:00:00, 62.96, 62.98, 62.59, 62.68, 224, 200, 97, 127
2026/2/19, 10:00:00, 62.67, 62.85, 62.59, 62.83, 381, 183, 50, 331
2026/2/19, 11:00:00, 62.77, 62.98, 62.72, 62.81, 237, 215, 134, 103
2026/2/19, 12:00:00, 62.83, 62.89, 62.76, 62.84, 526, 436, 223, 303
2026/2/19, 13:00:00, 62.83, 63.10, 62.66, 62.93, 1543, 1155, 568, 975
2026/2/19, 14:00:00, 62.91, 63.04, 62.68, 62.93, 1944, 1524, 716, 1228
2026/2/19, 15:00:00, 62.94, 63.08, 62.35, 63.08, 3596, 2767, 1719, 1877
2026/2/19, 16:00:00, 63.08, 63.15, 62.95, 63.11, 1744, 1296, 693, 1051
2026/2/19, 17:00:00, 63.26, 63.26, 62.96, 63.06, 1903, 1455, 747, 1156
2026/2/19, 18:00:00, 63.05, 63.13, 62.86, 63.07, 1826, 1401, 787, 1039
2026/2/19, 19:00:00, 63.08, 63.11, 62.95, 63.08, 1046, 893, 446, 600
2026/2/19, 20:00:00, 63.09, 63.18, 63.04, 63.16, 803, 645, 249, 554
2026/2/19, 21:00:00, 63.16, 63.27, 62.62, 63.15, 877, 736, 426, 451
2026/2/19, 23:00:00, 63.06, 63.13, 62.97, 62.98, 120, 115, 34, 86
2026/2/20, 00:00:00, 62.96, 63.03, 62.88, 62.95, 22, 22, 18, 4
2026/2/20, 01:00:00, 62.95, 63.19, 62.93, 63.09, 99, 83, 34, 65
2026/2/20, 02:00:00, 63.07, 63.18, 63.01, 63.06, 64, 56, 34, 30
2026/2/20, 03:00:00, 63.08, 63.15, 63.01, 63.14, 21, 20, 15, 6
2026/2/20, 04:00:00, 63.10, 63.16, 63.10, 63.15, 21, 20, 14, 7
2026/2/20, 05:00:00, 63.18, 63.27, 63.12, 63.20, 28, 27, 16, 12
2026/2/20, 06:00:00, 63.26, 63.34, 63.12, 63.12, 60, 56, 38, 22
2026/2/20, 07:00:00, 63.13, 63.15, 62.86, 62.86, 220, 214, 104, 116
2026/2/20, 08:00:00, 62.92, 62.95, 62.73, 62.79, 282, 236, 132, 150
2026/2/20, 09:00:00, 62.78, 63.12, 62.65, 62.76, 602, 487, 289, 313
2026/2/20, 10:00:00, 62.76, 62.89, 62.69, 62.78, 130, 127, 61, 69
2026/2/20, 11:00:00, 62.78, 63.03, 62.61, 62.77, 172, 162, 77, 95
2026/2/20, 12:00:00, 62.77, 62.93, 62.74, 62.88, 178, 169, 70, 108
2026/2/20, 13:00:00, 62.89, 62.99, 62.80, 62.95, 908, 736, 549, 359
2026/2/20, 14:00:00, 62.96, 63.12, 62.68, 62.99, 1572, 1155, 595, 977
2026/2/20, 15:00:00, 62.99, 63.22, 62.71, 62.75, 2448, 1902, 778, 1670
2026/2/20, 16:00:00, 62.75, 63.04, 62.69, 62.93, 1264, 1007, 630, 634
2026/2/20, 17:00:00, 62.92, 63.12, 62.88, 63.09, 898, 762, 396, 502
2026/2/20, 18:00:00, 63.10, 63.24, 62.91, 63.09, 674, 628, 306, 368
2026/2/20, 19:00:00, 63.08, 63.12, 62.87, 63.06, 935, 763, 573, 362
2026/2/20, 20:00:00, 63.07, 63.10, 62.89, 63.01, 237, 213, 124, 113
2026/2/20, 21:00:00, 62.99, 63.05, 62.94, 63.02, 137, 114, 47, 90
2026/2/22, 23:00:00, 62.98, 62.98, 62.41, 62.86, 161, 131, 87, 74
2026/2/23, 00:00:00, 62.78, 62.78, 62.54, 62.58, 130, 88, 42, 88
2026/2/23, 01:00:00, 62.54, 62.78, 62.47, 62.73, 84, 66, 35, 49
2026/2/23, 02:00:00, 62.77, 62.86, 62.72, 62.72, 54, 53, 29, 25
2026/2/23, 03:00:00, 62.69, 62.69, 62.58, 62.60, 20, 20, 12, 8
2026/2/23, 04:00:00, 62.62, 62.63, 62.44, 62.50, 35, 35, 20, 15
2026/2/23, 05:00:00, 62.55, 62.66, 62.54, 62.66, 32, 27, 12, 20
2026/2/23, 06:00:00, 62.60, 62.67, 62.57, 62.59, 10, 10, 6, 4
2026/2/23, 07:00:00, 62.69, 62.69, 62.51, 62.59, 86, 85, 48, 38
2026/2/23, 08:00:00, 62.60, 62.82, 62.55, 62.82, 258, 250, 140, 118
2026/2/23, 09:00:00, 62.80, 63.13, 62.72, 63.07, 301, 281, 119, 182
2026/2/23, 10:00:00, 63.04, 63.07, 62.89, 62.98, 169, 167, 76, 93
2026/2/23, 11:00:00, 62.96, 63.24, 62.89, 63.21, 158, 155, 67, 91
2026/2/23, 12:00:00, 63.22, 63.39, 63.20, 63.35, 446, 422, 177, 269
2026/2/23, 13:00:00, 63.36, 63.53, 63.24, 63.49, 849, 673, 278, 571
2026/2/23, 14:00:00, 63.49, 63.73, 63.40, 63.58, 1018, 884, 387, 631
2026/2/23, 15:00:00, 63.58, 63.72, 63.36, 63.38, 1835, 1522, 616, 1219
2026/2/23, 16:00:00, 63.36, 63.62, 63.02, 63.11, 1555, 1354, 618, 937
2026/2/23, 17:00:00, 63.12, 63.17, 62.98, 63.07, 1099, 883, 656, 443
2026/2/23, 18:00:00, 63.07, 63.21, 63.02, 63.11, 336, 312, 174, 162
2026/2/23, 19:00:00, 63.10, 63.26, 63.06, 63.25, 1022, 818, 500, 522
2026/2/23, 20:00:00, 63.28, 63.37, 63.27, 63.33, 577, 466, 162, 415
2026/2/23, 21:00:00, 63.34, 63.35, 63.21, 63.23, 258, 224, 115, 143
2026/2/23, 23:00:00, 63.23, 63.26, 63.18, 63.23, 71, 67, 38, 33
2026/2/24, 00:00:00, 63.24, 63.29, 63.22, 63.29, 35, 33, 17, 18
2026/2/24, 01:00:00, 63.33, 63.38, 63.08, 63.33, 49, 48, 33, 16
2026/2/24, 02:00:00, 63.40, 63.66, 63.40, 63.66, 106, 102, 33, 73
2026/2/24, 03:00:00, 63.68, 63.76, 63.65, 63.70, 169, 144, 99, 70
2026/2/24, 04:00:00, 63.70, 63.71, 63.63, 63.64, 41, 37, 32, 9
2026/2/24, 05:00:00, 63.61, 63.75, 63.51, 63.69, 44, 38, 21, 23
2026/2/24, 06:00:00, 63.67, 63.67, 63.54, 63.64, 16, 16, 6, 10
2026/2/24, 07:00:00, 63.65, 63.67, 63.45, 63.50, 96, 96, 51, 45
2026/2/24, 08:00:00, 63.47, 63.52, 63.29, 63.51, 174, 168, 86, 88
2026/2/24, 09:00:00, 63.51, 63.55, 63.35, 63.53, 205, 201, 114, 91
2026/2/24, 10:00:00, 63.54, 63.58, 63.29, 63.35, 290, 280, 142, 148
2026/2/24, 11:00:00, 63.34, 63.43, 63.29, 63.40, 134, 132, 80, 54
2026/2/24, 12:00:00, 63.37, 63.58, 63.32, 63.53, 216, 212, 116, 100
2026/2/24, 13:00:00, 63.54, 63.86, 63.54, 63.70, 972, 827, 393, 579
2026/2/24, 14:00:00, 63.66, 63.70, 63.41, 63.54, 1045, 842, 451, 594
2026/2/24, 15:00:00, 63.55, 63.63, 62.85, 63.14, 1966, 1789, 1006, 960
2026/2/24, 16:00:00, 63.09, 63.39, 63.06, 63.22, 586, 554, 252, 334
2026/2/24, 17:00:00, 63.22, 63.50, 63.08, 63.20, 931, 765, 666, 265
2026/2/24, 18:00:00, 63.19, 63.37, 63.18, 63.32, 1112, 796, 663, 449
2026/2/24, 19:00:00, 63.32, 63.36, 63.04, 63.34, 1534, 1057, 891, 643
2026/2/24, 20:00:00, 63.31, 63.69, 63.27, 63.54, 1091, 914, 397, 694
2026/2/24, 21:00:00, 63.54, 63.54, 63.28, 63.35, 220, 161, 128, 92
2026/2/24, 23:00:00, 63.33, 63.36, 63.31, 63.36, 10, 10, 8, 2
2026/2/25, 00:00:00, 63.38, 63.48, 63.36, 63.37, 20, 20, 7, 13
2026/2/25, 01:00:00, 63.33, 63.49, 63.32, 63.38, 36, 35, 18, 18
2026/2/25, 02:00:00, 63.44, 63.59, 63.40, 63.59, 84, 73, 58, 26
2026/2/25, 03:00:00, 63.57, 63.78, 63.34, 63.37, 254, 243, 122, 132
2026/2/25, 04:00:00, 63.35, 63.45, 63.33, 63.37, 76, 56, 57, 19
2026/2/25, 05:00:00, 63.38, 63.41, 63.32, 63.40, 33, 33, 19, 14
2026/2/25, 06:00:00, 63.37, 63.37, 63.19, 63.35, 37, 37, 21, 16
2026/2/25, 07:00:00, 63.37, 63.49, 63.22, 63.27, 51, 48, 29, 22
2026/2/25, 08:00:00, 63.26, 63.42, 63.16, 63.39, 226, 216, 128, 98
2026/2/25, 09:00:00, 63.38, 63.40, 63.05, 63.18, 226, 217, 105, 121
2026/2/25, 10:00:00, 63.17, 63.44, 63.16, 63.31, 138, 137, 66, 72
2026/2/25, 11:00:00, 63.38, 63.39, 63.26, 63.32, 104, 104, 56, 48
2026/2/25, 12:00:00, 63.29, 63.63, 63.23, 63.59, 612, 582, 317, 295
2026/2/25, 13:00:00, 63.55, 63.62, 63.36, 63.39, 444, 366, 225, 219
2026/2/25, 14:00:00, 63.39, 63.48, 62.96, 62.98, 836, 736, 512, 324
2026/2/25, 15:00:00, 62.97, 63.17, 62.82, 62.96, 2027, 1685, 724, 1303
2026/2/25, 16:00:00, 62.93, 63.06, 62.76, 63.03, 1208, 1038, 607, 601
2026/2/25, 17:00:00, 63.06, 63.10, 62.96, 63.07, 649, 466, 302, 347
2026/2/25, 18:00:00, 63.07, 63.28, 63.03, 63.19, 933, 674, 310, 623
2026/2/25, 19:00:00, 63.20, 63.26, 62.98, 63.24, 888, 748, 439, 449
2026/2/25, 20:00:00, 63.21, 63.23, 63.01, 63.05, 333, 297, 186, 147
2026/2/25, 21:00:00, 63.04, 63.12, 63.00, 63.10, 88, 78, 45, 43
2026/2/25, 23:00:00, 63.07, 63.18, 63.07, 63.15, 13, 12, 10, 3
2026/2/26, 00:00:00, 63.14, 63.33, 63.11, 63.23, 110, 73, 24, 86
2026/2/26, 01:00:00, 63.22, 63.22, 63.06, 63.22, 26, 23, 10, 16
2026/2/26, 02:00:00, 63.14, 63.15, 62.91, 63.00, 85, 75, 32, 53
2026/2/26, 03:00:00, 63.04, 63.13, 63.04, 63.07, 19, 17, 6, 13
2026/2/26, 04:00:00, 63.11, 63.13, 63.10, 63.13, 21, 18, 9, 12
2026/2/26, 05:00:00, 63.13, 63.18, 63.05, 63.05, 34, 34, 15, 19
2026/2/26, 06:00:00, 63.10, 63.10, 63.00, 63.06, 65, 29, 55, 10
2026/2/26, 07:00:00, 63.07, 63.14, 62.98, 63.06, 127, 115, 50, 77
2026/2/26, 08:00:00, 63.09, 63.18, 63.01, 63.04, 224, 206, 109, 115
2026/2/26, 09:00:00, 63.02, 63.03, 62.58, 62.78, 463, 441, 231, 232
2026/2/26, 10:00:00, 62.77, 62.79, 62.13, 62.24, 1029, 835, 549, 480
2026/2/26, 11:00:00, 62.24, 62.41, 62.17, 62.22, 291, 281, 145, 146
2026/2/26, 12:00:00, 62.20, 62.28, 61.76, 62.00, 820, 720, 487, 333
2026/2/26, 13:00:00, 62.00, 62.24, 61.56, 62.15, 1118, 1008, 622, 496
2026/2/26, 14:00:00, 62.12, 62.40, 61.89, 62.38, 1113, 883, 527, 586
2026/2/26, 15:00:00, 62.40, 63.62, 62.39, 63.62, 3027, 2621, 1497, 1530
2026/2/26, 16:00:00, 63.60, 63.63, 63.08, 63.35, 2243, 2030, 1073, 1170
2026/2/26, 17:00:00, 63.36, 63.45, 63.17, 63.36, 1221, 1025, 761, 460
2026/2/26, 18:00:00, 63.35, 63.50, 62.28, 62.86, 3643, 3124, 1640, 2003
2026/2/26, 19:00:00, 62.87, 62.92, 62.28, 62.67, 2009, 1712, 1170, 839
2026/2/26, 20:00:00, 62.66, 62.84, 62.62, 62.81, 373, 332, 206, 167
2026/2/26, 21:00:00, 62.80, 62.87, 62.74, 62.75, 238, 212, 127, 111
2026/2/26, 23:00:00, 62.67, 62.68, 62.56, 62.57, 93, 57, 43, 50
2026/2/27, 00:00:00, 62.62, 62.64, 62.58, 62.62, 21, 15, 7, 14
2026/2/27, 01:00:00, 62.51, 62.54, 62.26, 62.45, 100, 86, 57, 43
2026/2/27, 02:00:00, 62.45, 62.47, 62.36, 62.43, 22, 22, 17, 5
2026/2/27, 03:00:00, 62.50, 62.60, 62.47, 62.60, 53, 52, 16, 37
2026/2/27, 04:00:00, 62.60, 62.73, 62.60, 62.65, 205, 69, 155, 50
2026/2/27, 05:00:00, 62.69, 62.93, 62.69, 62.87, 107, 75, 30, 77
2026/2/27, 06:00:00, 62.88, 62.98, 62.85, 62.97, 40, 40, 12, 28
2026/2/27, 07:00:00, 62.96, 63.00, 62.92, 63.00, 79, 79, 31, 48
2026/2/27, 08:00:00, 62.97, 63.17, 62.80, 62.94, 199, 192, 104, 95
2026/2/27, 09:00:00, 62.90, 63.45, 62.87, 63.42, 541, 489, 259, 282
2026/2/27, 10:00:00, 63.44, 63.46, 63.15, 63.42, 321, 320, 158, 163
2026/2/27, 11:00:00, 63.41, 63.64, 63.37, 63.61, 581, 521, 210, 371
2026/2/27, 12:00:00, 63.61, 63.72, 63.53, 63.70, 500, 448, 189, 311
2026/2/27, 13:00:00, 63.70, 64.26, 63.70, 64.23, 2364, 1841, 872, 1492
2026/2/27, 14:00:00, 64.23, 64.27, 63.55, 63.59, 2215, 1809, 1043, 1172
2026/2/27, 15:00:00, 63.58, 63.75, 63.38, 63.66, 2841, 2228, 1389, 1452
2026/2/27, 16:00:00, 63.62, 63.66, 63.31, 63.39, 1543, 1236, 566, 977
2026/2/27, 17:00:00, 63.38, 63.55, 63.07, 63.44, 2640, 1912, 1299, 1341
2026/2/27, 18:00:00, 63.45, 63.63, 63.35, 63.62, 2679, 1758, 952, 1727
2026/2/27, 19:00:00, 63.61, 63.79, 63.54, 63.59, 3234, 2016, 1794, 1440
2026/2/27, 20:00:00, 63.59, 63.86, 63.56, 63.74, 1478, 1250, 550, 928
2026/2/27, 21:00:00, 63.75, 63.86, 63.62, 63.84, 697, 599, 294, 403
2026/3/1, 23:00:00, 66.00, 68.99, 65.70, 66.40, 5551, 4439, 1877, 3674
2026/3/2, 00:00:00, 66.40, 66.47, 66.07, 66.11, 4073, 3149, 740, 3333
2026/3/2, 01:00:00, 66.15, 66.15, 64.20, 64.81, 1558, 1123, 856, 702
2026/3/2, 02:00:00, 64.80, 65.10, 64.58, 64.97, 350, 275, 213, 137
2026/3/2, 03:00:00, 64.88, 65.63, 64.87, 65.30, 693, 498, 235, 458
2026/3/2, 04:00:00, 65.20, 65.60, 65.13, 65.42, 311, 254, 180, 131
2026/3/2, 05:00:00, 65.29, 65.52, 65.06, 65.48, 345, 341, 171, 174
2026/3/2, 06:00:00, 65.50, 65.89, 65.39, 65.69, 541, 526, 236, 305
2026/3/2, 07:00:00, 65.68, 66.47, 65.66, 66.30, 1181, 1044, 443, 738
2026/3/2, 08:00:00, 66.28, 66.41, 65.71, 65.71, 1221, 1098, 573, 648
2026/3/2, 09:00:00, 65.69, 65.88, 65.00, 65.88, 959, 884, 375, 584
2026/3/2, 10:00:00, 65.78, 65.81, 65.25, 65.61, 955, 829, 437, 518
2026/3/2, 11:00:00, 65.65, 65.86, 65.02, 65.60, 443, 421, 226, 217
2026/3/2, 12:00:00, 65.66, 66.08, 65.51, 65.87, 1466, 1320, 540, 926
2026/3/2, 13:00:00, 65.84, 66.04, 65.55, 65.99, 2843, 2279, 1032, 1811
2026/3/2, 14:00:00, 65.98, 66.11, 64.99, 65.21, 4699, 4075, 1347, 3352
2026/3/2, 15:00:00, 65.18, 65.52, 65.08, 65.17, 6689, 5843, 2293, 4396
2026/3/2, 16:00:00, 65.17, 65.19, 64.38, 64.83, 4283, 3470, 1687, 2596
2026/3/2, 17:00:00, 64.79, 65.00, 64.53, 64.66, 2121, 1489, 869, 1252
2026/3/2, 18:00:00, 64.66, 64.88, 64.48, 64.70, 3488, 2486, 1123, 2365
2026/3/2, 19:00:00, 64.69, 64.82, 64.48, 64.51, 3084, 2710, 1081, 2003
2026/3/2, 20:00:00, 64.51, 65.70, 64.50, 64.86, 3280, 2586, 1592, 1688
2026/3/2, 21:00:00, 64.89, 64.97, 64.53, 64.55, 1113, 882, 323, 790
2026/3/2, 23:00:00, 64.80, 64.95, 64.31, 64.61, 225, 184, 169, 56
2026/3/3, 00:00:00, 64.73, 65.14, 64.65, 64.98, 98, 89, 40, 58
2026/3/3, 01:00:00, 65.15, 65.54, 65.11, 65.21, 489, 336, 297, 192
2026/3/3, 02:00:00, 65.20, 65.68, 65.02, 65.65, 280, 265, 97, 183
2026/3/3, 03:00:00, 65.63, 65.68, 65.38, 65.41, 245, 236, 143, 102
2026/3/3, 04:00:00, 65.40, 65.55, 65.33, 65.49, 110, 106, 55, 55
2026/3/3, 05:00:00, 65.47, 65.95, 65.37, 65.72, 521, 478, 247, 274
2026/3/3, 06:00:00, 65.65, 65.83, 65.35, 65.81, 288, 272, 148, 140
2026/3/3, 07:00:00, 65.79, 66.34, 65.66, 66.17, 1245, 1190, 583, 662
2026/3/3, 08:00:00, 66.14, 66.32, 65.82, 66.17, 1563, 1512, 785, 778
2026/3/3, 09:00:00, 66.16, 66.97, 66.10, 66.68, 2091, 2003, 933, 1158
2026/3/3, 10:00:00, 66.67, 67.46, 66.47, 66.98, 5152, 3540, 2588, 2564
2026/3/3, 11:00:00, 67.00, 67.28, 66.71, 67.03, 2811, 2602, 1330, 1481
2026/3/3, 12:00:00, 67.05, 67.14, 66.30, 66.46, 4190, 3967, 2144, 2046
2026/3/3, 13:00:00, 66.46, 66.67, 65.90, 66.15, 6635, 5569, 2882, 3753
2026/3/3, 14:00:00, 66.15, 66.58, 65.90, 65.97, 6521, 5676, 3155, 3366
2026/3/3, 15:00:00, 65.98, 66.22, 65.77, 65.99, 6681, 5675, 3269, 3412
2026/3/3, 16:00:00, 65.99, 66.11, 64.58, 65.35, 6258, 5418, 3070, 3188
2026/3/3, 17:00:00, 65.35, 65.66, 65.25, 65.35, 3478, 2958, 1672, 1806
2026/3/3, 18:00:00, 65.35, 65.40, 64.43, 65.17, 5102, 4255, 2802, 2300
2026/3/3, 19:00:00, 65.15, 65.43, 64.14, 64.76, 8188, 6548, 3618, 4570
2026/3/3, 20:00:00, 64.75, 65.08, 64.64, 65.04, 2068, 1918, 966, 1102
2026/3/3, 21:00:00, 65.03, 65.41, 64.90, 65.35, 831, 758, 369, 462
2026/3/3, 23:00:00, 65.21, 65.70, 65.20, 65.61, 64, 53, 15, 49
2026/3/4, 00:00:00, 65.75, 65.76, 65.00, 65.32, 119, 106, 74, 45
2026/3/4, 01:00:00, 65.32, 65.52, 64.75, 65.03, 601, 535, 334, 267
2026/3/4, 02:00:00, 65.11, 65.46, 65.04, 65.36, 247, 222, 165, 82
2026/3/4, 03:00:00, 65.34, 65.57, 64.99, 65.26, 236, 217, 116, 120
2026/3/4, 04:00:00, 65.26, 65.37, 65.21, 65.30, 235, 234, 140, 95
2026/3/4, 05:00:00, 65.33, 65.88, 65.16, 65.55, 455, 436, 253, 202
2026/3/4, 06:00:00, 65.50, 66.00, 65.44, 66.00, 508, 470, 164, 344
2026/3/4, 07:00:00, 65.95, 66.08, 65.64, 65.86, 1254, 1181, 614, 640
2026/3/4, 08:00:00, 65.82, 66.22, 65.60, 65.86, 1799, 1776, 948, 851
2026/3/4, 09:00:00, 65.85, 65.99, 65.36, 65.93, 2066, 2041, 1154, 912
2026/3/4, 10:00:00, 65.93, 65.93, 65.02, 65.22, 3978, 3804, 2159, 1819
2026/3/4, 11:00:00, 65.20, 65.46, 65.05, 65.38, 1528, 1498, 813, 715
2026/3/4, 12:00:00, 65.37, 65.48, 64.92, 65.12, 2043, 2002, 1069, 974
2026/3/4, 13:00:00, 65.15, 65.15, 64.44, 65.09, 4309, 4061, 2145, 2164
2026/3/4, 14:00:00, 65.13, 65.74, 64.99, 65.39, 6231, 5700, 2866, 3365
2026/3/4, 15:00:00, 65.39, 65.57, 65.18, 65.37, 4633, 4127, 2066, 2567
2026/3/4, 16:00:00, 65.37, 65.73, 65.14, 65.61, 2665, 2584, 1406, 1259
2026/3/4, 17:00:00, 65.61, 65.90, 65.56, 65.82, 2992, 2753, 1403, 1589
2026/3/4, 18:00:00, 65.83, 65.93, 65.55, 65.72, 2559, 2296, 1167, 1392
2026/3/4, 19:00:00, 65.73, 65.75, 65.50, 65.56, 2486, 2166, 1325, 1161
2026/3/4, 20:00:00, 65.55, 65.82, 65.47, 65.49, 2031, 1726, 1045, 986
2026/3/4, 21:00:00, 65.51, 65.95, 65.46, 65.88, 1272, 1029, 622, 650
2026/3/4, 23:00:00, 65.87, 65.95, 65.76, 65.79, 37, 36, 23, 14
2026/3/5, 00:00:00, 65.77, 65.77, 65.52, 65.67, 261, 221, 188, 73
2026/3/5, 01:00:00, 65.70, 66.34, 65.68, 66.34, 510, 453, 182, 328
2026/3/5, 02:00:00, 66.33, 66.54, 66.08, 66.51, 857, 700, 385, 472
2026/3/5, 03:00:00, 66.41, 66.52, 66.20, 66.32, 317, 265, 157, 160
2026/3/5, 04:00:00, 66.30, 66.65, 66.25, 66.33, 471, 414, 248, 223
2026/3/5, 05:00:00, 66.38, 66.84, 66.29, 66.63, 904, 715, 323, 581
2026/3/5, 06:00:00, 66.60, 66.68, 65.80, 66.12, 911, 793, 603, 308
2026/3/5, 07:00:00, 66.15, 66.55, 66.15, 66.45, 1367, 1349, 592, 775
2026/3/5, 08:00:00, 66.42, 67.05, 66.28, 66.70, 3058, 2833, 1201, 1857
2026/3/5, 09:00:00, 66.68, 66.73, 65.67, 66.58, 4489, 4438, 2364, 2125
2026/3/5, 10:00:00, 66.59, 66.63, 66.24, 66.62, 1382, 1366, 714, 668
2026/3/5, 11:00:00, 66.62, 66.91, 66.43, 66.79, 1375, 1338, 598, 777
2026/3/5, 12:00:00, 66.78, 66.82, 66.39, 66.67, 2449, 2283, 1092, 1357
2026/3/5, 13:00:00, 66.68, 66.82, 66.33, 66.63, 2678, 2503, 1305, 1373
2026/3/5, 14:00:00, 66.63, 66.98, 66.45, 66.81, 5512, 4956, 2244, 3268
2026/3/5, 15:00:00, 66.78, 67.07, 66.63, 66.72, 7082, 5872, 2575, 4507
2026/3/5, 16:00:00, 66.73, 67.14, 66.54, 66.95, 5752, 5236, 2763, 2989
2026/3/5, 17:00:00, 66.94, 67.38, 66.88, 67.35, 4641, 4032, 1988, 2653
2026/3/5, 18:00:00, 67.34, 67.59, 67.23, 67.37, 4509, 4140, 2407, 2102
2026/3/5, 19:00:00, 67.35, 67.59, 67.05, 67.43, 4511, 3969, 2282, 2229
2026/3/5, 20:00:00, 67.42, 67.57, 66.78, 67.09, 6172, 5705, 2936, 3236
2026/3/5, 21:00:00, 67.08, 67.13, 66.52, 67.09, 1002, 878, 494, 508
2026/3/5, 23:00:00, 67.13, 67.28, 66.82, 67.21, 125, 109, 69, 56
2026/3/6, 00:00:00, 67.18, 67.33, 66.76, 67.13, 249, 236, 91, 158
2026/3/6, 01:00:00, 67.12, 67.30, 66.75, 67.24, 565, 511, 288, 277
2026/3/6, 02:00:00, 67.24, 67.26, 66.87, 67.18, 448, 388, 213, 235
2026/3/6, 03:00:00, 67.15, 67.27, 67.06, 67.17, 170, 163, 105, 65
2026/3/6, 04:00:00, 67.14, 67.17, 66.98, 67.13, 275, 248, 187, 88
2026/3/6, 05:00:00, 67.16, 67.29, 67.02, 67.27, 207, 194, 130, 77
2026/3/6, 06:00:00, 67.28, 67.50, 67.16, 67.32, 523, 494, 295, 228
2026/3/6, 07:00:00, 67.30, 67.43, 67.09, 67.41, 1241, 1179, 713, 528
2026/3/6, 08:00:00, 67.37, 67.67, 67.27, 67.42, 1520, 1481, 751, 769
2026/3/6, 09:00:00, 67.40, 68.48, 67.31, 68.43, 4044, 3668, 1634, 2410
2026/3/6, 10:00:00, 68.41, 68.59, 68.06, 68.33, 3467, 3270, 1555, 1912
2026/3/6, 11:00:00, 68.33, 69.37, 68.30, 69.10, 5126, 4409, 2223, 2903
2026/3/6, 12:00:00, 69.09, 69.38, 68.75, 69.16, 3693, 3466, 1849, 1844
2026/3/6, 13:00:00, 69.14, 69.56, 68.38, 69.18, 6632, 6067, 3101, 3531
2026/3/6, 14:00:00, 69.19, 69.61, 68.95, 69.20, 7181, 6141, 3139, 4042
2026/3/6, 15:00:00, 69.20, 69.34, 68.43, 68.55, 5975, 5241, 2668, 3307
2026/3/6, 16:00:00, 68.57, 68.68, 68.18, 68.53, 5579, 5115, 2633, 2946
2026/3/6, 17:00:00, 68.52, 69.09, 68.43, 68.82, 10068, 8829, 4038, 6030
2026/3/6, 18:00:00, 68.81, 68.87, 68.34, 68.76, 8831, 8127, 4221, 4610
2026/3/6, 19:00:00, 68.75, 69.40, 68.47, 69.27, 8356, 7829, 3726, 4630
2026/3/6, 20:00:00, 69.26, 69.28, 68.71, 68.88, 4891, 4467, 2170, 2721
2026/3/6, 21:00:00, 68.89, 69.42, 68.75, 69.07, 2368, 1822, 711, 1657
2026/3/8, 22:00:00, 70.36, 75.00, 70.04, 74.40, 6837, 5245, 2650, 4187
2026/3/8, 23:00:00, 74.47, 74.56, 73.06, 73.92, 4263, 3678, 1812, 2451
2026/3/9, 00:00:00, 73.92, 74.23, 73.52, 73.57, 7606, 7151, 2722, 4884
2026/3/9, 01:00:00, 73.57, 74.95, 73.45, 74.81, 7237, 6997, 3404, 3833
2026/3/9, 02:00:00, 74.82, 76.28, 74.20, 75.38, 7349, 7029, 3647, 3702
2026/3/9, 03:00:00, 75.27, 76.83, 74.49, 76.43, 3796, 3720, 1937, 1859
2026/3/9, 04:00:00, 76.43, 76.43, 75.15, 75.18, 1548, 1348, 729, 819
2026/3/9, 05:00:00, 75.19, 75.28, 71.40, 72.22, 4643, 3909, 2736, 1907
2026/3/9, 06:00:00, 72.26, 73.96, 71.97, 73.15, 3524, 3444, 1710, 1814
2026/3/9, 07:00:00, 73.06, 73.08, 71.61, 71.91, 3595, 3455, 1878, 1717
2026/3/9, 08:00:00, 71.93, 73.96, 71.52, 73.45, 4107, 3751, 1938, 2169
2026/3/9, 09:00:00, 73.45, 74.12, 71.21, 72.34, 3931, 3706, 1861, 2070
2026/3/9, 10:00:00, 72.32, 72.70, 71.86, 71.95, 5415, 5132, 2632, 2783
2026/3/9, 11:00:00, 71.98, 72.01, 71.23, 71.42, 5773, 5153, 2817, 2956
2026/3/9, 12:00:00, 71.41, 71.96, 70.94, 71.58, 7113, 6681, 3490, 3623
2026/3/9, 13:00:00, 71.57, 71.69, 70.34, 70.48, 11736, 11020, 5873, 5863
2026/3/9, 14:00:00, 70.49, 72.38, 70.32, 71.04, 8543, 8159, 4355, 4188
2026/3/9, 15:00:00, 71.02, 71.14, 68.96, 69.50, 12243, 11102, 5923, 6320
2026/3/9, 16:00:00, 69.50, 70.69, 69.43, 70.46, 12508, 11729, 6026, 6482
2026/3/9, 17:00:00, 70.46, 70.90, 70.09, 70.86, 6673, 6368, 3106, 3567
2026/3/9, 18:00:00, 70.84, 71.51, 70.37, 71.27, 10194, 9555, 4801, 5393
2026/3/9, 19:00:00, 71.31, 71.33, 66.81, 68.49, 9049, 8337, 5084, 3965
2026/3/9, 20:00:00, 68.54, 70.65, 68.01, 68.99, 3413, 3101, 1536, 1877
2026/3/9, 22:00:00, 69.25, 70.40, 68.76, 69.12, 743, 723, 424, 319
2026/3/9, 23:00:00, 69.16, 69.94, 69.14, 69.19, 474, 437, 284, 190
2026/3/10, 00:00:00, 69.15, 70.00, 68.16, 69.40, 1545, 1498, 894, 651
2026/3/10, 01:00:00, 69.37, 69.58, 68.04, 68.57, 2125, 2059, 1185, 940
2026/3/10, 02:00:00, 68.65, 70.00, 68.44, 69.80, 1206, 1171, 618, 588
2026/3/10, 03:00:00, 69.76, 69.82, 68.92, 69.48, 1558, 1493, 947, 611
2026/3/10, 04:00:00, 69.54, 69.81, 69.22, 69.60, 1056, 991, 519, 537
2026/3/10, 05:00:00, 69.56, 69.58, 68.53, 69.26, 1252, 1206, 706, 546
2026/3/10, 06:00:00, 69.27, 69.98, 69.04, 69.14, 843, 828, 459, 384
2026/3/10, 07:00:00, 69.13, 69.24, 68.04, 68.67, 3356, 3321, 1808, 1548
2026/3/10, 08:00:00, 68.63, 69.94, 68.51, 69.58, 4945, 4897, 2396, 2549
2026/3/10, 09:00:00, 69.57, 69.70, 69.03, 69.55, 4892, 4681, 2429, 2463
2026/3/10, 10:00:00, 69.59, 70.60, 69.45, 69.87, 3646, 3457, 1932, 1714
2026/3/10, 11:00:00, 69.85, 70.33, 69.10, 70.02, 3265, 2968, 1551, 1714
2026/3/10, 12:00:00, 70.02, 70.92, 69.87, 70.14, 3743, 3476, 1841, 1902
2026/3/10, 13:00:00, 70.18, 70.46, 69.33, 69.83, 8133, 7720, 4211, 3922
2026/3/10, 14:00:00, 69.82, 70.22, 68.61, 68.78, 7054, 6559, 3582, 3472
2026/3/10, 15:00:00, 68.77, 69.43, 68.47, 69.25, 5042, 4519, 2692, 2350
2026/3/10, 16:00:00, 69.26, 69.77, 68.37, 68.52, 6493, 5918, 3127, 3366
2026/3/10, 17:00:00, 68.51, 68.68, 66.73, 67.83, 13996, 12443, 6758, 7238
2026/3/10, 18:00:00, 67.84, 70.12, 67.74, 69.23, 13507, 11744, 6210, 7297
2026/3/10, 19:00:00, 69.21, 70.46, 69.16, 70.17, 5249, 4876, 2730, 2519
2026/3/10, 20:00:00, 70.13, 70.18, 69.59, 69.81, 1885, 1740, 772, 1113
2026/3/10, 22:00:00, 70.27, 70.68, 70.18, 70.60, 443, 433, 187, 256
2026/3/10, 23:00:00, 70.59, 70.62, 69.69, 69.86, 565, 552, 318, 247
2026/3/11, 00:00:00, 69.92, 70.03, 68.65, 69.56, 1632, 1617, 882, 750
2026/3/11, 01:00:00, 69.56, 69.96, 69.27, 69.58, 1128, 1117, 569, 559
2026/3/11, 02:00:00, 69.51, 70.56, 69.50, 70.22, 784, 765, 359, 425
2026/3/11, 03:00:00, 70.27, 70.36, 69.61, 69.62, 780, 773, 382, 398
2026/3/11, 04:00:00, 69.62, 70.08, 69.58, 69.83, 437, 432, 203, 234
2026/3/11, 05:00:00, 69.80, 70.55, 69.75, 70.25, 631, 584, 326, 305
2026/3/11, 06:00:00, 70.31, 70.46, 69.81, 69.81, 483, 467, 241, 242
2026/3/11, 07:00:00, 69.79, 70.52, 69.67, 70.17, 1549, 1497, 754, 795
2026/3/11, 08:00:00, 70.16, 70.69, 69.79, 70.50, 3232, 3183, 1615, 1617
2026/3/11, 09:00:00, 70.49, 70.80, 70.41, 70.68, 4442, 4337, 1732, 2710
2026/3/11, 10:00:00, 70.66, 70.71, 69.58, 69.69, 4326, 4268, 2203, 2123
2026/3/11, 11:00:00, 69.71, 70.72, 69.59, 70.28, 4751, 4609, 2379, 2372
2026/3/11, 12:00:00, 70.27, 70.79, 70.13, 70.45, 4256, 4053, 2059, 2197
2026/3/11, 13:00:00, 70.45, 70.54, 69.60, 69.76, 6926, 6535, 3520, 3406
2026/3/11, 14:00:00, 69.79, 70.41, 69.16, 70.25, 8512, 7831, 4207, 4305
2026/3/11, 15:00:00, 70.24, 70.85, 70.20, 70.80, 5531, 5265, 2547, 2984
2026/3/11, 16:00:00, 70.79, 71.11, 70.29, 70.67, 5261, 4873, 2471, 2790
2026/3/11, 17:00:00, 70.66, 71.53, 70.40, 71.52, 5463, 4984, 2597, 2866
2026/3/11, 18:00:00, 71.52, 72.61, 71.51, 72.29, 8050, 6789, 3677, 4373
2026/3/11, 19:00:00, 72.30, 72.76, 72.17, 72.75, 2090, 1913, 994, 1096
2026/3/11, 20:00:00, 72.74, 72.95, 72.35, 72.55, 1937, 1777, 940, 997
2026/3/11, 22:00:00, 72.83, 74.05, 72.65, 73.59, 764, 659, 294, 470
2026/3/11, 23:00:00, 73.63, 75.40, 73.23, 74.37, 2138, 1864, 1136, 1002
2026/3/12, 00:00:00, 74.34, 75.04, 73.56, 73.69, 2025, 1837, 998, 1027
2026/3/12, 01:00:00, 73.65, 73.93, 72.86, 73.36, 1100, 976, 669, 431
2026/3/12, 02:00:00, 73.36, 74.50, 73.32, 73.93, 1197, 1123, 560, 637
2026/3/12, 03:00:00, 73.89, 74.34, 73.85, 73.99, 1107, 1029, 655, 452
2026/3/12, 04:00:00, 74.00, 74.35, 73.92, 74.13, 702, 685, 403, 299
2026/3/12, 05:00:00, 74.13, 74.23, 73.36, 73.64, 2043, 1962, 1157, 886
2026/3/12, 06:00:00, 73.63, 73.70, 72.64, 72.96, 1684, 1601, 891, 793
2026/3/12, 07:00:00, 72.95, 72.99, 72.20, 72.64, 2967, 2871, 1619, 1348
2026/3/12, 08:00:00, 72.60, 73.66, 72.48, 73.29, 2509, 2446, 1233, 1276
2026/3/12, 09:00:00, 73.29, 73.63, 72.98, 73.00, 2318, 2268, 1112, 1206
2026/3/12, 10:00:00, 73.00, 73.45, 72.59, 72.79, 2330, 2229, 1167, 1163
2026/3/12, 11:00:00, 72.81, 73.81, 72.72, 73.75, 1863, 1528, 1105, 758
2026/3/12, 12:00:00, 73.74, 74.14, 73.43, 73.65, 1971, 1815, 871, 1100
2026/3/12, 13:00:00, 73.66, 74.42, 73.48, 74.12, 4985, 4707, 2525, 2460
2026/3/12, 14:00:00, 74.11, 74.41, 73.32, 73.93, 5328, 5003, 2678, 2650
2026/3/12, 15:00:00, 73.94, 74.64, 73.39, 73.96, 6507, 6041, 3144, 3363
2026/3/12, 16:00:00, 73.97, 74.33, 73.38, 74.02, 5135, 4610, 2459, 2676
2026/3/12, 17:00:00, 74.03, 74.68, 73.98, 74.43, 3577, 3244, 1626, 1951
2026/3/12, 18:00:00, 74.42, 75.97, 74.28, 75.92, 5840, 5080, 2607, 3233
2026/3/12, 19:00:00, 75.93, 76.15, 75.53, 75.71, 2616, 2318, 1240, 1376
2026/3/12, 20:00:00, 75.72, 75.90, 75.28, 75.88, 1989, 1790, 970, 1019
2026/3/12, 22:00:00, 75.90, 76.51, 75.69, 75.69, 457, 410, 220, 237
2026/3/12, 23:00:00, 75.69, 76.21, 75.66, 75.68, 232, 222, 107, 125
2026/3/13, 00:00:00, 75.69, 75.87, 75.28, 75.46, 787, 763, 412, 375
2026/3/13, 01:00:00, 75.44, 75.82, 75.00, 75.68, 885, 853, 480, 405
2026/3/13, 02:00:00, 75.67, 76.00, 75.43, 75.88, 567, 549, 319, 248
2026/3/13, 03:00:00, 75.87, 76.05, 75.49, 75.53, 583, 570, 331, 252
2026/3/13, 04:00:00, 75.47, 75.73, 75.34, 75.42, 233, 229, 145, 88
2026/3/13, 05:00:00, 75.41, 75.54, 75.15, 75.30, 344, 344, 187, 157
2026/3/13, 06:00:00, 75.24, 75.58, 74.86, 75.58, 849, 788, 439, 410
2026/3/13, 07:00:00, 75.58, 76.48, 75.48, 76.32, 1189, 1136, 553, 636
2026/3/13, 08:00:00, 76.31, 76.46, 75.30, 75.56, 1624, 1594, 812, 812
2026/3/13, 09:00:00, 75.51, 75.82, 75.14, 75.58, 1374, 1315, 720, 654
2026/3/13, 10:00:00, 75.53, 75.73, 75.14, 75.47, 2015, 1931, 1097, 918
2026/3/13, 11:00:00, 75.47, 75.76, 75.14, 75.47, 2280, 2145, 1153, 1127
2026/3/13, 12:00:00, 75.46, 75.52, 74.26, 75.01, 2790, 2527, 1403, 1387
2026/3/13, 13:00:00, 75.02, 75.27, 74.50, 75.03, 3752, 3242, 1615, 2137
2026/3/13, 14:00:00, 75.03, 75.28, 74.71, 75.19, 3014, 2710, 1422, 1592
2026/3/13, 15:00:00, 75.17, 75.62, 75.11, 75.56, 2945, 2699, 1319, 1626
2026/3/13, 16:00:00, 75.58, 75.80, 75.06, 75.22, 2723, 2348, 999, 1724
2026/3/13, 17:00:00, 75.21, 75.84, 74.91, 75.62, 3981, 3077, 1585, 2396
2026/3/13, 18:00:00, 75.61, 76.46, 75.52, 75.68, 4071, 3466, 2068, 2003
2026/3/13, 19:00:00, 75.68, 76.00, 75.52, 75.90, 1948, 1696, 918, 1030
2026/3/13, 20:00:00, 75.91, 76.40, 75.87, 76.37, 1052, 864, 452, 600
2026/3/15, 22:00:00, 77.20, 77.49, 76.51, 76.59, 1198, 1022, 505, 693
2026/3/15, 23:00:00, 76.62, 77.01, 76.21, 76.41, 1260, 1036, 691, 569
2026/3/16, 00:00:00, 76.41, 76.41, 75.82, 75.86, 413, 332, 220, 193
2026/3/16, 01:00:00, 75.84, 76.16, 75.49, 75.91, 298, 290, 135, 163
2026/3/16, 02:00:00, 75.97, 76.52, 75.88, 76.46, 239, 190, 82, 157
2026/3/16, 03:00:00, 76.40, 76.59, 76.29, 76.42, 125, 123, 62, 63
2026/3/16, 04:00:00, 76.43, 76.54, 76.37, 76.51, 58, 58, 30, 28
2026/3/16, 05:00:00, 76.51, 76.63, 76.03, 76.03, 171, 171, 92, 79
2026/3/16, 06:00:00, 76.00, 76.51, 75.88, 76.22, 151, 145, 71, 80
2026/3/16, 07:00:00, 76.17, 76.93, 76.09, 76.61, 993, 973, 456, 537
2026/3/16, 08:00:00, 76.64, 76.84, 76.42, 76.51, 1180, 1177, 638, 542
2026/3/16, 09:00:00, 76.52, 76.66, 76.35, 76.41, 978, 977, 479, 499
2026/3/16, 10:00:00, 76.39, 76.52, 75.32, 75.37, 1760, 1697, 804, 956
2026/3/16, 11:00:00, 75.40, 75.93, 75.34, 75.82, 1593, 1547, 751, 842
2026/3/16, 12:00:00, 75.84, 76.13, 74.89, 75.22, 3094, 3011, 1476, 1618
2026/3/16, 13:00:00, 75.23, 75.62, 74.16, 74.42, 4399, 4194, 2389, 2010
2026/3/16, 14:00:00, 74.41, 75.83, 74.28, 75.73, 3678, 3427, 1835, 1843
2026/3/16, 15:00:00, 75.75, 75.87, 75.38, 75.63, 2156, 2031, 1082, 1074
2026/3/16, 16:00:00, 75.64, 76.15, 75.53, 75.90, 2827, 2648, 1367, 1460
2026/3/16, 17:00:00, 75.91, 75.91, 74.87, 75.08, 3305, 3087, 1934, 1371
2026/3/16, 18:00:00, 75.08, 75.18, 74.56, 74.83, 4530, 4232, 2079, 2451
2026/3/16, 19:00:00, 74.83, 75.22, 74.83, 75.09, 2949, 2699, 1604, 1345
2026/3/16, 20:00:00, 75.07, 75.24, 74.71, 75.17, 954, 799, 451, 503
2026/3/16, 22:00:00, 75.20, 76.20, 75.20, 76.20, 602, 534, 400, 202
2026/3/16, 23:00:00, 76.20, 76.29, 75.75, 75.82, 238, 208, 106, 132
2026/3/17, 00:00:00, 75.79, 76.17, 75.70, 76.07, 441, 423, 169, 272
2026/3/17, 01:00:00, 76.05, 76.19, 75.71, 76.05, 242, 238, 136, 106
2026/3/17, 02:00:00, 76.10, 76.10, 75.82, 75.95, 99, 99, 51, 48
2026/3/17, 03:00:00, 75.97, 76.18, 75.92, 76.09, 113, 104, 47, 66
2026/3/17, 04:00:00, 76.09, 76.16, 75.92, 76.13, 158, 148, 69, 89
2026/3/17, 05:00:00, 76.14, 76.94, 75.84, 76.87, 265, 262, 120, 145
2026/3/17, 06:00:00, 76.80, 77.11, 76.58, 76.81, 395, 368, 168, 227
2026/3/17, 07:00:00, 76.76, 76.85, 76.36, 76.61, 1097, 1041, 583, 514
2026/3/17, 08:00:00, 76.61, 77.27, 76.55, 77.20, 1527, 1474, 673, 854
2026/3/17, 09:00:00, 77.19, 77.20, 76.67, 76.94, 1507, 1482, 776, 731
2026/3/17, 10:00:00, 76.94, 77.29, 76.94, 77.20, 954, 914, 420, 534
2026/3/17, 11:00:00, 77.20, 77.45, 77.17, 77.42, 912, 885, 428, 484
2026/3/17, 12:00:00, 77.42, 77.46, 76.40, 76.41, 1909, 1855, 947, 962
2026/3/17, 13:00:00, 76.42, 76.58, 75.64, 76.18, 3416, 3120, 1712, 1704
2026/3/17, 14:00:00, 76.21, 76.56, 75.68, 75.87, 1954, 1759, 970, 984
2026/3/17, 15:00:00, 75.84, 76.70, 75.79, 76.52, 3713, 3102, 1656, 2057
2026/3/17, 16:00:00, 76.53, 76.58, 75.81, 76.00, 2678, 2477, 1374, 1304
2026/3/17, 17:00:00, 76.01, 76.31, 75.88, 76.28, 1941, 1793, 933, 1008
2026/3/17, 18:00:00, 76.25, 76.68, 76.01, 76.68, 3780, 3554, 2003, 1777
2026/3/17, 19:00:00, 76.68, 76.78, 76.48, 76.64, 1917, 1785, 773, 1144
2026/3/17, 20:00:00, 76.64, 76.90, 76.60, 76.81, 902, 765, 366, 536
2026/3/17, 22:00:00, 76.71, 76.87, 76.34, 76.80, 188, 180, 82, 106
2026/3/17, 23:00:00, 76.78, 76.90, 76.75, 76.86, 160, 117, 52, 108
2026/3/18, 00:00:00, 76.84, 76.90, 76.22, 76.37, 363, 351, 242, 121
2026/3/18, 01:00:00, 76.35, 76.54, 76.12, 76.41, 139, 129, 61, 78
2026/3/18, 02:00:00, 76.34, 76.55, 75.77, 76.08, 250, 244, 150, 100
2026/3/18, 03:00:00, 76.12, 76.14, 75.39, 75.40, 407, 307, 227, 180
2026/3/18, 04:00:00, 75.46, 75.52, 75.16, 75.47, 226, 210, 135, 91
2026/3/18, 05:00:00, 75.48, 75.72, 75.21, 75.23, 200, 186, 113, 87
2026/3/18, 06:00:00, 75.31, 75.47, 75.00, 75.31, 188, 182, 119, 69
2026/3/18, 07:00:00, 75.28, 75.70, 75.28, 75.66, 638, 619, 337, 301
2026/3/18, 08:00:00, 75.68, 76.12, 75.60, 75.90, 1317, 1287, 627, 690
2026/3/18, 09:00:00, 75.97, 76.17, 75.86, 76.03, 1069, 1001, 527, 542
2026/3/18, 10:00:00, 76.04, 76.17, 75.88, 76.02, 918, 878, 474, 444
2026/3/18, 11:00:00, 76.02, 76.90, 75.87, 76.26, 3460, 3242, 1587, 1873
2026/3/18, 12:00:00, 76.28, 77.83, 76.22, 77.78, 6605, 6072, 2801, 3804
2026/3/18, 13:00:00, 77.77, 78.29, 77.57, 78.04, 7006, 6564, 3422, 3584
2026/3/18, 14:00:00, 78.02, 78.23, 77.62, 77.88, 5161, 4704, 2604, 2557
2026/3/18, 15:00:00, 77.90, 78.19, 77.52, 77.97, 5137, 4831, 2414, 2723
2026/3/18, 16:00:00, 77.98, 78.15, 77.78, 77.92, 3899, 3554, 1833, 2066
2026/3/18, 17:00:00, 77.89, 78.27, 77.33, 77.51, 4324, 3962, 2149, 2175
2026/3/18, 18:00:00, 77.52, 78.15, 77.04, 77.83, 7579, 7028, 3446, 4133
2026/3/18, 19:00:00, 77.83, 78.65, 77.70, 78.32, 6381, 5569, 3416, 2965
2026/3/18, 20:00:00, 78.33, 79.17, 78.20, 78.99, 2116, 1625, 824, 1292
2026/3/18, 22:00:00, 78.74, 79.14, 78.47, 78.96, 518, 441, 214, 304
2026/3/18, 23:00:00, 78.91, 79.07, 78.55, 78.98, 359, 347, 190, 169
2026/3/19, 00:00:00, 78.97, 79.25, 78.59, 78.69, 577, 490, 369, 208
2026/3/19, 01:00:00, 78.60, 78.78, 78.31, 78.77, 435, 357, 272, 163
2026/3/19, 02:00:00, 78.72, 78.77, 77.90, 78.32, 952, 767, 558, 394
2026/3/19, 03:00:00, 78.39, 78.44, 77.89, 78.19, 159, 143, 64, 95
2026/3/19, 04:00:00, 78.24, 78.42, 78.08, 78.42, 76, 66, 30, 46
