Date, Time, Open, High, Low, Last, Volume, NumberOfTrades, BidVolume, AskVolume
2026/2/17, 23:00:00, 4898.5, 4902.2, 4868.5, 4876.9, 2348, 2073, 1095, 1253
2026/2/18, 00:00:00, 4876.0, 4901.2, 4875.8, 4891.8, 1737, 1606, 874, 863
2026/2/18, 01:00:00, 4891.8, 4911.7, 4891.8, 4908.0, 2109, 1767, 1207, 902
2026/2/18, 02:00:00, 4907.3, 4925.8, 4904.6, 4923.8, 1711, 1520, 872, 839
2026/2/18, 03:00:00, 4924.0, 4940.6, 4922.7, 4939.5, 1658, 1532, 753, 905
2026/2/18, 04:00:00, 4939.1, 4961.8, 4937.0, 4953.0, 1813, 1608, 850, 963
2026/2/18, 05:00:00, 4953.5, 4959.1, 4949.2, 4952.4, 980, 882, 551, 429
2026/2/18, 06:00:00, 4952.7, 4955.3, 4944.2, 4949.7, 1364, 1185, 727, 637
2026/2/18, 07:00:00, 4949.6, 4962.2, 4948.6, 4949.5, 2036, 1812, 1069, 967
2026/2/18, 08:00:00, 4950.2, 4953.2, 4936.3, 4937.7, 3341, 2848, 1797, 1544
2026/2/18, 09:00:00, 4937.5, 4943.5, 4933.1, 4937.9, 3007, 2467, 1493, 1514
2026/2/18, 10:00:00, 4937.4, 4945.4, 4929.3, 4935.0, 3795, 3360, 2183, 1612
2026/2/18, 11:00:00, 4934.5, 4938.2, 4925.9, 4933.4, 2096, 1826, 1142, 954
2026/2/18, 12:00:00, 4932.7, 4967.5, 4931.9, 4963.5, 5975, 5062, 2958, 3017
2026/2/18, 13:00:00, 4963.3, 4989.8, 4962.9, 4974.2, 10027, 8658, 5154, 4873
2026/2/18, 14:00:00, 4975.0, 5015.5, 4972.6, 5012.3, 10445, 9182, 5070, 5375
2026/2/18, 15:00:00, 5012.1, 5029.6, 5011.7, 5018.8, 11378, 9883, 5932, 5446
2026/2/18, 16:00:00, 5018.9, 5031.9, 5011.5, 5021.2, 6033, 5225, 3217, 2816
2026/2/18, 17:00:00, 5021.4, 5022.8, 5014.2, 5020.1, 3060, 2671, 1657, 1403
2026/2/18, 18:00:00, 5020.2, 5024.2, 5001.2, 5008.2, 5723, 5066, 3076, 2647
2026/2/18, 19:00:00, 5007.6, 5016.4, 4993.7, 5000.7, 4980, 4229, 2534, 2446
2026/2/18, 20:00:00, 5000.7, 5008.4, 4995.9, 5005.3, 2719, 2408, 1435, 1284
2026/2/18, 21:00:00, 5004.9, 5006.7, 4995.6, 4996.1, 817, 741, 452, 365
2026/2/18, 23:00:00, 4993.7, 5007.8, 4971.5, 4994.8, 2123, 1907, 1010, 1113
2026/2/19, 00:00:00, 4994.6, 4994.8, 4978.5, 4980.2, 1674, 1544, 826, 848
2026/2/19, 01:00:00, 4980.2, 4995.0, 4979.1, 4992.1, 1166, 1113, 539, 627
2026/2/19, 02:00:00, 4992.7, 4996.2, 4984.9, 4986.9, 1036, 961, 536, 500
2026/2/19, 03:00:00, 4986.9, 5002.6, 4985.2, 5000.4, 1625, 1406, 773, 852
2026/2/19, 04:00:00, 5000.0, 5004.7, 4995.3, 5002.7, 1171, 1071, 580, 591
2026/2/19, 05:00:00, 5002.5, 5017.6, 5002.5, 5015.5, 1449, 1329, 624, 825
2026/2/19, 06:00:00, 5015.1, 5038.0, 5014.4, 5035.4, 2583, 2266, 1165, 1418
2026/2/19, 07:00:00, 5036.5, 5039.8, 5026.9, 5028.0, 2226, 1928, 1144, 1082
2026/2/19, 08:00:00, 5028.0, 5040.9, 5023.9, 5035.5, 2639, 2295, 1356, 1283
2026/2/19, 09:00:00, 5035.8, 5039.1, 5012.0, 5014.4, 4007, 3473, 2194, 1813
2026/2/19, 10:00:00, 5014.4, 5015.2, 5000.7, 5013.0, 4144, 3591, 2248, 1896
2026/2/19, 11:00:00, 5013.0, 5016.8, 4997.1, 5003.3, 3695, 3252, 1904, 1791
2026/2/19, 12:00:00, 5003.8, 5012.0, 4999.8, 5004.4, 2774, 2436, 1366, 1408
2026/2/19, 13:00:00, 5005.1, 5018.5, 4990.1, 5016.6, 5515, 4973, 2758, 2757
2026/2/19, 14:00:00, 5016.5, 5029.6, 4982.0, 5024.6, 10390, 9189, 5197, 5193
2026/2/19, 15:00:00, 5025.2, 5042.8, 5014.7, 5033.4, 11442, 9946, 5888, 5554
2026/2/19, 16:00:00, 5033.9, 5034.2, 5008.8, 5014.2, 6520, 5764, 3454, 3066
2026/2/19, 17:00:00, 5014.2, 5021.1, 5001.9, 5004.2, 3650, 3256, 1917, 1733
2026/2/19, 18:00:00, 5004.5, 5008.8, 4994.0, 5000.7, 4662, 4111, 2444, 2218
2026/2/19, 19:00:00, 5000.7, 5009.7, 4996.8, 5006.5, 2154, 1899, 1006, 1148
2026/2/19, 20:00:00, 5006.9, 5022.2, 5006.9, 5020.6, 2421, 2067, 1051, 1370
2026/2/19, 21:00:00, 5020.7, 5022.8, 5010.2, 5015.5, 1648, 1508, 862, 786
2026/2/19, 23:00:00, 5015.0, 5026.5, 5003.5, 5005.6, 1489, 1364, 766, 723
2026/2/20, 00:00:00, 5006.4, 5025.5, 5003.5, 5024.5, 1023, 946, 437, 586
2026/2/20, 01:00:00, 5024.6, 5033.4, 5012.9, 5015.4, 2139, 1967, 1091, 1048
2026/2/20, 02:00:00, 5015.5, 5025.7, 5010.6, 5013.7, 1681, 1515, 797, 884
2026/2/20, 03:00:00, 5013.7, 5017.2, 4999.3, 5006.0, 1756, 1657, 937, 819
2026/2/20, 04:00:00, 5005.6, 5021.2, 5004.2, 5017.2, 716, 673, 297, 419
2026/2/20, 05:00:00, 5018.1, 5030.1, 5015.9, 5030.1, 1417, 1359, 653, 764
2026/2/20, 06:00:00, 5030.5, 5048.9, 5029.7, 5039.6, 2899, 2684, 1424, 1475
2026/2/20, 07:00:00, 5040.3, 5047.3, 5024.6, 5025.3, 3315, 2905, 1678, 1637
2026/2/20, 08:00:00, 5025.6, 5050.6, 5023.8, 5048.7, 4041, 3557, 1846, 2195
2026/2/20, 09:00:00, 5048.5, 5063.0, 5046.9, 5047.6, 4898, 4330, 2540, 2358
2026/2/20, 10:00:00, 5047.8, 5058.1, 5038.5, 5054.6, 4684, 4069, 2430, 2254
2026/2/20, 11:00:00, 5054.7, 5054.8, 5034.7, 5036.8, 4353, 3841, 2316, 2037
2026/2/20, 12:00:00, 5037.0, 5045.6, 5025.7, 5044.5, 5455, 4700, 2707, 2748
2026/2/20, 13:00:00, 5044.1, 5068.7, 5037.7, 5063.5, 7035, 6153, 3799, 3236
2026/2/20, 14:00:00, 5063.1, 5081.2, 5056.8, 5074.8, 12271, 10612, 6011, 6260
2026/2/20, 15:00:00, 5073.6, 5084.5, 5005.5, 5062.3, 24015, 20635, 12136, 11879
2026/2/20, 16:00:00, 5062.3, 5089.8, 5058.2, 5087.0, 9069, 8097, 4527, 4542
2026/2/20, 17:00:00, 5087.0, 5097.3, 5075.2, 5093.7, 8027, 7251, 4017, 4010
2026/2/20, 18:00:00, 5093.7, 5097.0, 5075.1, 5094.0, 9544, 8534, 5144, 4400
2026/2/20, 19:00:00, 5093.6, 5104.6, 5091.1, 5102.4, 3753, 3262, 1886, 1867
2026/2/20, 20:00:00, 5102.3, 5120.7, 5099.8, 5119.4, 5167, 4605, 2627, 2540
2026/2/20, 21:00:00, 5119.5, 5131.0, 5114.3, 5130.0, 3518, 3186, 1656, 1862
2026/2/22, 23:00:00, 5128.8, 5194.2, 5120.4, 5187.2, 9468, 8106, 4408, 5060
2026/2/23, 00:00:00, 5187.0, 5188.5, 5151.0, 5165.9, 7644, 7090, 4102, 3542
2026/2/23, 01:00:00, 5166.3, 5190.0, 5161.6, 5179.4, 3444, 3201, 1600, 1844
2026/2/23, 02:00:00, 5179.1, 5198.8, 5178.8, 5195.0, 3154, 2931, 1448, 1706
2026/2/23, 03:00:00, 5195.2, 5197.6, 5173.2, 5188.4, 3156, 2904, 1618, 1538
2026/2/23, 04:00:00, 5188.3, 5190.3, 5177.3, 5182.0, 1697, 1621, 885, 812
2026/2/23, 05:00:00, 5182.0, 5183.3, 5173.9, 5179.9, 1680, 1588, 922, 758
2026/2/23, 06:00:00, 5180.3, 5183.2, 5166.1, 5167.3, 2488, 2240, 1397, 1091
2026/2/23, 07:00:00, 5167.4, 5176.3, 5145.1, 5157.6, 5996, 5379, 3069, 2927
2026/2/23, 08:00:00, 5157.5, 5162.9, 5142.8, 5161.0, 4469, 4038, 2174, 2295
2026/2/23, 09:00:00, 5160.7, 5170.6, 5159.4, 5170.1, 3818, 3323, 1916, 1902
2026/2/23, 10:00:00, 5170.4, 5184.8, 5165.6, 5184.0, 5900, 5161, 3065, 2835
2026/2/23, 11:00:00, 5184.0, 5184.5, 5167.3, 5170.3, 3136, 2960, 1677, 1459
2026/2/23, 12:00:00, 5170.3, 5186.4, 5165.9, 5185.0, 4414, 3875, 2270, 2144
2026/2/23, 13:00:00, 5185.0, 5186.4, 5164.1, 5166.2, 6305, 5546, 3113, 3192
2026/2/23, 14:00:00, 5165.9, 5221.9, 5161.5, 5213.5, 15158, 13324, 7435, 7723
2026/2/23, 15:00:00, 5213.1, 5226.2, 5201.6, 5216.6, 13043, 11764, 6656, 6387
2026/2/23, 16:00:00, 5216.3, 5240.9, 5196.0, 5230.4, 12301, 10939, 6344, 5957
2026/2/23, 17:00:00, 5231.1, 5234.5, 5211.2, 5227.4, 7095, 6253, 3593, 3502
2026/2/23, 18:00:00, 5228.0, 5235.9, 5220.8, 5229.5, 5096, 4586, 2749, 2347
2026/2/23, 19:00:00, 5229.0, 5238.4, 5226.4, 5235.4, 3042, 2727, 1515, 1527
2026/2/23, 20:00:00, 5235.0, 5257.3, 5234.6, 5255.6, 5223, 4358, 2415, 2808
2026/2/23, 21:00:00, 5255.2, 5256.5, 5245.9, 5247.9, 2074, 1877, 1083, 991
2026/2/23, 23:00:00, 5247.5, 5269.4, 5241.0, 5254.5, 3227, 2910, 1671, 1556
2026/2/24, 00:00:00, 5254.1, 5257.4, 5236.8, 5243.1, 5469, 4482, 2762, 2707
2026/2/24, 01:00:00, 5243.0, 5243.0, 5164.1, 5196.6, 15546, 13527, 7941, 7605
2026/2/24, 02:00:00, 5197.0, 5210.9, 5184.5, 5209.0, 3830, 3303, 1892, 1938
2026/2/24, 03:00:00, 5209.4, 5212.2, 5190.7, 5192.0, 1807, 1639, 1027, 780
2026/2/24, 04:00:00, 5191.5, 5195.3, 5181.0, 5188.6, 1985, 1817, 1026, 959
2026/2/24, 05:00:00, 5188.1, 5205.6, 5183.7, 5203.0, 2770, 2516, 1351, 1419
2026/2/24, 06:00:00, 5203.2, 5204.8, 5173.6, 5193.6, 3249, 2979, 1719, 1530
2026/2/24, 07:00:00, 5193.0, 5203.6, 5183.6, 5198.7, 4988, 4413, 2554, 2434
2026/2/24, 08:00:00, 5198.6, 5201.6, 5184.5, 5193.0, 4370, 3937, 2131, 2239
2026/2/24, 09:00:00, 5192.3, 5199.4, 5185.4, 5190.7, 2531, 2229, 1282, 1249
2026/2/24, 10:00:00, 5190.2, 5201.0, 5182.3, 5192.3, 4170, 3590, 1959, 2211
2026/2/24, 11:00:00, 5192.3, 5198.0, 5190.6, 5191.9, 1824, 1638, 884, 940
2026/2/24, 12:00:00, 5192.1, 5192.5, 5162.2, 5168.8, 7260, 6381, 3773, 3487
2026/2/24, 13:00:00, 5169.2, 5180.1, 5126.9, 5132.3, 14553, 12494, 7494, 7059
2026/2/24, 14:00:00, 5132.0, 5157.0, 5109.5, 5145.5, 18925, 16664, 8826, 10099
2026/2/24, 15:00:00, 5147.7, 5173.4, 5135.2, 5168.2, 10771, 9212, 5361, 5410
2026/2/24, 16:00:00, 5168.5, 5170.7, 5147.8, 5159.7, 6108, 5608, 3105, 3003
2026/2/24, 17:00:00, 5159.7, 5182.3, 5159.4, 5182.0, 5162, 4566, 2497, 2665
2026/2/24, 18:00:00, 5182.1, 5188.5, 5171.3, 5178.9, 6202, 5707, 3185, 3017
2026/2/24, 19:00:00, 5178.0, 5178.5, 5164.2, 5171.8, 3148, 2811, 1731, 1417
2026/2/24, 20:00:00, 5172.1, 5191.4, 5164.2, 5181.8, 4054, 3674, 2027, 2027
2026/2/24, 21:00:00, 5181.9, 5183.9, 5158.0, 5160.5, 1643, 1514, 936, 707
2026/2/24, 23:00:00, 5160.0, 5170.0, 5135.9, 5165.0, 2572, 2206, 1242, 1330
2026/2/25, 00:00:00, 5165.1, 5175.3, 5154.3, 5171.0, 1819, 1572, 929, 890
2026/2/25, 01:00:00, 5171.1, 5208.0, 5162.8, 5195.1, 5341, 4689, 2523, 2818
2026/2/25, 02:00:00, 5194.4, 5212.0, 5184.3, 5198.6, 3343, 3053, 1668, 1675
2026/2/25, 03:00:00, 5199.3, 5208.7, 5196.5, 5200.6, 2205, 2056, 1089, 1116
2026/2/25, 04:00:00, 5200.1, 5203.9, 5189.3, 5201.7, 1574, 1472, 827, 747
2026/2/25, 05:00:00, 5202.1, 5230.0, 5201.7, 5221.2, 4631, 4064, 2347, 2284
2026/2/25, 06:00:00, 5220.1, 5220.9, 5201.7, 5213.2, 2931, 2603, 1680, 1251
2026/2/25, 07:00:00, 5213.7, 5214.4, 5199.5, 5203.8, 2754, 2253, 1398, 1356
2026/2/25, 08:00:00, 5203.7, 5216.6, 5203.0, 5204.5, 2466, 2196, 1284, 1182
2026/2/25, 09:00:00, 5204.3, 5213.9, 5194.5, 5212.9, 4307, 3911, 2119, 2188
2026/2/25, 10:00:00, 5212.4, 5214.7, 5188.0, 5193.7, 4597, 4043, 2472, 2125
2026/2/25, 11:00:00, 5193.3, 5200.8, 5173.2, 5199.5, 5164, 4372, 2523, 2641
2026/2/25, 12:00:00, 5199.3, 5205.2, 5195.0, 5201.0, 3757, 3317, 1871, 1886
2026/2/25, 13:00:00, 5201.9, 5210.0, 5199.0, 5203.7, 5061, 4456, 2590, 2471
2026/2/25, 14:00:00, 5203.2, 5211.8, 5177.0, 5210.2, 11455, 10293, 5575, 5880
2026/2/25, 15:00:00, 5209.3, 5222.0, 5190.3, 5214.5, 11016, 9859, 5622, 5394
2026/2/25, 16:00:00, 5214.1, 5233.6, 5209.1, 5231.7, 7111, 6412, 3513, 3598
2026/2/25, 17:00:00, 5232.0, 5237.3, 5222.9, 5226.5, 5208, 4717, 2645, 2563
2026/2/25, 18:00:00, 5226.5, 5227.0, 5226.4, 5226.4, 8, 8, 2, 6
2026/2/25, 19:00:00, 5226.2, 5229.3, 5218.1, 5224.4, 2438, 2039, 1320, 1118
2026/2/25, 20:00:00, 5224.1, 5225.0, 5163.3, 5169.9, 8471, 7540, 4599, 3872
2026/2/25, 21:00:00, 5171.2, 5191.4, 5168.6, 5183.7, 3979, 3698, 1890, 2089
2026/2/25, 23:00:00, 5175.3, 5198.1, 5175.2, 5180.0, 3589, 3306, 1741, 1848
2026/2/26, 00:00:00, 5179.1, 5207.4, 5170.1, 5203.2, 3775, 3524, 1834, 1941
2026/2/26, 01:00:00, 5203.8, 5213.4, 5194.5, 5206.8, 3967, 3640, 2048, 1919
2026/2/26, 02:00:00, 5207.0, 5211.5, 5188.8, 5199.6, 2778, 2613, 1398, 1380
2026/2/26, 03:00:00, 5199.4, 5209.4, 5198.2, 5208.1, 1622, 1568, 803, 819
2026/2/26, 04:00:00, 5208.1, 5215.4, 5206.6, 5208.8, 1641, 1530, 870, 771
2026/2/26, 05:00:00, 5208.8, 5221.9, 5206.1, 5214.4, 2826, 2605, 1468, 1358
2026/2/26, 06:00:00, 5214.8, 5216.1, 5207.0, 5209.8, 2386, 2241, 1153, 1233
2026/2/26, 07:00:00, 5210.2, 5211.5, 5196.4, 5202.6, 3639, 3277, 1773, 1866
2026/2/26, 08:00:00, 5202.8, 5207.9, 5182.9, 5195.8, 5714, 5210, 2824, 2890
2026/2/26, 09:00:00, 5195.4, 5205.8, 5190.1, 5202.4, 3865, 3335, 1927, 1938
2026/2/26, 10:00:00, 5202.6, 5206.4, 5180.6, 5187.1, 5451, 4764, 2827, 2624
2026/2/26, 11:00:00, 5186.8, 5194.3, 5176.4, 5180.7, 3760, 3285, 1991, 1769
2026/2/26, 12:00:00, 5180.9, 5204.2, 5173.1, 5200.0, 5721, 5111, 2624, 3097
2026/2/26, 13:00:00, 5200.1, 5202.1, 5180.2, 5182.3, 6619, 6085, 3493, 3126
2026/2/26, 14:00:00, 5182.2, 5192.2, 5154.6, 5181.1, 12062, 11085, 5984, 6078
2026/2/26, 15:00:00, 5180.7, 5210.1, 5144.8, 5202.5, 17372, 15532, 8882, 8490
2026/2/26, 16:00:00, 5203.0, 5204.3, 5189.4, 5196.3, 7167, 6399, 3812, 3355
2026/2/26, 17:00:00, 5196.7, 5207.4, 5178.6, 5184.0, 5868, 5326, 3122, 2746
2026/2/26, 18:00:00, 5184.2, 5202.8, 5176.3, 5196.9, 7978, 7198, 4029, 3949
2026/2/26, 19:00:00, 5197.3, 5211.3, 5195.9, 5204.2, 4318, 3853, 2342, 1976
2026/2/26, 20:00:00, 5203.9, 5218.2, 5203.8, 5213.5, 4396, 3926, 2343, 2053
2026/2/26, 21:00:00, 5213.8, 5217.8, 5200.2, 5201.5, 1860, 1699, 994, 866
2026/2/26, 23:00:00, 5201.9, 5206.7, 5191.5, 5200.9, 1667, 1563, 796, 871
2026/2/27, 00:00:00, 5201.6, 5212.0, 5186.0, 5191.6, 2990, 2746, 1542, 1448
2026/2/27, 01:00:00, 5191.1, 5210.5, 5182.9, 5210.2, 3170, 2952, 1465, 1705
2026/2/27, 02:00:00, 5210.2, 5216.2, 5190.2, 5200.3, 4476, 4129, 2354, 2122
2026/2/27, 03:00:00, 5200.7, 5207.4, 5197.5, 5201.2, 2102, 1916, 1003, 1099
2026/2/27, 04:00:00, 5200.6, 5205.5, 5197.0, 5198.0, 985, 891, 541, 444
2026/2/27, 05:00:00, 5198.1, 5217.5, 5198.0, 5214.7, 2664, 2468, 1411, 1253
2026/2/27, 06:00:00, 5214.6, 5216.3, 5201.9, 5202.8, 2788, 2570, 1450, 1338
2026/2/27, 07:00:00, 5202.9, 5206.5, 5192.6, 5193.1, 5659, 5085, 2842, 2817
2026/2/27, 08:00:00, 5193.2, 5199.4, 5191.1, 5195.1, 2971, 2723, 1520, 1451
2026/2/27, 09:00:00, 5195.4, 5199.3, 5188.5, 5192.3, 3490, 3110, 1766, 1724
2026/2/27, 10:00:00, 5192.5, 5197.2, 5183.2, 5193.6, 4506, 4032, 2180, 2326
2026/2/27, 11:00:00, 5193.6, 5202.2, 5188.3, 5202.0, 2768, 2419, 1378, 1390
2026/2/27, 12:00:00, 5202.1, 5207.0, 5199.6, 5204.3, 3564, 3114, 1812, 1752
2026/2/27, 13:00:00, 5204.5, 5259.3, 5203.5, 5240.8, 22822, 20456, 11449, 11373
2026/2/27, 14:00:00, 5240.8, 5254.3, 5230.6, 5240.9, 12689, 11620, 6470, 6219
2026/2/27, 15:00:00, 5240.8, 5265.0, 5232.6, 5257.8, 16323, 14321, 8118, 8205
2026/2/27, 16:00:00, 5258.0, 5276.6, 5240.6, 5246.9, 13467, 12093, 6828, 6639
2026/2/27, 17:00:00, 5247.1, 5254.5, 5237.4, 5252.4, 7040, 6211, 3472, 3568
2026/2/27, 18:00:00, 5252.2, 5264.8, 5240.0, 5263.0, 7478, 6688, 3581, 3897
2026/2/27, 19:00:00, 5262.8, 5270.8, 5258.2, 5268.4, 4172, 3808, 2196, 1976
2026/2/27, 20:00:00, 5267.9, 5283.8, 5266.9, 5281.3, 4919, 4314, 2572, 2347
2026/2/27, 21:00:00, 5281.6, 5299.0, 5275.6, 5296.4, 4212, 3575, 1934, 2278
2026/3/1, 23:00:00, 5360.0, 5409.7, 5321.1, 5400.4, 22076, 18240, 10041, 12035
2026/3/2, 00:00:00, 5401.3, 5402.0, 5353.9, 5360.6, 7380, 6751, 3781, 3599
2026/3/2, 01:00:00, 5360.5, 5360.6, 5315.3, 5338.3, 12656, 11485, 6071, 6585
2026/3/2, 02:00:00, 5338.5, 5364.9, 5329.2, 5358.8, 4562, 4197, 2078, 2484
2026/3/2, 03:00:00, 5358.8, 5379.5, 5357.4, 5378.7, 2846, 2672, 1221, 1625
2026/3/2, 04:00:00, 5378.6, 5380.0, 5358.4, 5368.8, 2583, 2399, 1287, 1296
2026/3/2, 05:00:00, 5368.2, 5380.0, 5353.4, 5378.9, 3027, 2690, 1464, 1563
2026/3/2, 06:00:00, 5378.8, 5403.9, 5376.7, 5401.5, 5965, 5190, 2942, 3023
2026/3/2, 07:00:00, 5401.7, 5434.1, 5398.9, 5423.0, 10067, 8916, 5192, 4875
2026/3/2, 08:00:00, 5422.8, 5432.0, 5406.3, 5408.9, 9334, 8425, 4717, 4617
2026/3/2, 09:00:00, 5409.1, 5418.4, 5400.0, 5406.9, 6253, 5686, 3087, 3166
2026/3/2, 10:00:00, 5407.8, 5416.8, 5393.6, 5404.1, 7055, 6076, 3578, 3477
2026/3/2, 11:00:00, 5404.2, 5415.0, 5386.0, 5399.6, 5385, 4719, 2674, 2711
2026/3/2, 12:00:00, 5399.9, 5413.7, 5393.5, 5412.4, 5627, 5023, 2766, 2861
2026/3/2, 13:00:00, 5412.2, 5432.2, 5396.8, 5409.8, 13721, 12153, 7104, 6617
2026/3/2, 14:00:00, 5409.0, 5410.8, 5318.6, 5346.4, 29950, 26181, 14651, 15299
2026/3/2, 15:00:00, 5346.1, 5364.3, 5321.6, 5329.6, 15403, 13491, 7896, 7507
2026/3/2, 16:00:00, 5328.7, 5329.3, 5272.9, 5304.0, 21136, 18474, 10425, 10711
2026/3/2, 17:00:00, 5303.6, 5335.1, 5300.4, 5321.1, 6142, 5497, 2869, 3273
2026/3/2, 18:00:00, 5321.4, 5330.8, 5302.9, 5329.8, 6679, 6094, 3316, 3363
2026/3/2, 19:00:00, 5329.9, 5348.5, 5328.2, 5344.2, 5306, 4657, 2627, 2679
2026/3/2, 20:00:00, 5344.1, 5360.9, 5342.2, 5346.1, 5763, 5196, 2933, 2830
2026/3/2, 21:00:00, 5346.6, 5354.6, 5335.4, 5335.9, 1753, 1621, 923, 830
2026/3/2, 23:00:00, 5335.7, 5360.9, 5334.9, 5359.1, 2113, 1879, 982, 1131
2026/3/3, 00:00:00, 5359.9, 5376.9, 5350.1, 5364.5, 3044, 2749, 1540, 1504
2026/3/3, 01:00:00, 5364.9, 5394.2, 5351.5, 5352.9, 6355, 5796, 3342, 3013
2026/3/3, 02:00:00, 5353.7, 5381.8, 5346.7, 5380.0, 4222, 3829, 2125, 2097
2026/3/3, 03:00:00, 5380.7, 5387.2, 5372.2, 5381.2, 2058, 1887, 1001, 1057
2026/3/3, 04:00:00, 5380.8, 5389.2, 5373.0, 5375.2, 2394, 2245, 1202, 1192
2026/3/3, 05:00:00, 5374.7, 5381.5, 5318.0, 5331.9, 5557, 5232, 2878, 2679
2026/3/3, 06:00:00, 5333.7, 5336.2, 5292.1, 5323.0, 9211, 8011, 4490, 4721
2026/3/3, 07:00:00, 5322.8, 5346.1, 5318.5, 5340.6, 4773, 4276, 2380, 2393
2026/3/3, 08:00:00, 5340.5, 5349.0, 5302.8, 5308.8, 6722, 6080, 3434, 3288
2026/3/3, 09:00:00, 5308.5, 5317.4, 5236.0, 5286.8, 15706, 13220, 7460, 8246
2026/3/3, 10:00:00, 5287.3, 5300.1, 5246.1, 5259.7, 7787, 6805, 3832, 3955
2026/3/3, 11:00:00, 5258.3, 5274.8, 5081.4, 5154.6, 32335, 27795, 15696, 16639
2026/3/3, 12:00:00, 5153.8, 5236.9, 5148.2, 5234.6, 17231, 14728, 8106, 9125
2026/3/3, 13:00:00, 5233.9, 5234.4, 5137.2, 5166.5, 17959, 16417, 9213, 8746
2026/3/3, 14:00:00, 5166.9, 5185.8, 5025.0, 5048.0, 31851, 27579, 15740, 16111
2026/3/3, 15:00:00, 5048.8, 5107.4, 5005.0, 5105.3, 27798, 23998, 13386, 14412
2026/3/3, 16:00:00, 5105.4, 5145.2, 5100.3, 5117.9, 14147, 12717, 6903, 7244
2026/3/3, 17:00:00, 5117.8, 5120.6, 5075.1, 5089.5, 9890, 8858, 5020, 4870
2026/3/3, 18:00:00, 5089.4, 5149.8, 5089.3, 5146.5, 9710, 8781, 4862, 4848
2026/3/3, 19:00:00, 5147.0, 5161.5, 5109.3, 5122.3, 6967, 6391, 3455, 3512
2026/3/3, 20:00:00, 5123.7, 5141.7, 5096.0, 5109.3, 5014, 4507, 2621, 2393
2026/3/3, 21:00:00, 5108.6, 5122.0, 5093.3, 5099.5, 2049, 1954, 1089, 960
2026/3/3, 23:00:00, 5110.0, 5139.1, 5092.8, 5133.4, 2658, 2419, 1230, 1428
2026/3/4, 00:00:00, 5134.5, 5149.5, 5114.3, 5147.3, 3234, 2955, 1636, 1598
2026/3/4, 01:00:00, 5148.2, 5188.1, 5147.9, 5183.7, 7484, 6636, 3630, 3854
2026/3/4, 02:00:00, 5183.9, 5200.7, 5162.6, 5165.4, 5961, 5250, 2870, 3091
2026/3/4, 03:00:00, 5164.8, 5186.3, 5150.0, 5183.1, 3583, 3322, 1710, 1873
2026/3/4, 04:00:00, 5183.3, 5189.6, 5160.1, 5165.6, 2320, 2194, 1162, 1158
2026/3/4, 05:00:00, 5165.7, 5177.2, 5160.5, 5169.5, 2169, 2053, 1114, 1055
2026/3/4, 06:00:00, 5168.4, 5170.3, 5130.0, 5170.3, 5727, 5227, 3000, 2727
2026/3/4, 07:00:00, 5169.0, 5186.0, 5168.5, 5178.2, 5331, 4554, 2818, 2513
2026/3/4, 08:00:00, 5178.3, 5192.8, 5157.8, 5178.6, 4962, 4438, 2485, 2477
2026/3/4, 09:00:00, 5177.9, 5196.4, 5170.0, 5193.9, 4898, 4280, 2529, 2369
2026/3/4, 10:00:00, 5194.0, 5214.7, 5191.2, 5201.9, 8773, 7295, 4221, 4552
2026/3/4, 11:00:00, 5201.3, 5213.2, 5199.3, 5204.2, 3379, 2985, 1833, 1546
2026/3/4, 12:00:00, 5204.3, 5218.3, 5167.9, 5182.0, 6529, 5591, 3464, 3065
2026/3/4, 13:00:00, 5182.2, 5207.5, 5177.3, 5178.5, 7048, 6157, 3614, 3434
2026/3/4, 14:00:00, 5178.1, 5195.2, 5148.4, 5155.7, 12267, 10704, 6059, 6208
2026/3/4, 15:00:00, 5155.2, 5177.3, 5140.2, 5161.6, 12886, 11323, 6299, 6587
2026/3/4, 16:00:00, 5161.2, 5172.6, 5148.5, 5161.5, 6495, 5650, 3321, 3174
2026/3/4, 17:00:00, 5160.9, 5165.0, 5131.5, 5153.6, 6287, 5625, 3059, 3228
2026/3/4, 18:00:00, 5152.7, 5155.5, 5119.4, 5144.7, 7189, 6539, 3569, 3620
2026/3/4, 19:00:00, 5144.8, 5150.5, 5133.6, 5148.7, 2722, 2431, 1390, 1332
2026/3/4, 20:00:00, 5148.4, 5159.2, 5134.8, 5146.8, 2502, 2344, 1310, 1192
2026/3/4, 21:00:00, 5146.9, 5156.3, 5141.4, 5151.6, 1704, 1556, 849, 855
2026/3/4, 23:00:00, 5155.7, 5177.8, 5152.0, 5176.2, 1962, 1768, 897, 1065
2026/3/5, 00:00:00, 5176.5, 5191.5, 5170.4, 5183.9, 2585, 2358, 1339, 1246
2026/3/5, 01:00:00, 5184.1, 5198.0, 5177.1, 5181.7, 4494, 4084, 2148, 2346
2026/3/5, 02:00:00, 5181.2, 5201.8, 5180.9, 5201.6, 3412, 3139, 1513, 1899
2026/3/5, 03:00:00, 5201.7, 5204.3, 5187.3, 5189.5, 2171, 2011, 1105, 1066
2026/3/5, 04:00:00, 5189.4, 5195.9, 5175.2, 5180.5, 1890, 1702, 970, 920
2026/3/5, 05:00:00, 5181.0, 5185.9, 5156.9, 5157.7, 2712, 2515, 1393, 1319
2026/3/5, 06:00:00, 5157.9, 5177.5, 5129.0, 5176.5, 6292, 5362, 2766, 3526
2026/3/5, 07:00:00, 5175.9, 5181.8, 5168.0, 5171.4, 3208, 2778, 1671, 1537
2026/3/5, 08:00:00, 5171.1, 5180.1, 5146.2, 5176.0, 5488, 4590, 2763, 2725
2026/3/5, 09:00:00, 5175.9, 5192.5, 5162.7, 5171.8, 5399, 4682, 2637, 2762
2026/3/5, 10:00:00, 5171.1, 5178.5, 5156.9, 5175.6, 4210, 3386, 2057, 2153
2026/3/5, 11:00:00, 5175.5, 5178.5, 5168.0, 5174.8, 2395, 2172, 1272, 1123
2026/3/5, 12:00:00, 5175.1, 5182.7, 5171.5, 5173.0, 2806, 2461, 1469, 1337
2026/3/5, 13:00:00, 5173.6, 5174.9, 5085.5, 5126.5, 20705, 17275, 10306, 10399
2026/3/5, 14:00:00, 5126.8, 5139.2, 5099.2, 5110.8, 12671, 11273, 6403, 6268
2026/3/5, 15:00:00, 5110.7, 5128.5, 5065.5, 5111.3, 16179, 13774, 7784, 8395
2026/3/5, 16:00:00, 5111.8, 5113.5, 5062.4, 5086.5, 8516, 7674, 4277, 4239
2026/3/5, 17:00:00, 5086.6, 5098.5, 5063.5, 5071.2, 6555, 5944, 3251, 3304
2026/3/5, 18:00:00, 5071.0, 5094.6, 5058.9, 5077.6, 7323, 6623, 3802, 3521
2026/3/5, 19:00:00, 5077.6, 5089.7, 5063.5, 5074.6, 3364, 3108, 1743, 1621
2026/3/5, 20:00:00, 5074.3, 5104.4, 5071.2, 5086.6, 5814, 5287, 2849, 2965
2026/3/5, 21:00:00, 5086.3, 5094.6, 5082.0, 5093.3, 1849, 1632, 908, 941
2026/3/5, 23:00:00, 5099.7, 5119.2, 5092.2, 5095.6, 2791, 2411, 1269, 1522
2026/3/6, 00:00:00, 5095.5, 5101.0, 5082.9, 5092.5, 2322, 2212, 1252, 1070
2026/3/6, 01:00:00, 5092.4, 5151.3, 5074.0, 5142.1, 6627, 5799, 3361, 3266
2026/3/6, 02:00:00, 5142.0, 5145.9, 5129.8, 5133.9, 3429, 3084, 1804, 1625
2026/3/6, 03:00:00, 5134.8, 5149.8, 5132.1, 5139.9, 2478, 2214, 1246, 1232
2026/3/6, 04:00:00, 5139.9, 5145.2, 5135.0, 5136.2, 1074, 969, 544, 530
2026/3/6, 05:00:00, 5136.0, 5138.9, 5122.9, 5126.6, 2531, 2360, 1294, 1237
2026/3/6, 06:00:00, 5126.1, 5131.9, 5118.7, 5124.9, 1998, 1826, 975, 1023
2026/3/6, 07:00:00, 5124.7, 5129.4, 5114.0, 5128.2, 4163, 3706, 1958, 2205
2026/3/6, 08:00:00, 5128.0, 5132.3, 5104.5, 5116.7, 3235, 2976, 1593, 1642
2026/3/6, 09:00:00, 5117.6, 5117.8, 5091.4, 5093.5, 4782, 4189, 2197, 2585
2026/3/6, 10:00:00, 5094.5, 5102.0, 5084.2, 5099.9, 4342, 3908, 2150, 2192
2026/3/6, 11:00:00, 5100.7, 5109.6, 5071.0, 5086.1, 4689, 4128, 2320, 2369
2026/3/6, 12:00:00, 5086.3, 5105.8, 5085.3, 5091.9, 4394, 3992, 2114, 2280
2026/3/6, 13:00:00, 5091.6, 5140.0, 5073.9, 5093.8, 15875, 14159, 8003, 7872
2026/3/6, 14:00:00, 5093.2, 5142.4, 5089.9, 5139.3, 12090, 10992, 5767, 6323
2026/3/6, 15:00:00, 5139.3, 5182.0, 5137.4, 5151.2, 19551, 17356, 10225, 9326
2026/3/6, 16:00:00, 5151.7, 5163.0, 5136.0, 5149.5, 6573, 5904, 3378, 3195
2026/3/6, 17:00:00, 5150.1, 5162.8, 5138.7, 5150.2, 4647, 4221, 2240, 2407
2026/3/6, 18:00:00, 5149.9, 5176.5, 5147.9, 5170.3, 6117, 5513, 2930, 3187
2026/3/6, 19:00:00, 5170.4, 5183.8, 5165.2, 5168.5, 3305, 2972, 1647, 1658
2026/3/6, 20:00:00, 5168.2, 5171.2, 5157.5, 5161.4, 3467, 3193, 1772, 1695
2026/3/6, 21:00:00, 5161.1, 5185.0, 5159.2, 5181.3, 2252, 1962, 1062, 1190
2026/3/8, 22:00:00, 5186.7, 5210.4, 5113.5, 5138.5, 8394, 7400, 4401, 3993
2026/3/8, 23:00:00, 5140.3, 5145.5, 5050.0, 5083.4, 9719, 8304, 5025, 4694
2026/3/9, 00:00:00, 5083.1, 5088.9, 5035.5, 5056.9, 7382, 6624, 3529, 3853
2026/3/9, 01:00:00, 5056.7, 5094.4, 5021.2, 5077.6, 9332, 8271, 4603, 4729
2026/3/9, 02:00:00, 5076.4, 5105.8, 5061.9, 5100.9, 7363, 6233, 3652, 3711
2026/3/9, 03:00:00, 5101.3, 5109.1, 5087.6, 5097.2, 3225, 2843, 1616, 1609
2026/3/9, 04:00:00, 5098.0, 5103.4, 5091.3, 5096.4, 1150, 1103, 581, 569
2026/3/9, 05:00:00, 5096.6, 5147.6, 5087.1, 5131.6, 5434, 4999, 2652, 2782
2026/3/9, 06:00:00, 5131.4, 5141.7, 5103.6, 5104.8, 4034, 3618, 2075, 1959
2026/3/9, 07:00:00, 5104.8, 5115.2, 5095.4, 5106.7, 4918, 4378, 2293, 2625
2026/3/9, 08:00:00, 5106.8, 5118.7, 5094.9, 5104.4, 4441, 4148, 2163, 2278
2026/3/9, 09:00:00, 5104.1, 5140.5, 5102.8, 5114.3, 6892, 6185, 3430, 3462
2026/3/9, 10:00:00, 5114.0, 5119.8, 5090.9, 5094.8, 6284, 5523, 2972, 3312
2026/3/9, 11:00:00, 5094.8, 5104.8, 5086.5, 5095.7, 4702, 4250, 2211, 2491
2026/3/9, 12:00:00, 5096.2, 5120.5, 5096.2, 5103.1, 5415, 4793, 2782, 2633
2026/3/9, 13:00:00, 5103.1, 5119.5, 5075.0, 5081.5, 9597, 8633, 4681, 4916
2026/3/9, 14:00:00, 5081.1, 5124.7, 5066.9, 5102.6, 11727, 10339, 5983, 5744
2026/3/9, 15:00:00, 5102.2, 5112.0, 5087.8, 5108.5, 9227, 7925, 4619, 4608
2026/3/9, 16:00:00, 5108.1, 5119.7, 5103.1, 5113.1, 5180, 4586, 2651, 2529
2026/3/9, 17:00:00, 5113.2, 5115.5, 5097.7, 5104.9, 5100, 4728, 2726, 2374
2026/3/9, 18:00:00, 5104.9, 5136.7, 5101.6, 5133.2, 4531, 4045, 2346, 2185
2026/3/9, 19:00:00, 5133.3, 5154.7, 5128.3, 5150.5, 6584, 5783, 3244, 3340
2026/3/9, 20:00:00, 5150.9, 5158.0, 5143.7, 5148.7, 2477, 2323, 1253, 1224
2026/3/9, 22:00:00, 5152.4, 5163.0, 5127.1, 5162.1, 2234, 2071, 1063, 1171
2026/3/9, 23:00:00, 5161.9, 5165.6, 5145.6, 5149.8, 2244, 2100, 1202, 1042
2026/3/10, 00:00:00, 5149.3, 5151.1, 5134.8, 5140.2, 2670, 2566, 1322, 1348
2026/3/10, 01:00:00, 5140.3, 5195.2, 5134.0, 5193.2, 7727, 6988, 3712, 4015
2026/3/10, 02:00:00, 5192.8, 5195.8, 5172.1, 5174.3, 4845, 4422, 2636, 2209
2026/3/10, 03:00:00, 5173.8, 5181.9, 5163.0, 5165.9, 2782, 2461, 1284, 1498
2026/3/10, 04:00:00, 5165.3, 5175.3, 5162.4, 5172.1, 1842, 1642, 942, 900
2026/3/10, 05:00:00, 5172.5, 5188.2, 5172.4, 5186.7, 1767, 1656, 898, 869
2026/3/10, 06:00:00, 5187.3, 5190.0, 5180.7, 5183.6, 2283, 2054, 1122, 1161
2026/3/10, 07:00:00, 5184.1, 5191.3, 5167.3, 5190.5, 4580, 4169, 2431, 2149
2026/3/10, 08:00:00, 5190.6, 5204.0, 5184.5, 5192.5, 6751, 6106, 3425, 3326
2026/3/10, 09:00:00, 5192.6, 5198.4, 5189.7, 5191.8, 3361, 3075, 1832, 1529
2026/3/10, 10:00:00, 5191.5, 5193.3, 5165.6, 5186.6, 5734, 5212, 2982, 2752
2026/3/10, 11:00:00, 5186.6, 5201.1, 5180.9, 5184.2, 6023, 5519, 3287, 2736
2026/3/10, 12:00:00, 5184.6, 5198.9, 5171.4, 5196.5, 5947, 5210, 3187, 2760
2026/3/10, 13:00:00, 5196.2, 5238.9, 5194.9, 5214.2, 19177, 16663, 9930, 9247
2026/3/10, 14:00:00, 5215.4, 5224.0, 5193.6, 5215.8, 10494, 9407, 5391, 5103
2026/3/10, 15:00:00, 5216.0, 5248.7, 5212.0, 5238.0, 11777, 10466, 5569, 6208
2026/3/10, 16:00:00, 5238.1, 5245.1, 5232.2, 5236.9, 5912, 5215, 2897, 3015
2026/3/10, 17:00:00, 5236.9, 5244.5, 5232.6, 5237.1, 7255, 6355, 3640, 3615
2026/3/10, 18:00:00, 5237.0, 5237.3, 5169.0, 5200.0, 11896, 10612, 6090, 5806
2026/3/10, 19:00:00, 5200.3, 5216.5, 5188.7, 5207.0, 4756, 4434, 2355, 2401
2026/3/10, 20:00:00, 5206.7, 5207.7, 5198.5, 5198.7, 1611, 1495, 822, 789
2026/3/10, 22:00:00, 5194.0, 5206.2, 5191.3, 5196.7, 1713, 1575, 813, 900
2026/3/10, 23:00:00, 5197.2, 5206.0, 5195.2, 5204.9, 1486, 1349, 664, 822
2026/3/11, 00:00:00, 5205.0, 5227.0, 5194.0, 5223.1, 3702, 3297, 1825, 1877
2026/3/11, 01:00:00, 5223.0, 5230.9, 5215.9, 5215.9, 3161, 2982, 1617, 1544
2026/3/11, 02:00:00, 5215.9, 5228.7, 5202.0, 5225.4, 3722, 3471, 1790, 1932
2026/3/11, 03:00:00, 5225.5, 5228.5, 5207.5, 5211.6, 2414, 2144, 1295, 1119
2026/3/11, 04:00:00, 5211.5, 5217.1, 5207.9, 5212.8, 1273, 1134, 607, 666
2026/3/11, 05:00:00, 5212.5, 5216.8, 5197.8, 5207.6, 2548, 2388, 1289, 1259
2026/3/11, 06:00:00, 5207.2, 5218.4, 5199.6, 5205.8, 2782, 2540, 1336, 1446
2026/3/11, 07:00:00, 5205.0, 5209.8, 5192.1, 5203.7, 4979, 4611, 2438, 2541
2026/3/11, 08:00:00, 5203.3, 5206.7, 5183.3, 5195.2, 4661, 4309, 2276, 2385
2026/3/11, 09:00:00, 5194.9, 5205.1, 5187.1, 5195.7, 3818, 3386, 1817, 2001
2026/3/11, 10:00:00, 5195.8, 5203.0, 5184.8, 5194.1, 4391, 4051, 2214, 2177
2026/3/11, 11:00:00, 5194.3, 5201.1, 5182.3, 5189.2, 4038, 3700, 1938, 2100
2026/3/11, 12:00:00, 5188.7, 5207.5, 5172.0, 5175.1, 8214, 7553, 4002, 4212
2026/3/11, 13:00:00, 5174.7, 5191.1, 5155.9, 5184.3, 10935, 9972, 5339, 5596
2026/3/11, 14:00:00, 5184.0, 5204.3, 5181.8, 5190.8, 10453, 9323, 5483, 4970
2026/3/11, 15:00:00, 5190.7, 5193.8, 5169.9, 5173.4, 7236, 6629, 3821, 3415
2026/3/11, 16:00:00, 5173.4, 5185.5, 5170.8, 5183.1, 4412, 3989, 2198, 2214
2026/3/11, 17:00:00, 5183.3, 5188.5, 5158.4, 5176.6, 7506, 6901, 3818, 3688
2026/3/11, 18:00:00, 5176.6, 5186.3, 5176.2, 5180.1, 2789, 2471, 1265, 1524
2026/3/11, 19:00:00, 5180.2, 5191.2, 5176.9, 5191.0, 1971, 1755, 1051, 920
2026/3/11, 20:00:00, 5190.8, 5191.5, 5182.9, 5183.9, 1372, 1253, 754, 618
2026/3/11, 22:00:00, 5185.4, 5189.8, 5135.0, 5144.8, 3292, 3027, 1810, 1482
2026/3/11, 23:00:00, 5144.5, 5163.9, 5138.8, 5140.0, 2637, 2334, 1210, 1427
2026/3/12, 00:00:00, 5139.4, 5168.0, 5130.0, 5158.1, 4235, 3918, 1957, 2278
2026/3/12, 01:00:00, 5158.2, 5178.4, 5156.2, 5174.4, 4341, 4105, 2131, 2210
2026/3/12, 02:00:00, 5173.7, 5180.6, 5150.5, 5156.0, 4124, 3801, 2173, 1951
2026/3/12, 03:00:00, 5155.7, 5160.5, 5152.0, 5158.2, 2476, 2254, 1217, 1259
2026/3/12, 04:00:00, 5158.4, 5159.2, 5145.3, 5147.4, 1743, 1577, 802, 941
2026/3/12, 05:00:00, 5147.6, 5162.5, 5142.0, 5159.7, 2445, 2307, 1175, 1270
2026/3/12, 06:00:00, 5159.6, 5176.2, 5152.7, 5172.6, 2970, 2759, 1505, 1465
2026/3/12, 07:00:00, 5171.9, 5190.9, 5170.3, 5188.4, 3945, 3500, 1918, 2027
2026/3/12, 08:00:00, 5188.2, 5195.9, 5181.4, 5184.4, 4085, 3715, 2209, 1876
2026/3/12, 09:00:00, 5184.6, 5196.2, 5179.8, 5194.2, 4022, 3670, 2037, 1985
2026/3/12, 10:00:00, 5194.1, 5197.8, 5181.8, 5188.2, 4784, 4293, 2669, 2115
2026/3/12, 11:00:00, 5187.9, 5189.6, 5178.6, 5184.8, 2312, 2171, 1244, 1068
2026/3/12, 12:00:00, 5185.0, 5192.3, 5168.5, 5187.7, 6546, 6099, 3129, 3417
2026/3/12, 13:00:00, 5187.5, 5192.5, 5152.1, 5157.4, 11052, 9995, 5576, 5476
2026/3/12, 14:00:00, 5157.0, 5170.2, 5144.2, 5148.8, 8081, 7363, 4037, 4044
2026/3/12, 15:00:00, 5148.6, 5150.9, 5114.6, 5138.0, 12817, 11481, 6244, 6573
2026/3/12, 16:00:00, 5138.1, 5144.3, 5126.8, 5130.1, 6090, 5657, 3027, 3063
2026/3/12, 17:00:00, 5129.9, 5136.5, 5109.0, 5112.4, 7202, 6614, 3743, 3459
2026/3/12, 18:00:00, 5111.9, 5119.5, 5095.3, 5100.0, 6070, 5513, 3087, 2983
2026/3/12, 19:00:00, 5100.2, 5102.9, 5084.5, 5091.7, 6496, 5881, 3262, 3234
2026/3/12, 20:00:00, 5092.0, 5097.6, 5058.2, 5084.1, 7241, 6233, 3461, 3780
2026/3/12, 22:00:00, 5084.0, 5099.3, 5074.6, 5099.1, 2013, 1870, 832, 1181
2026/3/12, 23:00:00, 5099.6, 5104.4, 5092.6, 5101.5, 2760, 2622, 1314, 1446
2026/3/13, 00:00:00, 5101.0, 5118.1, 5100.4, 5116.6, 3301, 3046, 1442, 1859
2026/3/13, 01:00:00, 5116.7, 5128.5, 5111.4, 5128.5, 7163, 6841, 3302, 3861
2026/3/13, 02:00:00, 5127.9, 5132.4, 5113.7, 5115.4, 3611, 3336, 1839, 1772
2026/3/13, 03:00:00, 5115.8, 5120.0, 5109.4, 5119.0, 2021, 1901, 1020, 1001
2026/3/13, 04:00:00, 5118.9, 5121.1, 5105.5, 5107.1, 1435, 1338, 783, 652
2026/3/13, 05:00:00, 5107.4, 5114.9, 5100.6, 5106.2, 3768, 3545, 1872, 1896
2026/3/13, 06:00:00, 5106.1, 5111.3, 5088.6, 5092.2, 5262, 4917, 2695, 2567
2026/3/13, 07:00:00, 5092.2, 5098.3, 5075.5, 5089.5, 5536, 5137, 2579, 2957
2026/3/13, 08:00:00, 5089.8, 5092.8, 5066.0, 5092.2, 6459, 5876, 3392, 3067
2026/3/13, 09:00:00, 5092.3, 5101.9, 5087.9, 5094.3, 3901, 3606, 1898, 2003
2026/3/13, 10:00:00, 5094.0, 5103.4, 5085.0, 5099.6, 3942, 3532, 1958, 1984
2026/3/13, 11:00:00, 5099.9, 5112.9, 5091.1, 5112.9, 4296, 3775, 2000, 2296
2026/3/13, 12:00:00, 5113.0, 5128.5, 5109.8, 5124.4, 7043, 6524, 3619, 3424
2026/3/13, 13:00:00, 5124.6, 5127.9, 5102.1, 5107.5, 7858, 7261, 3980, 3878
2026/3/13, 14:00:00, 5107.1, 5114.1, 5039.3, 5045.8, 15269, 13518, 7868, 7401
2026/3/13, 15:00:00, 5045.9, 5076.2, 5032.2, 5039.1, 16890, 14795, 8428, 8462
2026/3/13, 16:00:00, 5038.8, 5057.0, 5022.8, 5050.6, 12149, 10495, 5869, 6280
2026/3/13, 17:00:00, 5050.1, 5068.1, 5047.5, 5050.9, 7042, 6459, 3462, 3580
2026/3/13, 18:00:00, 5050.8, 5056.0, 5040.7, 5050.9, 3576, 3247, 1768, 1808
2026/3/13, 19:00:00, 5050.9, 5054.2, 5014.1, 5022.0, 7369, 6712, 3888, 3481
2026/3/13, 20:00:00, 5022.3, 5030.0, 5017.0, 5023.1, 3653, 3278, 1829, 1824
2026/3/15, 22:00:00, 5010.0, 5035.0, 5001.0, 5028.8, 4405, 3814, 2062, 2343
2026/3/15, 23:00:00, 5028.0, 5030.0, 4970.1, 5000.6, 6159, 5437, 3200, 2959
2026/3/16, 00:00:00, 5001.1, 5035.4, 5000.0, 5030.4, 4561, 4203, 2192, 2369
2026/3/16, 01:00:00, 5031.5, 5031.5, 4986.0, 5020.0, 6206, 5892, 3025, 3181
2026/3/16, 02:00:00, 5019.4, 5022.7, 5001.4, 5006.6, 2924, 2801, 1437, 1487
2026/3/16, 03:00:00, 5007.2, 5024.3, 5001.4, 5022.4, 2343, 2134, 1206, 1137
2026/3/16, 04:00:00, 5023.2, 5030.1, 5016.0, 5016.5, 1527, 1414, 838, 689
2026/3/16, 05:00:00, 5016.4, 5024.0, 5006.9, 5021.1, 2145, 1961, 1053, 1092
2026/3/16, 06:00:00, 5021.0, 5039.8, 5008.5, 5016.2, 5055, 4498, 2524, 2531
2026/3/16, 07:00:00, 5016.1, 5020.0, 4992.9, 4998.9, 6551, 5770, 3257, 3294
2026/3/16, 08:00:00, 4998.7, 5008.0, 4988.2, 4995.0, 7960, 6947, 4047, 3913
2026/3/16, 09:00:00, 4994.1, 4995.6, 4976.5, 4979.4, 9445, 7602, 4737, 4708
2026/3/16, 10:00:00, 4979.7, 5005.3, 4973.5, 5004.2, 7462, 6513, 3840, 3622
2026/3/16, 11:00:00, 5004.3, 5028.2, 4996.8, 5001.9, 8246, 7125, 4197, 4049
2026/3/16, 12:00:00, 5001.7, 5033.5, 4999.5, 5024.9, 11538, 9590, 6060, 5478
2026/3/16, 13:00:00, 5025.4, 5041.3, 5018.8, 5035.7, 10603, 9339, 5420, 5183
2026/3/16, 14:00:00, 5035.8, 5044.5, 4992.1, 5000.8, 11632, 10676, 5978, 5654
2026/3/16, 15:00:00, 5000.4, 5010.9, 4988.5, 4991.9, 8746, 7779, 4372, 4374
2026/3/16, 16:00:00, 4991.5, 5004.2, 4978.6, 4995.9, 7029, 6203, 3454, 3575
2026/3/16, 17:00:00, 4996.1, 5009.6, 4989.5, 4996.7, 6384, 5721, 3496, 2888
2026/3/16, 18:00:00, 4997.0, 5024.0, 4995.8, 5018.9, 4129, 3658, 2031, 2098
2026/3/16, 19:00:00, 5018.7, 5026.5, 5014.0, 5019.3, 3350, 3031, 1853, 1497
2026/3/16, 20:00:00, 5018.9, 5028.0, 5010.8, 5011.3, 2263, 1886, 1209, 1054
2026/3/16, 22:00:00, 5012.2, 5021.9, 5003.9, 5007.6, 1336, 1269, 649, 687
2026/3/16, 23:00:00, 5007.2, 5021.0, 5007.0, 5018.0, 955, 906, 404, 551
2026/3/17, 00:00:00, 5018.0, 5019.3, 5002.3, 5007.1, 1692, 1545, 847, 845
2026/3/17, 01:00:00, 5006.3, 5032.7, 4998.7, 5032.1, 3513, 3169, 1503, 2010
2026/3/17, 02:00:00, 5032.3, 5034.1, 5024.1, 5026.2, 1769, 1627, 932, 837
2026/3/17, 03:00:00, 5026.0, 5037.5, 5024.2, 5031.0, 1520, 1376, 735, 785
2026/3/17, 04:00:00, 5031.1, 5046.7, 5030.1, 5042.4, 2258, 2050, 997, 1261
2026/3/17, 05:00:00, 5043.1, 5049.4, 5024.3, 5024.5, 3975, 3492, 2210, 1765
2026/3/17, 06:00:00, 5025.3, 5027.0, 5009.0, 5013.9, 4833, 4400, 2420, 2413
2026/3/17, 07:00:00, 5013.7, 5031.9, 5013.0, 5025.0, 4501, 4072, 2221, 2280
2026/3/17, 08:00:00, 5025.2, 5033.5, 5022.3, 5029.0, 4487, 3713, 2206, 2281
2026/3/17, 09:00:00, 5029.2, 5030.3, 5014.4, 5014.7, 4642, 3937, 2401, 2241
2026/3/17, 10:00:00, 5014.7, 5020.7, 4994.8, 5004.4, 6616, 5725, 3471, 3145
2026/3/17, 11:00:00, 5004.0, 5016.1, 5001.0, 5007.3, 3720, 3035, 1745, 1975
2026/3/17, 12:00:00, 5007.0, 5029.0, 5003.3, 5016.3, 6776, 5900, 3457, 3319
2026/3/17, 13:00:00, 5016.6, 5036.7, 5010.6, 5021.9, 9653, 8559, 4876, 4777
2026/3/17, 14:00:00, 5021.6, 5026.5, 5007.2, 5012.5, 6625, 6057, 3307, 3318
2026/3/17, 15:00:00, 5011.9, 5022.2, 4977.0, 5002.6, 12394, 11084, 6336, 6058
2026/3/17, 16:00:00, 5002.5, 5010.3, 4995.6, 5006.5, 4962, 4426, 2379, 2583
2026/3/17, 17:00:00, 5006.4, 5013.7, 5001.0, 5007.0, 4294, 3921, 2224, 2070
2026/3/17, 18:00:00, 5007.4, 5013.5, 5003.9, 5007.5, 2602, 2254, 1342, 1260
2026/3/17, 19:00:00, 5007.1, 5009.4, 5000.4, 5005.1, 3033, 2618, 1524, 1509
2026/3/17, 20:00:00, 5004.9, 5011.6, 5004.7, 5011.3, 1524, 1184, 793, 731
2026/3/17, 22:00:00, 5010.6, 5011.2, 4996.9, 5003.6, 971, 880, 470, 501
2026/3/17, 23:00:00, 5003.4, 5007.9, 5002.2, 5006.6, 513, 492, 251, 262
2026/3/18, 00:00:00, 5006.6, 5017.3, 5004.7, 5008.4, 3154, 2869, 1661, 1493
2026/3/18, 01:00:00, 5008.9, 5022.0, 4994.3, 5002.2, 5038, 4654, 2516, 2522
2026/3/18, 02:00:00, 5002.2, 5010.7, 4993.0, 4994.9, 2121, 2026, 992, 1129
2026/3/18, 03:00:00, 4994.9, 5000.9, 4988.5, 4994.3, 2118, 2030, 1026, 1092
2026/3/18, 04:00:00, 4994.5, 4997.0, 4984.9, 4989.9, 2176, 1902, 1064, 1112
2026/3/18, 05:00:00, 4990.4, 5006.2, 4987.7, 5001.1, 3342, 3070, 1552, 1790
2026/3/18, 06:00:00, 5000.4, 5020.5, 4999.6, 5013.8, 4376, 4002, 2301, 2075
2026/3/18, 07:00:00, 5014.1, 5019.4, 4994.7, 4999.1, 3855, 3445, 1995, 1860
2026/3/18, 08:00:00, 4999.0, 5001.7, 4981.1, 4990.7, 6141, 5483, 2867, 3274
2026/3/18, 09:00:00, 4991.1, 5000.0, 4988.7, 4996.4, 3557, 3243, 1722, 1835
2026/3/18, 10:00:00, 4996.3, 4996.4, 4962.6, 4971.7, 10049, 8433, 5014, 5035
2026/3/18, 11:00:00, 4971.7, 4977.7, 4928.0, 4933.3, 17595, 14861, 8794, 8801
2026/3/18, 12:00:00, 4933.9, 4935.9, 4873.0, 4884.4, 26006, 22630, 13388, 12618
2026/3/18, 13:00:00, 4884.0, 4889.2, 4837.1, 4881.8, 25470, 21840, 13059, 12411
2026/3/18, 14:00:00, 4881.9, 4899.0, 4859.4, 4873.1, 12397, 11029, 6119, 6278
2026/3/18, 15:00:00, 4872.9, 4883.6, 4864.5, 4866.3, 6721, 5875, 3529, 3192
2026/3/18, 16:00:00, 4866.2, 4894.8, 4864.7, 4891.2, 6209, 5562, 2990, 3219
2026/3/18, 17:00:00, 4891.4, 4904.0, 4888.1, 4895.1, 7312, 6522, 3952, 3360
2026/3/18, 18:00:00, 4895.2, 4904.5, 4856.2, 4857.3, 7725, 6861, 3980, 3745
2026/3/18, 19:00:00, 4856.9, 4868.9, 4841.4, 4846.8, 9504, 8415, 4725, 4779
2026/3/18, 20:00:00, 4846.5, 4852.1, 4809.3, 4823.9, 6807, 5887, 3508, 3299
2026/3/18, 22:00:00, 4828.0, 4842.0, 4806.0, 4837.1, 3605, 3338, 1607, 1998
2026/3/18, 23:00:00, 4836.5, 4845.0, 4830.5, 4839.2, 1906, 1749, 915, 991
2026/3/19, 00:00:00, 4838.4, 4850.8, 4837.6, 4842.6, 2373, 2158, 1121, 1252
2026/3/19, 01:00:00, 4842.3, 4868.7, 4833.7, 4851.3, 5137, 4717, 2424, 2713
2026/3/19, 02:00:00, 4851.2, 4863.4, 4842.6, 4859.5, 2732, 2473, 1383, 1349
2026/3/19, 03:00:00, 4859.8, 4867.4, 4852.3, 4852.5, 1991, 1734, 1040, 951
2026/3/19, 04:00:00, 4852.4, 4855.2, 4847.5, 4847.5, 988, 919, 484, 504
