Date, Time, Open, High, Low, Last, Volume, OpenInterest
2025/4/11, 00:00:00, 3505.6, 3505.6, 3505.6, 3505.6, 269736, 457803
2025/4/14, 00:00:00, 3487.6, 3487.6, 3487.6, 3487.6, 200492, 454327
2025/4/15, 00:00:00, 3502.2, 3502.2, 3502.2, 3502.2, 133283, 456628
2025/4/16, 00:00:00, 3612.9, 3612.9, 3612.9, 3612.9, 277736, 463490
2025/4/17, 00:00:00, 3594.5, 3594.5, 3594.5, 3594.5, 261675, 458586
2025/4/21, 00:00:00, 3695.2, 3695.2, 3695.2, 3695.2, 263293, 466325
2025/4/22, 00:00:00, 3693.3, 3693.3, 3693.3, 3693.3, 453766, 465351
2025/4/23, 00:00:00, 3566.4, 3566.4, 3566.4, 3566.4, 398663, 458673
2025/4/24, 00:00:00, 3624.1, 3624.1, 3624.1, 3624.1, 255532, 446637
2025/4/25, 00:00:00, 3572.9, 3572.9, 3572.9, 3572.9, 258408, 445548
2025/4/28, 00:00:00, 3622.9, 3622.9, 3622.9, 3622.9, 230154, 448023
2025/4/29, 00:00:00, 3605.8, 3605.8, 3605.8, 3605.8, 180037, 451868
2025/4/30, 00:00:00, 3585.3, 3585.3, 3585.3, 3585.3, 220899, 442851
2025/5/1, 00:00:00, 3489.1, 3489.1, 3489.1, 3489.1, 236137, 439159
2025/5/2, 00:00:00, 3510.9, 3510.9, 3510.9, 3510.9, 231753, 438327
2025/5/5, 00:00:00, 3591.2, 3591.2, 3591.2, 3591.2, 206550, 442137
2025/5/6, 00:00:00, 3695.1, 3695.1, 3695.1, 3695.1, 305227, 452414
2025/5/7, 00:00:00, 3664.7, 3664.7, 3664.7, 3664.7, 389124, 443832
2025/5/8, 00:00:00, 3578.6, 3578.6, 3578.6, 3578.6, 405479, 438431
2025/5/9, 00:00:00, 3616.6, 3616.6, 3616.6, 3616.6, 283747, 438271
2025/5/12, 00:00:00, 3500.9, 3500.9, 3500.9, 3500.9, 381812, 440560
2025/5/13, 00:00:00, 3522.1, 3522.1, 3522.1, 3522.1, 269476, 440842
2025/5/14, 00:00:00, 3460.2, 3460.2, 3460.2, 3460.2, 269028, 441565
2025/5/15, 00:00:00, 3497.1, 3497.1, 3497.1, 3497.1, 289439, 440192
2025/5/16, 00:00:00, 3456.4, 3456.4, 3456.4, 3456.4, 272183, 441666
2025/5/19, 00:00:00, 3504.6, 3504.6, 3504.6, 3504.6, 214727, 442943
2025/5/20, 00:00:00, 3554.8, 3554.8, 3554.8, 3554.8, 261793, 448000
2025/5/21, 00:00:00, 3586.3, 3586.3, 3586.3, 3586.3, 287807, 453340
2025/5/22, 00:00:00, 3568.3, 3568.3, 3568.3, 3568.3, 295020, 452564
2025/5/23, 00:00:00, 3641.7, 3641.7, 3641.7, 3641.7, 328476, 451013
2025/5/27, 00:00:00, 3577.8, 3577.8, 3577.8, 3577.8, 445043, 437538
2025/5/28, 00:00:00, 3570.4, 3570.4, 3570.4, 3570.4, 325056, 429016
2025/5/29, 00:00:00, 3588.5, 3588.5, 3588.5, 3588.5, 264492, 422605
2025/5/30, 00:00:00, 3559.3, 3559.3, 3559.3, 3559.3, 194287, 408787
2025/6/2, 00:00:00, 3643.3, 3643.3, 3643.3, 3643.3, 193512, 416217
2025/6/3, 00:00:00, 3625.8, 3625.8, 3625.8, 3625.8, 183575, 415941
2025/6/4, 00:00:00, 3647.2, 3647.2, 3647.2, 3647.2, 175634, 417254
2025/6/5, 00:00:00, 3620.8, 3620.8, 3620.8, 3620.8, 237681, 418066
2025/6/6, 00:00:00, 3592.5, 3592.5, 3592.5, 3592.5, 199080, 415962
2025/6/9, 00:00:00, 3600.3, 3600.3, 3600.3, 3600.3, 154650, 414493
2025/6/10, 00:00:00, 3588.8, 3588.8, 3588.8, 3588.8, 169829, 417143
2025/6/11, 00:00:00, 3588.3, 3588.3, 3588.3, 3588.3, 214363, 423276
2025/6/12, 00:00:00, 3644.9, 3644.9, 3644.9, 3644.9, 245984, 432310
2025/6/13, 00:00:00, 3697.5, 3697.5, 3697.5, 3697.5, 282363, 439674
2025/6/16, 00:00:00, 3660.9, 3660.9, 3660.9, 3660.9, 200516, 439321
2025/6/17, 00:00:00, 3651.7, 3651.7, 3651.7, 3651.7, 219624, 441214
2025/6/18, 00:00:00, 3651.7, 3651.7, 3651.7, 3651.7, 188377, 442374
2025/6/20, 00:00:00, 3629.5, 3629.5, 3629.5, 3629.5, 294492, 440107
2025/6/23, 00:00:00, 3637.9, 3637.9, 3637.9, 3637.9, 206078, 440905
2025/6/24, 00:00:00, 3577.0, 3577.0, 3577.0, 3577.0, 247265, 434958
2025/6/25, 00:00:00, 3585.3, 3585.3, 3585.3, 3585.3, 139890, 434138
2025/6/26, 00:00:00, 3589.9, 3589.9, 3589.9, 3589.9, 168133, 434377
2025/6/27, 00:00:00, 3526.9, 3526.9, 3526.9, 3526.9, 239545, 436022
2025/6/30, 00:00:00, 3546.9, 3546.9, 3546.9, 3546.9, 152610, 434714
2025/7/1, 00:00:00, 3589.9, 3589.9, 3589.9, 3589.9, 186143, 437662
2025/7/2, 00:00:00, 3601.1, 3601.1, 3601.1, 3601.1, 148640, 438709
2025/7/3, 00:00:00, 3585.4, 3585.4, 3585.4, 3585.4, 168196, 440793
2025/7/7, 00:00:00, 3584.8, 3584.8, 3584.8, 3584.8, 255358, 445944
2025/7/8, 00:00:00, 3560.8, 3560.8, 3560.8, 3560.8, 270387, 443144
2025/7/9, 00:00:00, 3563.2, 3563.2, 3563.2, 3563.2, 214079, 440086
2025/7/10, 00:00:00, 3569.1, 3569.1, 3569.1, 3569.1, 217055, 431906
2025/7/11, 00:00:00, 3605.7, 3605.7, 3605.7, 3605.7, 276126, 445777
2025/7/14, 00:00:00, 3603.1, 3603.1, 3603.1, 3603.1, 254763, 453590
2025/7/15, 00:00:00, 3580.5, 3580.5, 3580.5, 3580.5, 212163, 448531
2025/7/16, 00:00:00, 3601.6, 3601.6, 3601.6, 3601.6, 270899, 450862
2025/7/17, 00:00:00, 3588.6, 3588.6, 3588.6, 3588.6, 186824, 444521
2025/7/18, 00:00:00, 3601.6, 3601.6, 3601.6, 3601.6, 134215, 446753
2025/7/21, 00:00:00, 3652.9, 3652.9, 3652.9, 3652.9, 243554, 471321
2025/7/22, 00:00:00, 3693.5, 3693.5, 3693.5, 3693.5, 304186, 489423
2025/7/23, 00:00:00, 3643.7, 3643.7, 3643.7, 3643.7, 356044, 484112
2025/7/24, 00:00:00, 3620.4, 3620.4, 3620.4, 3620.4, 310286, 472144
2025/7/25, 00:00:00, 3578.4, 3578.4, 3578.4, 3578.4, 282014, 461504
2025/7/28, 00:00:00, 3553.9, 3553.9, 3553.9, 3553.9, 292064, 450941
2025/7/29, 00:00:00, 3567.9, 3567.9, 3567.9, 3567.9, 288652, 445246
2025/7/30, 00:00:00, 3539.1, 3539.1, 3539.1, 3539.1, 252423, 442248
2025/7/31, 00:00:00, 3535.7, 3535.7, 3535.7, 3535.7, 185112, 427980
2025/8/1, 00:00:00, 3582.2, 3582.2, 3582.2, 3582.2, 269844, 437777
2025/8/4, 00:00:00, 3608.1, 3608.1, 3608.1, 3608.1, 161438, 444682
2025/8/5, 00:00:00, 3617.2, 3617.2, 3617.2, 3617.2, 172959, 449647
2025/8/6, 00:00:00, 3614.7, 3614.7, 3614.7, 3614.7, 175872, 450807
2025/8/7, 00:00:00, 3629.3, 3629.3, 3629.3, 3629.3, 310456, 463334
2025/8/8, 00:00:00, 3661.9, 3661.9, 3661.9, 3661.9, 414490, 467800
2025/8/11, 00:00:00, 3592.4, 3592.4, 3592.4, 3592.4, 262930, 452687
2025/8/12, 00:00:00, 3584.8, 3584.8, 3584.8, 3584.8, 220255, 446152
2025/8/13, 00:00:00, 3594.1, 3594.1, 3594.1, 3594.1, 155741, 444675
2025/8/14, 00:00:00, 3567.6, 3567.6, 3567.6, 3567.6, 180976, 439709
2025/8/15, 00:00:00, 3564.5, 3564.5, 3564.5, 3564.5, 132215, 440051
2025/8/18, 00:00:00, 3559.7, 3559.7, 3559.7, 3559.7, 129128, 439893
2025/8/19, 00:00:00, 3540.0, 3540.0, 3540.0, 3540.0, 148394, 438541
2025/8/20, 00:00:00, 3571.2, 3571.2, 3571.2, 3571.2, 149905, 437695
2025/8/21, 00:00:00, 3564.7, 3564.7, 3564.7, 3564.7, 135619, 434098
2025/8/22, 00:00:00, 3601.4, 3601.4, 3601.4, 3601.4, 204661, 438806
2025/8/25, 00:00:00, 3600.7, 3600.7, 3600.7, 3600.7, 107537, 442378
2025/8/26, 00:00:00, 3618.0, 3618.0, 3618.0, 3618.0, 194487, 443760
2025/8/27, 00:00:00, 3637.7, 3637.7, 3637.7, 3637.7, 173524, 448189
2025/8/28, 00:00:00, 3661.8, 3661.8, 3661.8, 3661.8, 173462, 456226
2025/8/29, 00:00:00, 3705.2, 3705.2, 3705.2, 3705.2, 207110, 471240
2025/9/2, 00:00:00, 3772.5, 3782.7, 3772.5, 3782.7, 407646, 492908
2025/9/3, 00:00:00, 3826.7, 3826.7, 3826.7, 3826.7, 243321, 494776
2025/9/4, 00:00:00, 3797.7, 3797.7, 3797.7, 3797.7, 254684, 495368
2025/9/5, 00:00:00, 3832.5, 3843.7, 3832.5, 3843.7, 262651, 501157
2025/9/8, 00:00:00, 3821.0, 3866.7, 3821.0, 3865.3, 256986, 503285
2025/9/9, 00:00:00, 3870.1, 3870.1, 3870.1, 3870.1, 290439, 509625
2025/9/10, 00:00:00, 3870.0, 3870.0, 3870.0, 3870.0, 201375, 510076
2025/9/11, 00:00:00, 3847.2, 3861.1, 3840.7, 3861.1, 236381, 510383
2025/9/12, 00:00:00, 3873.9, 3873.9, 3873.9, 3873.9, 174242, 512181
2025/9/15, 00:00:00, 3895.5, 3907.2, 3895.5, 3907.2, 208695, 519611
2025/9/16, 00:00:00, 3919.8, 3919.8, 3914.2, 3914.2, 214622, 516221
2025/9/17, 00:00:00, 3907.6, 3907.6, 3907.6, 3907.6, 279690, 517578
2025/9/18, 00:00:00, 3879.2, 3879.2, 3858.2, 3865.6, 243188, 515612
2025/9/19, 00:00:00, 3895.0, 3895.0, 3895.0, 3895.0, 207987, 522306
2025/9/22, 00:00:00, 3965.5, 3965.5, 3965.5, 3965.5, 248004, 530457
2025/9/23, 00:00:00, 4007.4, 4007.4, 4007.4, 4007.4, 330734, 528789
2025/9/24, 00:00:00, 3961.1, 3961.1, 3961.1, 3961.1, 265431, 526067
2025/9/25, 00:00:00, 3969.6, 3969.6, 3969.6, 3969.6, 299614, 516312
2025/9/26, 00:00:00, 4007.9, 4007.9, 4007.9, 4007.9, 245328, 513156
2025/9/29, 00:00:00, 4040.0, 4059.3, 4040.0, 4059.3, 281594, 517465
2025/9/30, 00:00:00, 4077.0, 4077.0, 4077.0, 4077.0, 336239, 493748
2025/10/1, 00:00:00, 4107.0, 4107.0, 4107.0, 4107.0, 312531, 491059
2025/10/2, 00:00:00, 4077.1, 4077.1, 4077.1, 4077.1, 304647, 484786
2025/10/3, 00:00:00, 4118.4, 4118.4, 4118.4, 4118.4, 230839, 479525
2025/10/6, 00:00:00, 4191.6, 4191.6, 4191.6, 4191.6, 295216, 483672
2025/10/7, 00:00:00, 4225.7, 4225.7, 4225.7, 4225.7, 333332, 485559
2025/10/8, 00:00:00, 4238.0, 4299.4, 4238.0, 4299.4, 383245, 490496
2025/10/9, 00:00:00, 4288.0, 4288.0, 4198.3, 4198.3, 514387, 483650
2025/10/10, 00:00:00, 4224.7, 4224.7, 4224.7, 4224.7, 387955, 482976
2025/10/13, 00:00:00, 4361.3, 4361.3, 4361.3, 4361.3, 333731, 486887
2025/10/14, 00:00:00, 4391.9, 4391.9, 4391.9, 4391.9, 429365, 485788
2025/10/15, 00:00:00, 4432.3, 4432.3, 4432.3, 4432.3, 327800, 487873
2025/10/16, 00:00:00, 4538.2, 4538.2, 4538.2, 4538.2, 403735, 483770
2025/10/17, 00:00:00, 4441.2, 4441.2, 4441.2, 4441.2, 611632, 479971
2025/10/20, 00:00:00, 4594.5, 4594.5, 4594.5, 4594.5, 368326, 475938
2025/10/21, 00:00:00, 4595.0, 4595.0, 4333.7, 4333.7, 577546, 472421
2025/10/22, 00:00:00, 4291.7, 4291.7, 4291.7, 4291.7, 507114, 463789
2025/10/23, 00:00:00, 4375.4, 4375.4, 4375.4, 4375.4, 288886, 464096
2025/10/24, 00:00:00, 4368.0, 4368.0, 4367.6, 4367.6, 313806, 464052
2025/10/27, 00:00:00, 4227.2, 4244.6, 4227.2, 4244.6, 355604, 463706
2025/10/28, 00:00:00, 4206.0, 4206.0, 4206.0, 4206.0, 365142, 457122
2025/10/29, 00:00:00, 4229.5, 4229.5, 4229.5, 4229.5, 312357, 456175
2025/10/30, 00:00:00, 4250.1, 4250.1, 4250.1, 4250.1, 269052, 456333
2025/10/31, 00:00:00, 4229.0, 4229.0, 4229.0, 4229.0, 259051, 449900
2025/11/3, 00:00:00, 4250.2, 4250.2, 4250.2, 4250.2, 247792, 452773
2025/11/4, 00:00:00, 4194.1, 4194.1, 4194.1, 4194.1, 277749, 450399
2025/11/5, 00:00:00, 4229.3, 4229.3, 4229.3, 4229.3, 201342, 453313
2025/11/6, 00:00:00, 4225.7, 4225.7, 4225.7, 4225.7, 222053, 452487
2025/11/7, 00:00:00, 4227.0, 4242.1, 4227.0, 4242.1, 265119, 455161
2025/11/10, 00:00:00, 4357.2, 4357.2, 4357.2, 4357.2, 316099, 459997
2025/11/11, 00:00:00, 4374.6, 4375.0, 4350.3, 4350.3, 326438, 466031
2025/11/12, 00:00:00, 4369.5, 4446.8, 4369.5, 4446.8, 381612, 480255
2025/11/13, 00:00:00, 4451.0, 4480.0, 4429.0, 4429.0, 408927, 480877
2025/11/14, 00:00:00, 4398.0, 4398.0, 4324.9, 4324.9, 404043, 477283
2025/11/17, 00:00:00, 4298.9, 4306.8, 4294.0, 4306.8, 272792, 474390
2025/11/18, 00:00:00, 4278.6, 4295.6, 4278.6, 4295.6, 285182, 471953
2025/11/19, 00:00:00, 4306.1, 4313.4, 4290.0, 4313.4, 289003, 467893
2025/11/20, 00:00:00, 4270.0, 4314.1, 4270.0, 4288.4, 350934, 470585
2025/11/21, 00:00:00, 4270.0, 4301.1, 4270.0, 4301.1, 360559, 470349
2025/11/24, 00:00:00, 4263.5, 4316.5, 4263.5, 4316.5, 348958, 442270
2025/11/25, 00:00:00, 4366.2, 4366.2, 4366.2, 4366.2, 379767, 432191
2025/11/26, 00:00:00, 4391.8, 4391.8, 4391.8, 4391.8, 229978, 431603
2025/11/28, 00:00:00, 4415.1, 4446.3, 4414.0, 4446.3, 167020, 419484
2025/12/1, 00:00:00, 4464.0, 4470.9, 4464.0, 4470.9, 249871, 418697
2025/12/2, 00:00:00, 4416.3, 4416.3, 4416.3, 4416.3, 237238, 418490
2025/12/3, 00:00:00, 4428.5, 4428.5, 4428.5, 4428.5, 193893, 423395
2025/12/4, 00:00:00, 4436.6, 4436.6, 4436.6, 4436.6, 181431, 426136
2025/12/5, 00:00:00, 4436.5, 4436.5, 4436.5, 4436.5, 225349, 426860
2025/12/8, 00:00:00, 4419.0, 4419.0, 4411.7, 4411.7, 168463, 427425
2025/12/9, 00:00:00, 4398.0, 4431.9, 4398.0, 4431.9, 202899, 432569
2025/12/10, 00:00:00, 4422.1, 4422.1, 4422.1, 4422.1, 219896, 440368
2025/12/11, 00:00:00, 4470.0, 4512.0, 4433.3, 4512.0, 258763, 454262
2025/12/12, 00:00:00, 4528.9, 4528.9, 4528.9, 4528.9, 318667, 460191
2025/12/15, 00:00:00, 4536.9, 4536.9, 4536.9, 4536.9, 223993, 466073
2025/12/16, 00:00:00, 4533.7, 4533.7, 4533.7, 4533.7, 232091, 471093
2025/12/17, 00:00:00, 4576.3, 4576.3, 4576.3, 4576.3, 232327, 478188
2025/12/18, 00:00:00, 4562.0, 4566.5, 4562.0, 4566.5, 258811, 484610
2025/12/19, 00:00:00, 4591.5, 4591.7, 4591.5, 4591.7, 181095, 487043
2025/12/22, 00:00:00, 4677.2, 4677.2, 4677.2, 4677.2, 228938, 499192
2025/12/23, 00:00:00, 4715.0, 4715.0, 4715.0, 4715.0, 272816, 492103
2025/12/24, 00:00:00, 4724.9, 4724.9, 4712.2, 4712.2, 166863, 488300
2025/12/26, 00:00:00, 4766.7, 4766.7, 4766.7, 4766.7, 203018, 492660
2025/12/29, 00:00:00, 4728.0, 4728.0, 4552.4, 4552.4, 346811, 479691
2025/12/30, 00:00:00, 4555.0, 4597.7, 4555.0, 4597.7, 228283, 481866
2025/12/31, 00:00:00, 4543.0, 4554.0, 4543.0, 4554.0, 186323, 476471
2026/1/2, 00:00:00, 4575.0, 4575.0, 4535.0, 4541.0, 174245, 482412
2026/1/5, 00:00:00, 4587.5, 4674.9, 4587.5, 4665.6, 249207, 480541
2026/1/6, 00:00:00, 4663.0, 4714.3, 4663.0, 4714.3, 207208, 488116
2026/1/7, 00:00:00, 4677.8, 4677.8, 4677.8, 4677.8, 234813, 489300
2026/1/8, 00:00:00, 4666.0, 4700.6, 4652.0, 4677.3, 279136, 493909
2026/1/9, 00:00:00, 4698.0, 4720.0, 4695.0, 4719.4, 288762, 499546
2026/1/12, 00:00:00, 4828.5, 4836.3, 4828.5, 4836.3, 383200, 525246
2026/1/13, 00:00:00, 4818.3, 4818.3, 4818.3, 4818.3, 345149, 527455
2026/1/14, 00:00:00, 4857.2, 4857.2, 4857.2, 4857.2, 392771, 523548
2026/1/15, 00:00:00, 4848.3, 4848.3, 4836.9, 4846.6, 266268, 521959
2026/1/16, 00:00:00, 4818.2, 4818.2, 4818.2, 4818.2, 284841, 511475
2026/1/20, 00:00:00, 4904.8, 4997.2, 4904.8, 4992.2, 492565, 528004
2026/1/21, 00:00:00, 5041.9, 5081.1, 5008.2, 5067.3, 500520, 532136
2026/1/22, 00:00:00, 5049.9, 5147.6, 5049.9, 5147.6, 357149, 541033
2026/1/23, 00:00:00, 5222.0, 5223.7, 5220.6, 5223.7, 374878, 539164
2026/1/26, 00:00:00, 5270.0, 5356.4, 5270.0, 5339.6, 655762, 525061
2026/1/27, 00:00:00, 5326.0, 5333.2, 5316.1, 5333.2, 536168, 488463
2026/1/28, 00:00:00, 5523.9, 5564.6, 5523.9, 5564.6, 566413, 465112
2026/1/29, 00:00:00, 5813.6, 5818.8, 5577.4, 5577.4, 652473, 451510
2026/1/30, 00:00:00, 5665.9, 5665.9, 4940.8, 4940.8, 585928, 425516
2026/2/2, 00:00:00, 5027.8, 5027.8, 4659.0, 4838.9, 447704, 414776
2026/2/3, 00:00:00, 5133.9, 5133.9, 5133.9, 5133.9, 287492, 409694
2026/2/4, 00:00:00, 5120.0, 5150.6, 5120.0, 5150.6, 286515, 407643
2026/2/5, 00:00:00, 5034.6, 5127.3, 5030.0, 5082.4, 267752, 400952
2026/2/6, 00:00:00, 5182.5, 5182.5, 5182.5, 5182.5, 207979, 401609
2026/2/9, 00:00:00, 5220.0, 5307.4, 5215.0, 5285.5, 153802, 404446
2026/2/10, 00:00:00, 5259.9, 5259.9, 5235.4, 5235.4, 125161, 404391
2026/2/11, 00:00:00, 5298.0, 5350.0, 5284.9, 5306.4, 161587, 408069
2026/2/12, 00:00:00, 5295.6, 5295.6, 5150.5, 5150.5, 188691, 406408
2026/2/13, 00:00:00, 5200.0, 5243.8, 5200.0, 5243.8, 145433, 408683
2026/2/17, 00:00:00, 5189.9, 5189.9, 5098.2, 5098.2, 188205, 407078
2026/2/18, 00:00:00, 5195.0, 5208.8, 5195.0, 5208.8, 113624, 410177
2026/2/19, 00:00:00, 5189.9, 5206.8, 5189.9, 5198.1, 97684, 409585
2026/2/20, 00:00:00, 5300.0, 5305.0, 5286.6, 5286.6, 151822, 416190
2026/2/23, 00:00:00, 5436.1, 5436.1, 5436.1, 5436.1, 155403, 417008
2026/2/24, 00:00:00, 5419.5, 5422.1, 5387.8, 5387.8, 163960, 420182
2026/2/25, 00:00:00, 5426.3, 5439.7, 5426.3, 5439.7, 124389, 404069
2026/2/26, 00:00:00, 5406.5, 5406.5, 5406.5, 5406.5, 148348, 407015
2026/2/27, 00:00:00, 5462.5, 5462.5, 5462.5, 5462.5, 168610, 409142
2026/3/2, 00:00:00, 5531.0, 5531.0, 5531.0, 5531.0, 254002, 409669
2026/3/3, 00:00:00, 5274.9, 5335.9, 5274.9, 5335.9, 316434, 409789
2026/3/4, 00:00:00, 5371.5, 5371.5, 5348.4, 5348.4, 168700, 413734
2026/3/5, 00:00:00, 5293.0, 5293.0, 5293.0, 5293.0, 182546, 411477
2026/3/6, 00:00:00, 5373.1, 5380.0, 5363.0, 5373.6, 209752, 405841
2026/3/9, 00:00:00, 5362.0, 5362.0, 5319.2, 5319.2, 229480, 404829
2026/3/10, 00:00:00, 5405.0, 5460.1, 5405.0, 5460.1, 237025, 413956
2026/3/11, 00:00:00, 5379.9, 5401.1, 5379.9, 5401.1, 194460, 415682
2026/3/12, 00:00:00, 5346.9, 5346.9, 5346.9, 5346.9, 200042, 422948
2026/3/13, 00:00:00, 5341.2, 5341.2, 5281.3, 5281.3, 195280, 419030
2026/3/16, 00:00:00, 5215.0, 5250.0, 5213.9, 5220.3, 212889, 412183
2026/3/17, 00:00:00, 5250.0, 5250.1, 5219.9, 5226.5, 148107, 411388
2026/3/18, 00:00:00, 5136.9, 5136.9, 5098.0, 5110.8, 260784, 412001
2026/3/19, 00:00:00, 5053.1, 5054.3, 5050.7, 5050.7, 15264, 0
