Date, Time, Open, High, Low, Last, Volume, OpenInterest
2020/6/29, 00:00:00, 1896.6, 1896.6, 1896.6, 1896.6, 138813, 547785
2020/6/30, 00:00:00, 1917.1, 1917.1, 1917.1, 1917.1, 214213, 561628
2020/7/1, 00:00:00, 1898.6, 1898.6, 1898.6, 1898.6, 287071, 554173
2020/7/2, 00:00:00, 1908.9, 1908.9, 1908.9, 1908.9, 205315, 556748
2020/7/6, 00:00:00, 1915.3, 1915.3, 1915.3, 1915.3, 206720, 559370
2020/7/7, 00:00:00, 1936.8, 1936.8, 1936.8, 1936.8, 251737, 572776
2020/7/8, 00:00:00, 1957.4, 1957.4, 1957.4, 1957.4, 317930, 575872
2020/7/9, 00:00:00, 1940.7, 1940.7, 1940.7, 1940.7, 340731, 572332
2020/7/10, 00:00:00, 1938.7, 1938.7, 1938.7, 1938.7, 273724, 568421
2020/7/13, 00:00:00, 1952.0, 1952.0, 1952.0, 1952.0, 273804, 571683
2020/7/14, 00:00:00, 1950.1, 1950.1, 1950.1, 1950.1, 305772, 580175
2020/7/15, 00:00:00, 1950.0, 1950.0, 1950.0, 1950.0, 201131, 578853
2020/7/16, 00:00:00, 1934.7, 1934.7, 1934.7, 1934.7, 220675, 579074
2020/7/17, 00:00:00, 1941.6, 1941.6, 1941.6, 1941.6, 189595, 587244
2020/7/20, 00:00:00, 1948.2, 1948.2, 1948.2, 1948.2, 204186, 592122
2020/7/21, 00:00:00, 1979.5, 1979.5, 1979.5, 1979.5, 318831, 603138
2020/7/22, 00:00:00, 2007.2, 2007.2, 2007.2, 2007.2, 452511, 609737
2020/7/23, 00:00:00, 2035.8, 2035.8, 2035.8, 2035.8, 513274, 608445
2020/7/24, 00:00:00, 2046.3, 2046.3, 2046.3, 2046.3, 387247, 607335
2020/7/27, 00:00:00, 2078.0, 2078.0, 2078.0, 2078.0, 604752, 610722
2020/7/28, 00:00:00, 2086.3, 2086.3, 2086.3, 2086.3, 638240, 598629
2020/7/29, 00:00:00, 2097.6, 2097.6, 2097.6, 2097.6, 445866, 599329
2020/7/30, 00:00:00, 2087.3, 2087.3, 2087.3, 2087.3, 331417, 586484
2020/7/31, 00:00:00, 2107.5, 2107.5, 2107.5, 2107.5, 307931, 559609
2020/8/3, 00:00:00, 2108.5, 2108.5, 2108.5, 2108.5, 199810, 557933
2020/8/4, 00:00:00, 2143.5, 2143.5, 2143.5, 2143.5, 305025, 561837
2020/8/5, 00:00:00, 2173.9, 2173.9, 2173.9, 2173.9, 405528, 554825
2020/8/6, 00:00:00, 2195.8, 2195.8, 2195.8, 2195.8, 344058, 553130
2020/8/7, 00:00:00, 2153.6, 2153.6, 2153.6, 2153.6, 441413, 550509
2020/8/10, 00:00:00, 2164.8, 2164.8, 2164.8, 2164.8, 274014, 551018
2020/8/11, 00:00:00, 2068.1, 2068.1, 2068.1, 2068.1, 620467, 553345
2020/8/12, 00:00:00, 2068.5, 2068.5, 2068.5, 2068.5, 495793, 549494
2020/8/13, 00:00:00, 2090.3, 2090.3, 2090.3, 2090.3, 371383, 548726
2020/8/14, 00:00:00, 2068.4, 2068.4, 2068.4, 2068.4, 257317, 542368
2020/8/17, 00:00:00, 2113.2, 2113.2, 2113.2, 2113.2, 314693, 545667
2020/8/18, 00:00:00, 2128.3, 2128.3, 2128.3, 2128.3, 385074, 544010
2020/8/19, 00:00:00, 2084.2, 2084.2, 2084.2, 2084.2, 472540, 546694
2020/8/20, 00:00:00, 2060.8, 2060.8, 2060.8, 2060.8, 408276, 546461
2020/8/21, 00:00:00, 2061.2, 2061.2, 2061.2, 2061.2, 375174, 550110
2020/8/24, 00:00:00, 2053.9, 2053.9, 2053.9, 2053.9, 303212, 551649
2020/8/25, 00:00:00, 2036.7, 2036.7, 2036.7, 2036.7, 289340, 549282
2020/8/26, 00:00:00, 2065.9, 2065.9, 2065.9, 2065.9, 368074, 547275
2020/8/27, 00:00:00, 2044.2, 2044.2, 2044.2, 2044.2, 493501, 544004
2020/8/28, 00:00:00, 2081.9, 2081.9, 2081.9, 2081.9, 353889, 547812
2020/8/31, 00:00:00, 2090.1, 2090.1, 2090.1, 2090.1, 257166, 544006
2020/9/1, 00:00:00, 2089.9, 2089.9, 2089.9, 2089.9, 321984, 547704
2020/9/2, 00:00:00, 2054.9, 2054.9, 2054.9, 2054.9, 350645, 549415
2020/9/3, 00:00:00, 2046.0, 2046.0, 2046.0, 2046.0, 317475, 548934
2020/9/4, 00:00:00, 2042.2, 2042.2, 2042.2, 2042.2, 319171, 551271
2020/9/8, 00:00:00, 2050.9, 2050.9, 2050.9, 2050.9, 439522, 557457
2020/9/9, 00:00:00, 2062.0, 2062.0, 2062.0, 2062.0, 240589, 564459
2020/9/10, 00:00:00, 2072.7, 2072.7, 2072.7, 2072.7, 287726, 570048
2020/9/11, 00:00:00, 2057.1, 2057.1, 2057.1, 2057.1, 217537, 568244
2020/9/14, 00:00:00, 2073.7, 2073.7, 2073.7, 2073.7, 211702, 575432
2020/9/15, 00:00:00, 2076.2, 2076.2, 2076.2, 2076.2, 261851, 578925
2020/9/16, 00:00:00, 2080.5, 2080.5, 2080.5, 2080.5, 313687, 582353
2020/9/17, 00:00:00, 2058.8, 2058.8, 2058.8, 2058.8, 288951, 576899
2020/9/18, 00:00:00, 2071.1, 2071.1, 2071.1, 2071.1, 184832, 579772
2020/9/21, 00:00:00, 2019.2, 2019.2, 2019.2, 2019.2, 411622, 574570
2020/9/22, 00:00:00, 2016.7, 2016.7, 2016.7, 2016.7, 297287, 575877
2020/9/23, 00:00:00, 1975.9, 1975.9, 1975.9, 1975.9, 439537, 579011
2020/9/24, 00:00:00, 1983.7, 1983.7, 1983.7, 1983.7, 371412, 561032
2020/9/25, 00:00:00, 1973.5, 1973.5, 1973.5, 1973.5, 244416, 559028
2020/9/28, 00:00:00, 1989.8, 1989.8, 1989.8, 1989.8, 252304, 562003
2020/9/29, 00:00:00, 2010.8, 2010.8, 2010.8, 2010.8, 226909, 562396
2020/9/30, 00:00:00, 2003.3, 2003.3, 2003.3, 2003.3, 266721, 555967
2020/10/1, 00:00:00, 2023.8, 2023.8, 2023.8, 2023.8, 268636, 555482
2020/10/2, 00:00:00, 2015.0, 2015.0, 2015.0, 2015.0, 217993, 552239
2020/10/5, 00:00:00, 2027.6, 2027.6, 2027.6, 2027.6, 184737, 554718
2020/10/6, 00:00:00, 2016.9, 2016.9, 2016.9, 2016.9, 227763, 555555
2020/10/7, 00:00:00, 2000.1, 2000.1, 2000.1, 2000.1, 203102, 550795
2020/10/8, 00:00:00, 2006.1, 2006.1, 2006.1, 2006.1, 201136, 548107
2020/10/9, 00:00:00, 2036.6, 2036.6, 2036.6, 2036.6, 246714, 558708
2020/10/12, 00:00:00, 2039.3, 2039.3, 2039.3, 2039.3, 166008, 558107
2020/10/13, 00:00:00, 2005.1, 2005.1, 2005.1, 2005.1, 282615, 553197
2020/10/14, 00:00:00, 2018.6, 2018.6, 2018.6, 2018.6, 193915, 549617
2020/10/15, 00:00:00, 2019.4, 2019.4, 2019.4, 2019.4, 225142, 556757
2020/10/16, 00:00:00, 2017.0, 2017.0, 2017.0, 2017.0, 153087, 557765
2020/10/19, 00:00:00, 2021.8, 2021.8, 2021.8, 2021.8, 170401, 562400
2020/10/20, 00:00:00, 2025.1, 2025.1, 2025.1, 2025.1, 171951, 562993
2020/10/21, 00:00:00, 2039.1, 2039.1, 2039.1, 2039.1, 211965, 572335
2020/10/22, 00:00:00, 2014.7, 2014.7, 2014.7, 2014.7, 228800, 561049
2020/10/23, 00:00:00, 2015.7, 2015.7, 2015.7, 2015.7, 180125, 557552
2020/10/26, 00:00:00, 2017.6, 2017.6, 2017.6, 2017.6, 173041, 557154
2020/10/27, 00:00:00, 2023.6, 2023.6, 2023.6, 2023.6, 162759, 560900
2020/10/28, 00:00:00, 1990.5, 1990.5, 1990.5, 1990.5, 307107, 549858
2020/10/29, 00:00:00, 1978.5, 1978.5, 1978.5, 1978.5, 238768, 545623
2020/10/30, 00:00:00, 1989.9, 1989.9, 1989.9, 1989.9, 229519, 542015
2020/11/2, 00:00:00, 2002.7, 2002.7, 2002.7, 2002.7, 181231, 541198
2020/11/3, 00:00:00, 2020.2, 2020.2, 2020.2, 2020.2, 192088, 544774
2020/11/4, 00:00:00, 2006.7, 2006.7, 2006.7, 2006.7, 326533, 548331
2020/11/5, 00:00:00, 2058.0, 2058.0, 2058.0, 2058.0, 333940, 568370
2020/11/6, 00:00:00, 2063.8, 2063.8, 2063.8, 2063.8, 293519, 570926
2020/11/9, 00:00:00, 1965.6, 1965.6, 1965.6, 1965.6, 614858, 556199
2020/11/10, 00:00:00, 1988.1, 1988.1, 1988.1, 1988.1, 331701, 547449
2020/11/11, 00:00:00, 1971.8, 1971.8, 1971.8, 1971.8, 272769, 548578
2020/11/12, 00:00:00, 1984.4, 1984.4, 1984.4, 1984.4, 265045, 554194
2020/11/13, 00:00:00, 1997.5, 1997.5, 1997.5, 1997.5, 189344, 556893
2020/11/16, 00:00:00, 1996.4, 1996.4, 1996.4, 1996.4, 263351, 554995
2020/11/17, 00:00:00, 1992.5, 1992.5, 1992.5, 1992.5, 193222, 557533
2020/11/18, 00:00:00, 1978.7, 1978.7, 1978.7, 1978.7, 265250, 553334
2020/11/19, 00:00:00, 1966.9, 1966.9, 1966.9, 1966.9, 272450, 554492
2020/11/20, 00:00:00, 1977.9, 1977.9, 1977.9, 1977.9, 241985, 558792
2020/11/23, 00:00:00, 1944.3, 1944.3, 1944.3, 1944.3, 443779, 563693
2020/11/24, 00:00:00, 1910.6, 1910.6, 1910.6, 1910.6, 519164, 555253
2020/11/25, 00:00:00, 1909.1, 1909.1, 1909.1, 1909.1, 348755, 542896
2020/11/27, 00:00:00, 1886.4, 1886.4, 1886.4, 1886.4, 372384, 545441
2020/11/30, 00:00:00, 1878.8, 1878.8, 1878.8, 1878.8, 254209, 541982
2020/12/1, 00:00:00, 1916.2, 1916.2, 1916.2, 1916.2, 215000, 538042
2020/12/2, 00:00:00, 1926.2, 1926.2, 1926.2, 1926.2, 199338, 538511
2020/12/3, 00:00:00, 1936.7, 1936.7, 1936.7, 1936.7, 190802, 540237
2020/12/4, 00:00:00, 1937.2, 1937.2, 1937.2, 1937.2, 183913, 539242
2020/12/7, 00:00:00, 1962.9, 1962.9, 1962.9, 1962.9, 226947, 547723
2020/12/8, 00:00:00, 1971.4, 1971.4, 1971.4, 1971.4, 162446, 549520
2020/12/9, 00:00:00, 1933.3, 1933.3, 1933.3, 1933.3, 231550, 544569
2020/12/10, 00:00:00, 1932.5, 1932.5, 1932.5, 1932.5, 177388, 542699
2020/12/11, 00:00:00, 1938.7, 1938.7, 1938.7, 1938.7, 164952, 546007
2020/12/14, 00:00:00, 1927.9, 1927.9, 1927.9, 1927.9, 175558, 545438
2020/12/15, 00:00:00, 1950.9, 1950.9, 1950.9, 1950.9, 180518, 550366
2020/12/16, 00:00:00, 1953.7, 1953.7, 1953.7, 1953.7, 209128, 553928
2020/12/17, 00:00:00, 1984.7, 1984.7, 1984.7, 1984.7, 230476, 562093
2020/12/18, 00:00:00, 1983.4, 1983.4, 1983.4, 1983.4, 158729, 561792
2020/12/21, 00:00:00, 1977.6, 1977.6, 1977.6, 1977.6, 240305, 560769
2020/12/22, 00:00:00, 1965.8, 1965.8, 1965.8, 1965.8, 184274, 558067
2020/12/23, 00:00:00, 1972.7, 1972.7, 1972.7, 1972.7, 168557, 561816
2020/12/24, 00:00:00, 1978.5, 1978.5, 1978.5, 1978.5, 93568, 563260
2020/12/28, 00:00:00, 1976.1, 1976.1, 1976.1, 1976.1, 204806, 553119
2020/12/29, 00:00:00, 1979.2, 1979.2, 1979.2, 1979.2, 156501, 556318
2020/12/30, 00:00:00, 1990.5, 1990.5, 1990.5, 1990.5, 140693, 560723
2020/12/31, 00:00:00, 1992.7, 1992.7, 1992.7, 1992.7, 139954, 559736
2021/1/4, 00:00:00, 2045.4, 2045.4, 2045.4, 2045.4, 298072, 567400
2021/1/5, 00:00:00, 2053.2, 2053.2, 2053.2, 2053.2, 224810, 568888
2021/1/6, 00:00:00, 2007.5, 2007.5, 2007.5, 2007.5, 406795, 569263
2021/1/7, 00:00:00, 2011.1, 2011.1, 2011.1, 2011.1, 225059, 567167
2021/1/8, 00:00:00, 1932.5, 1932.5, 1932.5, 1932.5, 517610, 552907
2021/1/11, 00:00:00, 1946.7, 1946.7, 1946.7, 1946.7, 336654, 552545
2021/1/12, 00:00:00, 1939.5, 1939.5, 1939.5, 1939.5, 303302, 555538
2021/1/13, 00:00:00, 1949.8, 1949.8, 1949.8, 1949.8, 308142, 549650
2021/1/14, 00:00:00, 1946.3, 1946.3, 1946.3, 1946.3, 345245, 550682
2021/1/15, 00:00:00, 1923.5, 1923.5, 1923.5, 1923.5, 278274, 545692
2021/1/19, 00:00:00, 1932.0, 1932.0, 1932.0, 1932.0, 432264, 541330
2021/1/20, 00:00:00, 1957.5, 1957.5, 1957.5, 1957.5, 336215, 549213
2021/1/21, 00:00:00, 1956.5, 1956.5, 1956.5, 1956.5, 252912, 545101
2021/1/22, 00:00:00, 1944.6, 1944.6, 1944.6, 1944.6, 335956, 550154
2021/1/25, 00:00:00, 1944.0, 1944.0, 1944.0, 1944.0, 308840, 551108
2021/1/26, 00:00:00, 1940.0, 1940.0, 1940.0, 1940.0, 268547, 534574
2021/1/27, 00:00:00, 1934.0, 1934.0, 1934.0, 1934.0, 377958, 533605
2021/1/28, 00:00:00, 1925.8, 1925.8, 1925.8, 1925.8, 318646, 536272
2021/1/29, 00:00:00, 1934.0, 1934.0, 1934.0, 1934.0, 289526, 520668
2021/2/1, 00:00:00, 1946.0, 1946.0, 1946.0, 1946.0, 268270, 528264
2021/2/2, 00:00:00, 1917.6, 1917.6, 1917.6, 1917.6, 247487, 520011
2021/2/3, 00:00:00, 1921.1, 1921.1, 1921.1, 1921.1, 148128, 517087
2021/2/4, 00:00:00, 1876.9, 1876.9, 1876.9, 1876.9, 293003, 517620
2021/2/5, 00:00:00, 1899.0, 1899.0, 1899.0, 1899.0, 217048, 509688
2021/2/8, 00:00:00, 1918.4, 1918.4, 1918.4, 1918.4, 190929, 507311
2021/2/9, 00:00:00, 1922.3, 1922.3, 1922.3, 1922.3, 160771, 506741
2021/2/10, 00:00:00, 1927.5, 1927.5, 1927.5, 1927.5, 187195, 507844
2021/2/11, 00:00:00, 1911.7, 1911.7, 1911.7, 1911.7, 154533, 507564
2021/2/12, 00:00:00, 1907.6, 1907.6, 1907.6, 1907.6, 179866, 503480
2021/2/16, 00:00:00, 1883.6, 1883.6, 1883.6, 1883.6, 368024, 503016
2021/2/17, 00:00:00, 1857.2, 1857.2, 1857.2, 1857.2, 270452, 499469
2021/2/18, 00:00:00, 1859.0, 1859.0, 1859.0, 1859.0, 234685, 497175
2021/2/19, 00:00:00, 1861.3, 1861.3, 1861.3, 1861.3, 263406, 491861
2021/2/22, 00:00:00, 1942.0, 1942.0, 1942.0, 1942.0, 230908, 490532
2021/2/23, 00:00:00, 1939.5, 1939.5, 1939.5, 1939.5, 199859, 481125
2021/2/24, 00:00:00, 1932.0, 1932.0, 1932.0, 1932.0, 234163, 481238
2021/2/25, 00:00:00, 1911.9, 1911.9, 1911.9, 1911.9, 330306, 478088
2021/2/26, 00:00:00, 1866.5, 1866.5, 1866.5, 1866.5, 390324, 469135
2021/3/1, 00:00:00, 1859.5, 1859.5, 1859.5, 1859.5, 256814, 466897
2021/3/2, 00:00:00, 1870.2, 1870.2, 1870.2, 1870.2, 253531, 467008
2021/3/3, 00:00:00, 1852.5, 1852.5, 1852.5, 1852.5, 272640, 464713
2021/3/4, 00:00:00, 1837.6, 1837.6, 1837.6, 1837.6, 306711, 465045
2021/3/5, 00:00:00, 1836.2, 1836.2, 1836.2, 1836.2, 329538, 468385
2021/3/8, 00:00:00, 1814.8, 1814.8, 1814.8, 1814.8, 349815, 481626
2021/3/9, 00:00:00, 1853.2, 1853.2, 1853.2, 1853.2, 305604, 473871
2021/3/10, 00:00:00, 1857.2, 1857.2, 1857.2, 1857.2, 295487, 474272
2021/3/11, 00:00:00, 1857.2, 1857.2, 1857.2, 1857.2, 272940, 467704
2021/3/12, 00:00:00, 1853.1, 1853.1, 1853.1, 1853.1, 278106, 465966
2021/3/15, 00:00:00, 1862.8, 1862.8, 1862.8, 1862.8, 185160, 471921
2021/3/16, 00:00:00, 1864.4, 1864.4, 1864.4, 1864.4, 193824, 476467
2021/3/17, 00:00:00, 1860.2, 1860.2, 1860.2, 1860.2, 240501, 479726
2021/3/18, 00:00:00, 1866.1, 1866.1, 1866.1, 1866.1, 274763, 475979
2021/3/19, 00:00:00, 1875.3, 1875.3, 1875.3, 1875.3, 258270, 480007
2021/3/22, 00:00:00, 1872.1, 1872.1, 1872.1, 1872.1, 238873, 480002
2021/3/23, 00:00:00, 1859.2, 1859.2, 1859.2, 1859.2, 299627, 485457
2021/3/24, 00:00:00, 1866.9, 1866.9, 1866.9, 1866.9, 265484, 482386
2021/3/25, 00:00:00, 1858.8, 1858.8, 1858.8, 1858.8, 306930, 478643
2021/3/26, 00:00:00, 1865.9, 1865.9, 1865.9, 1865.9, 278869, 472428
2021/3/29, 00:00:00, 1846.1, 1846.1, 1846.1, 1846.1, 327257, 468852
2021/3/30, 00:00:00, 1817.6, 1817.6, 1817.6, 1817.6, 257799, 467321
2021/3/31, 00:00:00, 1847.2, 1847.2, 1847.2, 1847.2, 217612, 457315
2021/4/1, 00:00:00, 1859.7, 1859.7, 1859.7, 1859.7, 176780, 457942
2021/4/5, 00:00:00, 1860.6, 1860.6, 1860.6, 1860.6, 105662, 457040
2021/4/6, 00:00:00, 1874.5, 1874.5, 1874.5, 1874.5, 159676, 463353
2021/4/7, 00:00:00, 1873.0, 1873.0, 1873.0, 1873.0, 126610, 458863
2021/4/8, 00:00:00, 1890.1, 1890.1, 1890.1, 1890.1, 154276, 465854
2021/4/9, 00:00:00, 1876.7, 1876.7, 1876.7, 1876.7, 179015, 457030
2021/4/12, 00:00:00, 1864.8, 1864.8, 1864.8, 1864.8, 131855, 456940
2021/4/13, 00:00:00, 1879.8, 1879.8, 1879.8, 1879.8, 182517, 460733
2021/4/14, 00:00:00, 1868.8, 1868.8, 1868.8, 1868.8, 151776, 460935
2021/4/15, 00:00:00, 1899.5, 1899.5, 1899.5, 1899.5, 205108, 475063
2021/4/16, 00:00:00, 1912.7, 1912.7, 1912.7, 1912.7, 178459, 476297
2021/4/19, 00:00:00, 1903.3, 1903.3, 1903.3, 1903.3, 185899, 473316
2021/4/20, 00:00:00, 1911.1, 1911.1, 1911.1, 1911.1, 175064, 471738
2021/4/21, 00:00:00, 1926.1, 1926.1, 1926.1, 1926.1, 179137, 479339
2021/4/22, 00:00:00, 1914.8, 1914.8, 1914.8, 1914.8, 167466, 475657
2021/4/23, 00:00:00, 1910.2, 1910.2, 1910.2, 1910.2, 184742, 476596
2021/4/26, 00:00:00, 1912.7, 1912.7, 1912.7, 1912.7, 150471, 474325
2021/4/27, 00:00:00, 1911.5, 1911.5, 1911.5, 1911.5, 158608, 473305
2021/4/28, 00:00:00, 1906.6, 1906.6, 1906.6, 1906.6, 206820, 465426
2021/4/29, 00:00:00, 1897.9, 1897.9, 1897.9, 1897.9, 243599, 462043
2021/4/30, 00:00:00, 1897.4, 1897.4, 1897.4, 1897.4, 186785, 464460
2021/5/3, 00:00:00, 1923.1, 1923.1, 1923.1, 1923.1, 216342, 475373
2021/5/4, 00:00:00, 1907.6, 1907.6, 1907.6, 1907.6, 260620, 470341
2021/5/5, 00:00:00, 1916.0, 1916.0, 1916.0, 1916.0, 202158, 467676
2021/5/6, 00:00:00, 1947.0, 1947.0, 1947.0, 1947.0, 321744, 487634
2021/5/7, 00:00:00, 1962.5, 1962.5, 1962.5, 1962.5, 402147, 496245
2021/5/10, 00:00:00, 1968.9, 1968.9, 1968.9, 1968.9, 343490, 513534
2021/5/11, 00:00:00, 1967.3, 1967.3, 1967.3, 1967.3, 391543, 498693
2021/5/12, 00:00:00, 1954.0, 1954.0, 1954.0, 1954.0, 404302, 498011
2021/5/13, 00:00:00, 1955.3, 1955.3, 1955.3, 1955.3, 298197, 504532
2021/5/14, 00:00:00, 1969.6, 1969.6, 1969.6, 1969.6, 252859, 513179
2021/5/17, 00:00:00, 1998.0, 1998.0, 1998.0, 1998.0, 319316, 526584
2021/5/18, 00:00:00, 1998.6, 1998.6, 1998.6, 1998.6, 283460, 520410
2021/5/19, 00:00:00, 2012.0, 2012.0, 2012.0, 2012.0, 467008, 525142
2021/5/20, 00:00:00, 2012.4, 2012.4, 2012.4, 2012.4, 274948, 529419
2021/5/21, 00:00:00, 2007.9, 2007.9, 2007.9, 2007.9, 296103, 533343
2021/5/24, 00:00:00, 2019.7, 2019.7, 2019.7, 2019.7, 246252, 530882
2021/5/25, 00:00:00, 2030.7, 2030.7, 2030.7, 2030.7, 507031, 510164
2021/5/26, 00:00:00, 2034.1, 2034.1, 2034.1, 2034.1, 359049, 506481
2021/5/27, 00:00:00, 2029.7, 2029.7, 2029.7, 2029.7, 256286, 506340
2021/5/28, 00:00:00, 2035.9, 2035.9, 2035.9, 2035.9, 207979, 496234
2021/6/1, 00:00:00, 2035.6, 2035.6, 2035.6, 2035.6, 300492, 489198
2021/6/2, 00:00:00, 2040.5, 2040.5, 2040.5, 2040.5, 173567, 493336
2021/6/3, 00:00:00, 2003.9, 2003.9, 2003.9, 2003.9, 290459, 487652
2021/6/4, 00:00:00, 2022.4, 2022.4, 2022.4, 2022.4, 239485, 486369
2021/6/7, 00:00:00, 2029.0, 2029.0, 2029.0, 2029.0, 152823, 491649
2021/6/8, 00:00:00, 2024.1, 2024.1, 2024.1, 2024.1, 182958, 491858
2021/6/9, 00:00:00, 2025.0, 2025.0, 2025.0, 2025.0, 151996, 493438
2021/6/10, 00:00:00, 2025.6, 2025.6, 2025.6, 2025.6, 262515, 496985
2021/6/11, 00:00:00, 2008.5, 2008.5, 2008.5, 2008.5, 229898, 492207
2021/6/14, 00:00:00, 1993.8, 1993.8, 1993.8, 1993.8, 251070, 482028
2021/6/15, 00:00:00, 1984.4, 1984.4, 1984.4, 1984.4, 158656, 480127
2021/6/16, 00:00:00, 1989.4, 1989.4, 1989.4, 1989.4, 242633, 479558
2021/6/17, 00:00:00, 1902.8, 1902.8, 1902.8, 1902.8, 402120, 476313
2021/6/18, 00:00:00, 1897.5, 1897.5, 1897.5, 1897.5, 272551, 466106
2021/6/21, 00:00:00, 1911.3, 1911.3, 1911.3, 1911.3, 200758, 458770
2021/6/22, 00:00:00, 1905.4, 1905.4, 1905.4, 1905.4, 177125, 453940
2021/6/23, 00:00:00, 1911.6, 1911.6, 1911.6, 1911.6, 184849, 453502
2021/6/24, 00:00:00, 1905.0, 1905.0, 1905.0, 1905.0, 157046, 449729
2021/6/25, 00:00:00, 1905.8, 1905.8, 1905.8, 1905.8, 167368, 450374
2021/6/28, 00:00:00, 1908.6, 1908.6, 1908.6, 1908.6, 166805, 449666
2021/6/29, 00:00:00, 1891.5, 1891.5, 1891.5, 1891.5, 250470, 453360
2021/6/30, 00:00:00, 1899.9, 1899.9, 1899.9, 1899.9, 184391, 455621
2021/7/1, 00:00:00, 1905.1, 1905.1, 1905.1, 1905.1, 179935, 454631
2021/7/2, 00:00:00, 1911.9, 1911.9, 1911.9, 1911.9, 215724, 462183
2021/7/6, 00:00:00, 1922.5, 1922.5, 1922.5, 1922.5, 292726, 465811
2021/7/7, 00:00:00, 1930.7, 1930.7, 1930.7, 1930.7, 185284, 466253
2021/7/8, 00:00:00, 1928.5, 1928.5, 1928.5, 1928.5, 294317, 470743
2021/7/9, 00:00:00, 1939.5, 1939.5, 1939.5, 1939.5, 242532, 476693
2021/7/12, 00:00:00, 1934.7, 1934.7, 1934.7, 1934.7, 256919, 483541
2021/7/13, 00:00:00, 1939.2, 1939.2, 1939.2, 1939.2, 300955, 495798
2021/7/14, 00:00:00, 1954.5, 1954.5, 1954.5, 1954.5, 291567, 499915
2021/7/15, 00:00:00, 1958.3, 1958.3, 1958.3, 1958.3, 215334, 495011
2021/7/16, 00:00:00, 1944.4, 1944.4, 1944.4, 1944.4, 206567, 489757
2021/7/19, 00:00:00, 1938.2, 1938.2, 1938.2, 1938.2, 317352, 487969
2021/7/20, 00:00:00, 1940.0, 1940.0, 1940.0, 1940.0, 266086, 490520
2021/7/21, 00:00:00, 1932.0, 1932.0, 1932.0, 1932.0, 290409, 502760
2021/7/22, 00:00:00, 1934.2, 1934.2, 1934.2, 1934.2, 254631, 516507
2021/7/23, 00:00:00, 1930.3, 1930.3, 1930.3, 1930.3, 339458, 516553
2021/7/26, 00:00:00, 1927.9, 1927.9, 1927.9, 1927.9, 301150, 517197
2021/7/27, 00:00:00, 1928.2, 1928.2, 1928.2, 1928.2, 267889, 500187
2021/7/28, 00:00:00, 1929.0, 1929.0, 1929.0, 1929.0, 442978, 492219
2021/7/29, 00:00:00, 1960.3, 1960.3, 1960.3, 1960.3, 268755, 510480
2021/7/30, 00:00:00, 1941.5, 1941.5, 1941.5, 1941.5, 172578, 488404
2021/8/2, 00:00:00, 1946.5, 1946.5, 1946.5, 1946.5, 170321, 484385
2021/8/3, 00:00:00, 1938.9, 1938.9, 1938.9, 1938.9, 114034, 485663
2021/8/4, 00:00:00, 1939.2, 1939.2, 1939.2, 1939.2, 262266, 490706
2021/8/5, 00:00:00, 1934.2, 1934.2, 1934.2, 1934.2, 181744, 488674
2021/8/6, 00:00:00, 1889.1, 1889.1, 1889.1, 1889.1, 349720, 484959
2021/8/9, 00:00:00, 1852.4, 1852.4, 1852.4, 1852.4, 316824, 477334
2021/8/10, 00:00:00, 1857.8, 1857.8, 1857.8, 1857.8, 200876, 477232
2021/8/11, 00:00:00, 1879.7, 1879.7, 1879.7, 1879.7, 197749, 475719
2021/8/12, 00:00:00, 1878.2, 1878.2, 1878.2, 1878.2, 145600, 476469
2021/8/13, 00:00:00, 1904.0, 1904.0, 1904.0, 1904.0, 155324, 476580
2021/8/16, 00:00:00, 1916.0, 1916.0, 1916.0, 1916.0, 144466, 481640
2021/8/17, 00:00:00, 1913.0, 1913.0, 1913.0, 1913.0, 156397, 485485
2021/8/18, 00:00:00, 1909.6, 1909.6, 1909.6, 1909.6, 139796, 487593
2021/8/19, 00:00:00, 1908.0, 1908.0, 1908.0, 1908.0, 159203, 492087
2021/8/20, 00:00:00, 1908.6, 1908.6, 1908.6, 1908.6, 114239, 495636
2021/8/23, 00:00:00, 1930.8, 1930.8, 1930.8, 1930.8, 166029, 504452
2021/8/24, 00:00:00, 1932.8, 1932.8, 1932.8, 1932.8, 121038, 504735
2021/8/25, 00:00:00, 1915.3, 1915.3, 1915.3, 1915.3, 172572, 498900
2021/8/26, 00:00:00, 1919.7, 1919.7, 1919.7, 1919.7, 141495, 495542
2021/8/27, 00:00:00, 1944.0, 1944.0, 1944.0, 1944.0, 215062, 506081
2021/8/30, 00:00:00, 1936.7, 1936.7, 1936.7, 1936.7, 109013, 503249
2021/8/31, 00:00:00, 1942.6, 1942.6, 1942.6, 1942.6, 176915, 507113
2021/9/1, 00:00:00, 1940.4, 1940.4, 1940.4, 1940.4, 150037, 505362
2021/9/2, 00:00:00, 1932.1, 1932.1, 1932.1, 1932.1, 120855, 504805
2021/9/3, 00:00:00, 1954.1, 1954.1, 1954.1, 1954.1, 195831, 513213
2021/9/7, 00:00:00, 1919.0, 1919.0, 1919.0, 1919.0, 267666, 506772
2021/9/8, 00:00:00, 1914.1, 1914.1, 1914.1, 1914.1, 169914, 503186
2021/9/9, 00:00:00, 1920.6, 1920.6, 1920.6, 1920.6, 170082, 504278
2021/9/10, 00:00:00, 1912.8, 1912.8, 1912.8, 1912.8, 143963, 503195
2021/9/13, 00:00:00, 1915.1, 1915.1, 1915.1, 1915.1, 125785, 503831
2021/9/14, 00:00:00, 1927.8, 1927.8, 1927.8, 1927.8, 209182, 506356
2021/9/15, 00:00:00, 1915.4, 1915.4, 1915.4, 1915.4, 144883, 503019
2021/9/16, 00:00:00, 1877.2, 1877.2, 1877.2, 1877.2, 272613, 505193
2021/9/17, 00:00:00, 1871.6, 1871.6, 1871.6, 1871.6, 198614, 504089
2021/9/20, 00:00:00, 1884.2, 1884.2, 1884.2, 1884.2, 161323, 497043
2021/9/21, 00:00:00, 1898.8, 1898.8, 1898.8, 1898.8, 159454, 492765
2021/9/22, 00:00:00, 1899.3, 1899.3, 1899.3, 1899.3, 182893, 494617
2021/9/23, 00:00:00, 1870.1, 1870.1, 1870.1, 1870.1, 241928, 498037
2021/9/24, 00:00:00, 1871.9, 1871.9, 1871.9, 1871.9, 164489, 498005
2021/9/27, 00:00:00, 1872.2, 1872.2, 1872.2, 1872.2, 152577, 496277
2021/9/28, 00:00:00, 1857.7, 1857.7, 1857.7, 1857.7, 236541, 490348
2021/9/29, 00:00:00, 1842.9, 1842.9, 1842.9, 1842.9, 188787, 491249
2021/9/30, 00:00:00, 1876.0, 1876.0, 1876.0, 1876.0, 268485, 487410
2021/10/1, 00:00:00, 1877.7, 1877.7, 1877.7, 1877.7, 161742, 483612
2021/10/4, 00:00:00, 1886.6, 1886.6, 1886.6, 1886.6, 171511, 485690
2021/10/5, 00:00:00, 1880.4, 1880.4, 1880.4, 1880.4, 159848, 483789
2021/10/6, 00:00:00, 1881.1, 1881.1, 1881.1, 1881.1, 165783, 487173
2021/10/7, 00:00:00, 1879.3, 1879.3, 1879.3, 1879.3, 158831, 484698
2021/10/8, 00:00:00, 1877.7, 1877.7, 1877.7, 1877.7, 256342, 485221
2021/10/11, 00:00:00, 1876.2, 1876.2, 1876.2, 1876.2, 124795, 485559
2021/10/12, 00:00:00, 1879.7, 1879.7, 1879.7, 1879.7, 178995, 484382
2021/10/13, 00:00:00, 1915.9, 1915.9, 1915.9, 1915.9, 313621, 500815
2021/10/14, 00:00:00, 1918.7, 1918.7, 1918.7, 1918.7, 171357, 501347
2021/10/15, 00:00:00, 1889.1, 1889.1, 1889.1, 1889.1, 210624, 487802
2021/10/18, 00:00:00, 1886.8, 1886.8, 1886.8, 1886.8, 159466, 484589
2021/10/19, 00:00:00, 1891.7, 1891.7, 1891.7, 1891.7, 170060, 485974
2021/10/20, 00:00:00, 1905.7, 1905.7, 1905.7, 1905.7, 183451, 487107
2021/10/21, 00:00:00, 1903.0, 1903.0, 1903.0, 1903.0, 141008, 486749
2021/10/22, 00:00:00, 1917.6, 1917.6, 1917.6, 1917.6, 329857, 506408
2021/10/25, 00:00:00, 1927.8, 1927.8, 1927.8, 1927.8, 164006, 516389
2021/10/26, 00:00:00, 1914.4, 1914.4, 1914.4, 1914.4, 203467, 509794
2021/10/27, 00:00:00, 1920.0, 1920.0, 1920.0, 1920.0, 188397, 509082
2021/10/28, 00:00:00, 1923.5, 1923.5, 1923.5, 1923.5, 237820, 516970
2021/10/29, 00:00:00, 1904.9, 1904.9, 1904.9, 1904.9, 267998, 504956
2021/11/1, 00:00:00, 1916.0, 1916.0, 1916.0, 1916.0, 162359, 510201
2021/11/2, 00:00:00, 1909.5, 1909.5, 1909.5, 1909.5, 156037, 507616
2021/11/3, 00:00:00, 1883.7, 1883.7, 1883.7, 1883.7, 269283, 507314
2021/11/4, 00:00:00, 1913.5, 1913.5, 1913.5, 1913.5, 237659, 511333
2021/11/5, 00:00:00, 1937.0, 1937.0, 1937.0, 1937.0, 357468, 542149
2021/11/8, 00:00:00, 1948.3, 1948.3, 1948.3, 1948.3, 249537, 561324
2021/11/9, 00:00:00, 1951.0, 1951.0, 1951.0, 1951.0, 293208, 571025
2021/11/10, 00:00:00, 1969.0, 1969.0, 1969.0, 1969.0, 443464, 593911
2021/11/11, 00:00:00, 1984.3, 1984.3, 1984.3, 1984.3, 263532, 606890
2021/11/12, 00:00:00, 1988.8, 1988.8, 1988.8, 1988.8, 235318, 610797
2021/11/15, 00:00:00, 1987.2, 1987.2, 1987.2, 1987.2, 323500, 610136
2021/11/16, 00:00:00, 1975.1, 1975.1, 1975.1, 1975.1, 252151, 612612
2021/11/17, 00:00:00, 1991.1, 1991.1, 1991.1, 1991.1, 212712, 620113
2021/11/18, 00:00:00, 1982.2, 1982.2, 1982.2, 1982.2, 244405, 618299
2021/11/19, 00:00:00, 1972.3, 1972.3, 1972.3, 1972.3, 303727, 611282
2021/11/22, 00:00:00, 1927.5, 1927.5, 1927.5, 1927.5, 510668, 577014
2021/11/23, 00:00:00, 1905.0, 1905.0, 1905.0, 1905.0, 475715, 559823
2021/11/24, 00:00:00, 1905.8, 1905.8, 1905.8, 1905.8, 316096, 554014
2021/11/26, 00:00:00, 1906.2, 1906.2, 1906.2, 1906.2, 381810, 557049
2021/11/29, 00:00:00, 1903.5, 1903.5, 1903.5, 1903.5, 186392, 544978
2021/11/30, 00:00:00, 1894.8, 1894.8, 1894.8, 1894.8, 255488, 531868
2021/12/1, 00:00:00, 1903.6, 1903.6, 1903.6, 1903.6, 189277, 522963
2021/12/2, 00:00:00, 1881.9, 1881.9, 1881.9, 1881.9, 182943, 502300
2021/12/3, 00:00:00, 1902.9, 1902.9, 1902.9, 1902.9, 186117, 500763
2021/12/6, 00:00:00, 1898.9, 1898.9, 1898.9, 1898.9, 111173, 499806
2021/12/7, 00:00:00, 1904.5, 1904.5, 1904.5, 1904.5, 141224, 499307
2021/12/8, 00:00:00, 1905.6, 1905.6, 1905.6, 1905.6, 118993, 499951
2021/12/9, 00:00:00, 1897.2, 1897.2, 1897.2, 1897.2, 134501, 499568
2021/12/10, 00:00:00, 1905.4, 1905.4, 1905.4, 1905.4, 156259, 501269
2021/12/13, 00:00:00, 1909.8, 1909.8, 1909.8, 1909.8, 120540, 505001
2021/12/14, 00:00:00, 1894.5, 1894.5, 1894.5, 1894.5, 163163, 503709
2021/12/15, 00:00:00, 1886.7, 1886.7, 1886.7, 1886.7, 166196, 503969
2021/12/16, 00:00:00, 1919.9, 1919.9, 1919.9, 1919.9, 178451, 507338
2021/12/17, 00:00:00, 1926.4, 1926.4, 1926.4, 1926.4, 168244, 506187
2021/12/20, 00:00:00, 1916.1, 1916.1, 1916.1, 1916.1, 110922, 502006
2021/12/21, 00:00:00, 1911.0, 1911.0, 1911.0, 1911.0, 142141, 500846
2021/12/22, 00:00:00, 1924.2, 1924.2, 1924.2, 1924.2, 115272, 502604
2021/12/23, 00:00:00, 1933.7, 1933.7, 1933.7, 1933.7, 110245, 506258
2021/12/27, 00:00:00, 1931.0, 1931.0, 1931.0, 1931.0, 88822, 506541
2021/12/28, 00:00:00, 1933.1, 1933.1, 1933.1, 1933.1, 104515, 508912
2021/12/29, 00:00:00, 1928.5, 1928.5, 1928.5, 1928.5, 143620, 504953
2021/12/30, 00:00:00, 1937.0, 1937.0, 1937.0, 1937.0, 123694, 508368
2021/12/31, 00:00:00, 1951.8, 1951.8, 1951.8, 1951.8, 117017, 512591
2022/1/3, 00:00:00, 1923.0, 1923.0, 1923.0, 1923.0, 181881, 507899
2022/1/4, 00:00:00, 1937.7, 1937.7, 1937.7, 1937.7, 186805, 502717
2022/1/5, 00:00:00, 1947.6, 1947.6, 1947.6, 1947.6, 201886, 510855
2022/1/6, 00:00:00, 1911.5, 1911.5, 1911.5, 1911.5, 281772, 517853
2022/1/7, 00:00:00, 1919.7, 1919.7, 1919.7, 1919.7, 329226, 517581
2022/1/10, 00:00:00, 1921.5, 1921.5, 1921.5, 1921.5, 224695, 526222
2022/1/11, 00:00:00, 1940.8, 1940.8, 1940.8, 1940.8, 240356, 546516
2022/1/12, 00:00:00, 1950.1, 1950.1, 1950.1, 1950.1, 252095, 547111
2022/1/13, 00:00:00, 1944.4, 1944.4, 1944.4, 1944.4, 316909, 531871
2022/1/14, 00:00:00, 1939.8, 1939.8, 1939.8, 1939.8, 206619, 536051
2022/1/18, 00:00:00, 1937.3, 1937.3, 1937.3, 1937.3, 485006, 539204
2022/1/19, 00:00:00, 1968.3, 1968.3, 1968.3, 1968.3, 416378, 552606
2022/1/20, 00:00:00, 1968.0, 1968.0, 1968.0, 1968.0, 325118, 559048
2022/1/21, 00:00:00, 1957.1, 1957.1, 1957.1, 1957.1, 299674, 553896
2022/1/24, 00:00:00, 1967.3, 1967.3, 1967.3, 1967.3, 353554, 557626
2022/1/25, 00:00:00, 1978.3, 1978.3, 1978.3, 1978.3, 282499, 572078
2022/1/26, 00:00:00, 1955.4, 1955.4, 1955.4, 1955.4, 441185, 553207
2022/1/27, 00:00:00, 1921.0, 1921.0, 1921.0, 1921.0, 422930, 541707
2022/1/28, 00:00:00, 1913.5, 1913.5, 1913.5, 1913.5, 258435, 527601
2022/1/31, 00:00:00, 1924.3, 1924.3, 1924.3, 1924.3, 153315, 522502
2022/2/1, 00:00:00, 1929.3, 1929.3, 1929.3, 1929.3, 138604, 515331
2022/2/2, 00:00:00, 1937.9, 1937.9, 1937.9, 1937.9, 130391, 512349
2022/2/3, 00:00:00, 1932.9, 1932.9, 1932.9, 1932.9, 180150, 509989
2022/2/4, 00:00:00, 1938.5, 1938.5, 1938.5, 1938.5, 192881, 508423
2022/2/7, 00:00:00, 1951.9, 1951.9, 1951.9, 1951.9, 151795, 509402
2022/2/8, 00:00:00, 1958.9, 1958.9, 1958.9, 1958.9, 159155, 512842
2022/2/9, 00:00:00, 1967.7, 1967.7, 1967.7, 1967.7, 147663, 520626
2022/2/10, 00:00:00, 1972.7, 1972.7, 1972.7, 1972.7, 250188, 530507
2022/2/11, 00:00:00, 1979.1, 1979.1, 1979.1, 1979.1, 255136, 545836
2022/2/14, 00:00:00, 2007.5, 2007.5, 2007.5, 2007.5, 242907, 560182
2022/2/15, 00:00:00, 1993.5, 1993.5, 1993.5, 1993.5, 224600, 558645
2022/2/16, 00:00:00, 2007.9, 2007.9, 2007.9, 2007.9, 149951, 567282
2022/2/17, 00:00:00, 2037.5, 2037.5, 2037.5, 2037.5, 282759, 596773
2022/2/18, 00:00:00, 2035.1, 2035.1, 2035.1, 2035.1, 168624, 602228
2022/2/22, 00:00:00, 2042.0, 2042.0, 2042.0, 2042.0, 358372, 611488
2022/2/23, 00:00:00, 2044.7, 2044.7, 2044.7, 2044.7, 168191, 618186
2022/2/24, 00:00:00, 2059.2, 2059.2, 2059.2, 2059.2, 454883, 611923
2022/2/25, 00:00:00, 2021.2, 2021.2, 2021.2, 2021.2, 242840, 605244
2022/2/28, 00:00:00, 2033.0, 2033.0, 2033.0, 2033.0, 262151, 603287
2022/3/1, 00:00:00, 2075.1, 2075.1, 2075.1, 2075.1, 236486, 615600
2022/3/2, 00:00:00, 2055.5, 2055.5, 2055.5, 2055.5, 244052, 612827
2022/3/3, 00:00:00, 2070.3, 2070.3, 2070.3, 2070.3, 199153, 617053
2022/3/4, 00:00:00, 2100.6, 2100.6, 2100.6, 2100.6, 256899, 633697
2022/3/7, 00:00:00, 2128.8, 2128.8, 2128.8, 2128.8, 460043, 645711
2022/3/8, 00:00:00, 2176.1, 2176.1, 2176.1, 2176.1, 531223, 638502
2022/3/9, 00:00:00, 2121.7, 2121.7, 2121.7, 2121.7, 431330, 641975
2022/3/10, 00:00:00, 2136.4, 2136.4, 2136.4, 2136.4, 403955, 619721
2022/3/11, 00:00:00, 2121.3, 2121.3, 2121.3, 2121.3, 360060, 633725
2022/3/14, 00:00:00, 2097.7, 2097.7, 2097.7, 2097.7, 189426, 624775
2022/3/15, 00:00:00, 2066.3, 2066.3, 2066.3, 2066.3, 276340, 617605
2022/3/16, 00:00:00, 2046.4, 2046.4, 2046.4, 2046.4, 242225, 613890
2022/3/17, 00:00:00, 2082.4, 2082.4, 2082.4, 2082.4, 190968, 612766
2022/3/18, 00:00:00, 2069.7, 2069.7, 2069.7, 2069.7, 195696, 610101
2022/3/21, 00:00:00, 2073.4, 2073.4, 2073.4, 2073.4, 203295, 610889
2022/3/22, 00:00:00, 2068.6, 2068.6, 2068.6, 2068.6, 207806, 605191
2022/3/23, 00:00:00, 2086.0, 2086.0, 2086.0, 2086.0, 216411, 608085
2022/3/24, 00:00:00, 2116.6, 2116.6, 2116.6, 2116.6, 259726, 608575
2022/3/25, 00:00:00, 2112.8, 2112.8, 2112.8, 2112.8, 219900, 607974
2022/3/28, 00:00:00, 2100.1, 2100.1, 2100.1, 2100.1, 296950, 587080
2022/3/29, 00:00:00, 2072.5, 2072.5, 2072.5, 2072.5, 355055, 574488
2022/3/30, 00:00:00, 2092.8, 2092.8, 2092.8, 2092.8, 162315, 579110
2022/3/31, 00:00:00, 2109.0, 2109.0, 2109.0, 2109.0, 171603, 569969
2022/4/1, 00:00:00, 2080.1, 2080.1, 2080.1, 2080.1, 140631, 565115
2022/4/4, 00:00:00, 2091.4, 2091.4, 2091.4, 2091.4, 115377, 560605
2022/4/5, 00:00:00, 2091.7, 2091.7, 2091.7, 2091.7, 155356, 560666
2022/4/6, 00:00:00, 2087.6, 2087.6, 2087.6, 2087.6, 161774, 562357
2022/4/7, 00:00:00, 2102.7, 2102.7, 2102.7, 2102.7, 135121, 563771
2022/4/8, 00:00:00, 2110.8, 2110.8, 2110.8, 2110.8, 155341, 569443
2022/4/11, 00:00:00, 2114.9, 2114.9, 2114.9, 2114.9, 194489, 570795
2022/4/12, 00:00:00, 2152.7, 2152.7, 2152.7, 2152.7, 188023, 577639
2022/4/13, 00:00:00, 2161.5, 2161.5, 2161.5, 2161.5, 147601, 579030
2022/4/14, 00:00:00, 2152.0, 2152.0, 2152.0, 2152.0, 144178, 575296
2022/4/18, 00:00:00, 2164.6, 2164.6, 2164.6, 2164.6, 141268, 579612
2022/4/19, 00:00:00, 2137.7, 2137.7, 2137.7, 2137.7, 190156, 575202
2022/4/20, 00:00:00, 2135.5, 2135.5, 2135.5, 2135.5, 149816, 572326
2022/4/21, 00:00:00, 2130.3, 2130.3, 2130.3, 2130.3, 170001, 569941
2022/4/22, 00:00:00, 2117.6, 2117.6, 2117.6, 2117.6, 192043, 568150
2022/4/25, 00:00:00, 2077.6, 2077.6, 2077.6, 2077.6, 255512, 556876
2022/4/26, 00:00:00, 2085.4, 2085.4, 2085.4, 2085.4, 178584, 557785
2022/4/27, 00:00:00, 2069.9, 2069.9, 2069.9, 2069.9, 191138, 554935
2022/4/28, 00:00:00, 2073.0, 2073.0, 2073.0, 2073.0, 180666, 558777
2022/4/29, 00:00:00, 2094.1, 2094.1, 2094.1, 2094.1, 188075, 561272
2022/5/2, 00:00:00, 2046.9, 2046.9, 2046.9, 2046.9, 205342, 560166
2022/5/3, 00:00:00, 2054.5, 2054.5, 2054.5, 2054.5, 199788, 560441
2022/5/4, 00:00:00, 2053.6, 2053.6, 2053.6, 2053.6, 192767, 568986
2022/5/5, 00:00:00, 2059.8, 2059.8, 2059.8, 2059.8, 249526, 573773
2022/5/6, 00:00:00, 2066.9, 2066.9, 2066.9, 2066.9, 253851, 554662
2022/5/9, 00:00:00, 2041.9, 2041.9, 2041.9, 2041.9, 295347, 553131
2022/5/10, 00:00:00, 2024.1, 2024.1, 2024.1, 2024.1, 361945, 571447
2022/5/11, 00:00:00, 2037.8, 2037.8, 2037.8, 2037.8, 309189, 574663
2022/5/12, 00:00:00, 2008.8, 2008.8, 2008.8, 2008.8, 332691, 573045
2022/5/13, 00:00:00, 1991.8, 1991.8, 1991.8, 1991.8, 205090, 566403
2022/5/16, 00:00:00, 1997.4, 1997.4, 1997.4, 1997.4, 189792, 557303
2022/5/17, 00:00:00, 2002.9, 2002.9, 2002.9, 2002.9, 167076, 555756
2022/5/18, 00:00:00, 2000.1, 2000.1, 2000.1, 2000.1, 193412, 551158
2022/5/19, 00:00:00, 2025.0, 2025.0, 2025.0, 2025.0, 218843, 548595
2022/5/20, 00:00:00, 2025.3, 2025.3, 2025.3, 2025.3, 189315, 542132
2022/5/23, 00:00:00, 2030.3, 2030.3, 2030.3, 2030.3, 230385, 540034
2022/5/24, 00:00:00, 2047.6, 2047.6, 2047.6, 2047.6, 257307, 530098
2022/5/25, 00:00:00, 2028.9, 2028.9, 2028.9, 2028.9, 288065, 526060
2022/5/26, 00:00:00, 2030.0, 2030.0, 2030.0, 2030.0, 221915, 523288
2022/5/27, 00:00:00, 2033.8, 2033.8, 2033.8, 2033.8, 159080, 519723
2022/5/31, 00:00:00, 2025.5, 2025.5, 2025.5, 2025.5, 215795, 513722
2022/6/1, 00:00:00, 2027.1, 2027.1, 2027.1, 2027.1, 164991, 505854
2022/6/2, 00:00:00, 2050.0, 2050.0, 2050.0, 2050.0, 134599, 511320
2022/6/3, 00:00:00, 2029.2, 2029.2, 2029.2, 2029.2, 120680, 498442
2022/6/6, 00:00:00, 2023.7, 2023.7, 2023.7, 2023.7, 112034, 495816
2022/6/7, 00:00:00, 2033.1, 2033.1, 2033.1, 2033.1, 128879, 494130
2022/6/8, 00:00:00, 2037.2, 2037.2, 2037.2, 2037.2, 132428, 497300
2022/6/9, 00:00:00, 2034.9, 2034.9, 2034.9, 2034.9, 142324, 494698
2022/6/10, 00:00:00, 2063.4, 2063.4, 2063.4, 2063.4, 283420, 509575
2022/6/13, 00:00:00, 2022.5, 2022.5, 2022.5, 2022.5, 270314, 499867
2022/6/14, 00:00:00, 2006.5, 2006.5, 2006.5, 2006.5, 181703, 497456
2022/6/15, 00:00:00, 2012.5, 2012.5, 2012.5, 2012.5, 215239, 492113
2022/6/16, 00:00:00, 2045.1, 2045.1, 2045.1, 2045.1, 188634, 495256
2022/6/17, 00:00:00, 2036.6, 2036.6, 2036.6, 2036.6, 147432, 497815
2022/6/21, 00:00:00, 2034.8, 2034.8, 2034.8, 2034.8, 188107, 500276
2022/6/22, 00:00:00, 2032.5, 2032.5, 2032.5, 2032.5, 160002, 499268
2022/6/23, 00:00:00, 2023.0, 2023.0, 2023.0, 2023.0, 176400, 501673
2022/6/24, 00:00:00, 2023.1, 2023.1, 2023.1, 2023.1, 150407, 496958
2022/6/27, 00:00:00, 2018.7, 2018.7, 2018.7, 2018.7, 156728, 498031
2022/6/28, 00:00:00, 2016.1, 2016.1, 2016.1, 2016.1, 122037, 496869
2022/6/29, 00:00:00, 2011.6, 2011.6, 2011.6, 2011.6, 167795, 498299
2022/6/30, 00:00:00, 2000.2, 2000.2, 2000.2, 2000.2, 230782, 495832
2022/7/1, 00:00:00, 1992.0, 1992.0, 1992.0, 1992.0, 299174, 494664
2022/7/5, 00:00:00, 1950.3, 1950.3, 1950.3, 1950.3, 369301, 498210
2022/7/6, 00:00:00, 1917.7, 1917.7, 1917.7, 1917.7, 334627, 501234
2022/7/7, 00:00:00, 1921.4, 1921.4, 1921.4, 1921.4, 179026, 494996
2022/7/8, 00:00:00, 1925.3, 1925.3, 1925.3, 1925.3, 247080, 500451
2022/7/11, 00:00:00, 1915.5, 1915.5, 1915.5, 1915.5, 245877, 517246
2022/7/12, 00:00:00, 1908.4, 1908.4, 1908.4, 1908.4, 389319, 542493
2022/7/13, 00:00:00, 1919.9, 1919.9, 1919.9, 1919.9, 408347, 535552
2022/7/14, 00:00:00, 1890.9, 1890.9, 1890.9, 1890.9, 339734, 552130
2022/7/15, 00:00:00, 1886.8, 1886.8, 1886.8, 1886.8, 204724, 546081
2022/7/18, 00:00:00, 1898.0, 1898.0, 1898.0, 1898.0, 203349, 531752
2022/7/19, 00:00:00, 1897.0, 1897.0, 1897.0, 1897.0, 164536, 524786
2022/7/20, 00:00:00, 1885.9, 1885.9, 1885.9, 1885.9, 229808, 528655
2022/7/21, 00:00:00, 1899.0, 1899.0, 1899.0, 1899.0, 317648, 518984
2022/7/22, 00:00:00, 1912.2, 1912.2, 1912.2, 1912.2, 284565, 509399
2022/7/25, 00:00:00, 1904.1, 1904.1, 1904.1, 1904.1, 245115, 502738
2022/7/26, 00:00:00, 1901.7, 1901.7, 1901.7, 1901.7, 246463, 487515
2022/7/27, 00:00:00, 1903.3, 1903.3, 1903.3, 1903.3, 282936, 482469
2022/7/28, 00:00:00, 1934.0, 1934.0, 1934.0, 1934.0, 253702, 485668
2022/7/29, 00:00:00, 1947.1, 1947.1, 1947.1, 1947.1, 155548, 466838
2022/8/1, 00:00:00, 1953.9, 1953.9, 1953.9, 1953.9, 144999, 462770
2022/8/2, 00:00:00, 1957.9, 1957.9, 1957.9, 1957.9, 190757, 459649
2022/8/3, 00:00:00, 1947.1, 1947.1, 1947.1, 1947.1, 170107, 459160
2022/8/4, 00:00:00, 1977.1, 1977.1, 1977.1, 1977.1, 169237, 461339
2022/8/5, 00:00:00, 1963.8, 1963.8, 1963.8, 1963.8, 182564, 454081
2022/8/8, 00:00:00, 1979.1, 1979.1, 1979.1, 1979.1, 112862, 455315
2022/8/9, 00:00:00, 1986.7, 1986.7, 1986.7, 1986.7, 132391, 453540
2022/8/10, 00:00:00, 1986.9, 1986.9, 1986.9, 1986.9, 172247, 455997
2022/8/11, 00:00:00, 1980.9, 1980.9, 1980.9, 1980.9, 131831, 457982
2022/8/12, 00:00:00, 1989.3, 1989.3, 1989.3, 1989.3, 127304, 458933
2022/8/15, 00:00:00, 1972.0, 1972.0, 1972.0, 1972.0, 145199, 455656
2022/8/16, 00:00:00, 1963.3, 1963.3, 1963.3, 1963.3, 100614, 453960
2022/8/17, 00:00:00, 1950.5, 1950.5, 1950.5, 1950.5, 144897, 456339
2022/8/18, 00:00:00, 1945.5, 1945.5, 1945.5, 1945.5, 130177, 456855
2022/8/19, 00:00:00, 1937.4, 1937.4, 1937.4, 1937.4, 148081, 458131
2022/8/22, 00:00:00, 1922.8, 1922.8, 1922.8, 1922.8, 153908, 457457
2022/8/23, 00:00:00, 1936.5, 1936.5, 1936.5, 1936.5, 153266, 457762
2022/8/24, 00:00:00, 1937.6, 1937.6, 1937.6, 1937.6, 120501, 459616
2022/8/25, 00:00:00, 1948.1, 1948.1, 1948.1, 1948.1, 124731, 457023
2022/8/26, 00:00:00, 1926.4, 1926.4, 1926.4, 1926.4, 187676, 457582
2022/8/29, 00:00:00, 1926.8, 1926.8, 1926.8, 1926.8, 163340, 457821
2022/8/30, 00:00:00, 1912.9, 1912.9, 1912.9, 1912.9, 140958, 459165
2022/8/31, 00:00:00, 1902.7, 1902.7, 1902.7, 1902.7, 190092, 459407
2022/9/1, 00:00:00, 1885.6, 1885.6, 1885.6, 1885.6, 215387, 464244
2022/9/2, 00:00:00, 1899.0, 1899.0, 1899.0, 1899.0, 188145, 463442
2022/9/6, 00:00:00, 1889.8, 1889.8, 1889.8, 1889.8, 219015, 465908
2022/9/7, 00:00:00, 1904.6, 1904.6, 1904.6, 1904.6, 187486, 464269
2022/9/8, 00:00:00, 1896.9, 1896.9, 1896.9, 1896.9, 194107, 464841
2022/9/9, 00:00:00, 1906.0, 1906.0, 1906.0, 1906.0, 167306, 464822
2022/9/12, 00:00:00, 1918.4, 1918.4, 1918.4, 1918.4, 163312, 465639
2022/9/13, 00:00:00, 1897.5, 1897.5, 1897.5, 1897.5, 253548, 463674
2022/9/14, 00:00:00, 1892.2, 1892.2, 1892.2, 1892.2, 182353, 464415
2022/9/15, 00:00:00, 1861.1, 1861.1, 1861.1, 1861.1, 288236, 471278
2022/9/16, 00:00:00, 1867.6, 1867.6, 1867.6, 1867.6, 232490, 465469
2022/9/19, 00:00:00, 1862.7, 1862.7, 1862.7, 1862.7, 149894, 467551
2022/9/20, 00:00:00, 1856.1, 1856.1, 1856.1, 1856.1, 156593, 469395
2022/9/21, 00:00:00, 1861.0, 1861.0, 1861.0, 1861.0, 244043, 466167
2022/9/22, 00:00:00, 1868.8, 1868.8, 1868.8, 1868.8, 251651, 465884
2022/9/23, 00:00:00, 1844.6, 1844.6, 1844.6, 1844.6, 268240, 467631
2022/9/26, 00:00:00, 1822.6, 1822.6, 1822.6, 1822.6, 239877, 466335
2022/9/27, 00:00:00, 1824.8, 1824.8, 1824.8, 1824.8, 218752, 457061
2022/9/28, 00:00:00, 1858.1, 1858.1, 1858.1, 1858.1, 307682, 456980
2022/9/29, 00:00:00, 1856.8, 1856.8, 1856.8, 1856.8, 217443, 453488
2022/9/30, 00:00:00, 1859.3, 1859.3, 1859.3, 1859.3, 184630, 432024
2022/10/3, 00:00:00, 1891.8, 1891.8, 1891.8, 1891.8, 226801, 437727
2022/10/4, 00:00:00, 1921.4, 1921.4, 1921.4, 1921.4, 215982, 437065
2022/10/5, 00:00:00, 1912.3, 1912.3, 1912.3, 1912.3, 185989, 433176
2022/10/6, 00:00:00, 1912.8, 1912.8, 1912.8, 1912.8, 149323, 433247
2022/10/7, 00:00:00, 1904.2, 1904.2, 1904.2, 1904.2, 168097, 433253
2022/10/10, 00:00:00, 1871.7, 1871.7, 1871.7, 1871.7, 166496, 435026
2022/10/11, 00:00:00, 1882.0, 1882.0, 1882.0, 1882.0, 181850, 431395
2022/10/12, 00:00:00, 1873.6, 1873.6, 1873.6, 1873.6, 143607, 435773
2022/10/13, 00:00:00, 1874.6, 1874.6, 1874.6, 1874.6, 252515, 435997
2022/10/14, 00:00:00, 1849.6, 1849.6, 1849.6, 1849.6, 196487, 437368
2022/10/17, 00:00:00, 1865.2, 1865.2, 1865.2, 1865.2, 153085, 432976
2022/10/18, 00:00:00, 1857.5, 1857.5, 1857.5, 1857.5, 168398, 434701
2022/10/19, 00:00:00, 1837.7, 1837.7, 1837.7, 1837.7, 186956, 443442
2022/10/20, 00:00:00, 1842.8, 1842.8, 1842.8, 1842.8, 170904, 444047
2022/10/21, 00:00:00, 1863.2, 1863.2, 1863.2, 1863.2, 282601, 441151
2022/10/24, 00:00:00, 1861.3, 1861.3, 1861.3, 1861.3, 180624, 444410
2022/10/25, 00:00:00, 1868.1, 1868.1, 1868.1, 1868.1, 206141, 456072
2022/10/26, 00:00:00, 1878.8, 1878.8, 1878.8, 1878.8, 208159, 457729
2022/10/27, 00:00:00, 1875.2, 1875.2, 1875.2, 1875.2, 203084, 459234
2022/10/28, 00:00:00, 1854.5, 1854.5, 1854.5, 1854.5, 212399, 467769
2022/10/31, 00:00:00, 1851.4, 1851.4, 1851.4, 1851.4, 138373, 464625
2022/11/1, 00:00:00, 1860.7, 1860.7, 1860.7, 1860.7, 224207, 467276
2022/11/2, 00:00:00, 1864.9, 1864.9, 1864.9, 1864.9, 250501, 467058
2022/11/3, 00:00:00, 1847.1, 1847.1, 1847.1, 1847.1, 292657, 482743
2022/11/4, 00:00:00, 1894.2, 1894.2, 1894.2, 1894.2, 318063, 474056
2022/11/7, 00:00:00, 1897.7, 1897.7, 1897.7, 1897.7, 240099, 478215
2022/11/8, 00:00:00, 1932.7, 1932.7, 1932.7, 1932.7, 366036, 488471
2022/11/9, 00:00:00, 1930.0, 1930.0, 1930.0, 1930.0, 298675, 491257
2022/11/10, 00:00:00, 1969.4, 1969.4, 1969.4, 1969.4, 380402, 495206
2022/11/11, 00:00:00, 1985.9, 1985.9, 1985.9, 1985.9, 282121, 508207
2022/11/14, 00:00:00, 1994.5, 1994.5, 1994.5, 1994.5, 227682, 502224
2022/11/15, 00:00:00, 1996.0, 1996.0, 1996.0, 1996.0, 378233, 495171
2022/11/16, 00:00:00, 1995.1, 1995.1, 1995.1, 1995.1, 255003, 477774
2022/11/17, 00:00:00, 1981.9, 1981.9, 1981.9, 1981.9, 202355, 474243
2022/11/18, 00:00:00, 1974.2, 1974.2, 1974.2, 1974.2, 171784, 471947
2022/11/21, 00:00:00, 1960.0, 1960.0, 1960.0, 1960.0, 237134, 462317
2022/11/22, 00:00:00, 1960.9, 1960.9, 1960.9, 1960.9, 217814, 449542
2022/11/23, 00:00:00, 1970.0, 1970.0, 1970.0, 1970.0, 250146, 447194
2022/11/25, 00:00:00, 1975.7, 1975.7, 1975.7, 1975.7, 200937, 441774
2022/11/28, 00:00:00, 1964.3, 1964.3, 1964.3, 1964.3, 269442, 437540
2022/11/29, 00:00:00, 1974.0, 1974.0, 1974.0, 1974.0, 152602, 433661
2022/11/30, 00:00:00, 1972.6, 1972.6, 1972.6, 1972.6, 203229, 429283
2022/12/1, 00:00:00, 2026.5, 2026.5, 2026.5, 2026.5, 236258, 441702
2022/12/2, 00:00:00, 2021.4, 2021.4, 2021.4, 2021.4, 192595, 436240
2022/12/5, 00:00:00, 1993.2, 1993.2, 1993.2, 1993.2, 192187, 427208
2022/12/6, 00:00:00, 1994.0, 1994.0, 1994.0, 1994.0, 133922, 422100
2022/12/7, 00:00:00, 2008.9, 2008.9, 2008.9, 2008.9, 162432, 422644
2022/12/8, 00:00:00, 2011.9, 2011.9, 2011.9, 2011.9, 122626, 423883
2022/12/9, 00:00:00, 2021.0, 2021.0, 2021.0, 2021.0, 158324, 427790
2022/12/12, 00:00:00, 2002.5, 2002.5, 2002.5, 2002.5, 113583, 424139
2022/12/13, 00:00:00, 2035.3, 2035.3, 2035.3, 2035.3, 242313, 437040
2022/12/14, 00:00:00, 2028.4, 2028.4, 2028.4, 2028.4, 149621, 436334
2022/12/15, 00:00:00, 1997.7, 1997.7, 1997.7, 1997.7, 191821, 426124
2022/12/16, 00:00:00, 2010.1, 2010.1, 2010.1, 2010.1, 133645, 424625
2022/12/19, 00:00:00, 2007.7, 2007.7, 2007.7, 2007.7, 90621, 424801
2022/12/20, 00:00:00, 2035.7, 2035.7, 2035.7, 2035.7, 205458, 436653
2022/12/21, 00:00:00, 2035.8, 2035.8, 2035.8, 2035.8, 114103, 441879
2022/12/22, 00:00:00, 2005.1, 2005.1, 2005.1, 2005.1, 183688, 438592
2022/12/23, 00:00:00, 2014.5, 2014.5, 2014.5, 2014.5, 113044, 437566
2022/12/27, 00:00:00, 2034.7, 2034.7, 2034.7, 2034.7, 165408, 440040
2022/12/28, 00:00:00, 2027.1, 2027.1, 2027.1, 2027.1, 125910, 437767
2022/12/29, 00:00:00, 2037.9, 2037.9, 2037.9, 2037.9, 112448, 440513
2022/12/30, 00:00:00, 2038.3, 2038.3, 2038.3, 2038.3, 114818, 442189
2023/1/3, 00:00:00, 2058.4, 2058.4, 2058.4, 2058.4, 228412, 449393
2023/1/4, 00:00:00, 2072.3, 2072.3, 2072.3, 2072.3, 215060, 457408
2023/1/5, 00:00:00, 2054.8, 2054.8, 2054.8, 2054.8, 210480, 453485
2023/1/6, 00:00:00, 2083.7, 2083.7, 2083.7, 2083.7, 234856, 463250
2023/1/9, 00:00:00, 2092.7, 2092.7, 2092.7, 2092.7, 265660, 476352
2023/1/10, 00:00:00, 2097.6, 2097.6, 2097.6, 2097.6, 224718, 481519
2023/1/11, 00:00:00, 2099.2, 2099.2, 2099.2, 2099.2, 301941, 484992
2023/1/12, 00:00:00, 2117.8, 2117.8, 2117.8, 2117.8, 340288, 486838
2023/1/13, 00:00:00, 2142.7, 2142.7, 2142.7, 2142.7, 317432, 497693
2023/1/17, 00:00:00, 2130.8, 2130.8, 2130.8, 2130.8, 315452, 491818
2023/1/18, 00:00:00, 2127.8, 2127.8, 2127.8, 2127.8, 253817, 487132
2023/1/19, 00:00:00, 2143.4, 2143.4, 2143.4, 2143.4, 271133, 493286
2023/1/20, 00:00:00, 2147.3, 2147.3, 2147.3, 2147.3, 222523, 497500
2023/1/23, 00:00:00, 2149.8, 2149.8, 2149.8, 2149.8, 256724, 502492
2023/1/24, 00:00:00, 2158.5, 2158.5, 2158.5, 2158.5, 299543, 499927
2023/1/25, 00:00:00, 2165.7, 2165.7, 2165.7, 2165.7, 286498, 507068
2023/1/26, 00:00:00, 2152.3, 2152.3, 2152.3, 2152.3, 361951, 492098
2023/1/27, 00:00:00, 2151.3, 2151.3, 2151.3, 2151.3, 303136, 479642
2023/1/30, 00:00:00, 2146.8, 2146.8, 2146.8, 2146.8, 172427, 472666
2023/1/31, 00:00:00, 2153.1, 2153.1, 2153.1, 2153.1, 207197, 471642
2023/2/1, 00:00:00, 2151.1, 2151.1, 2151.1, 2151.1, 221572, 478425
2023/2/2, 00:00:00, 2138.9, 2138.9, 2138.9, 2138.9, 270485, 468356
2023/2/3, 00:00:00, 2097.6, 2097.6, 2097.6, 2097.6, 324102, 449090
2023/2/6, 00:00:00, 2100.2, 2100.2, 2100.2, 2100.2, 172032, 441312
2023/2/7, 00:00:00, 2106.0, 2106.0, 2106.0, 2106.0, 188248, 439755
2023/2/8, 00:00:00, 2112.3, 2112.3, 2112.3, 2112.3, 142555, 438714
2023/2/9, 00:00:00, 2111.1, 2111.1, 2111.1, 2111.1, 193188, 435993
2023/2/10, 00:00:00, 2107.1, 2107.1, 2107.1, 2107.1, 164656, 430056
2023/2/13, 00:00:00, 2096.2, 2096.2, 2096.2, 2096.2, 139725, 427278
2023/2/14, 00:00:00, 2099.6, 2099.6, 2099.6, 2099.6, 223310, 426116
2023/2/15, 00:00:00, 2079.6, 2079.6, 2079.6, 2079.6, 180008, 422963
2023/2/16, 00:00:00, 2085.9, 2085.9, 2085.9, 2085.9, 174625, 422997
2023/2/17, 00:00:00, 2084.8, 2084.8, 2084.8, 2084.8, 173261, 422516
2023/2/21, 00:00:00, 2080.1, 2080.1, 2080.1, 2080.1, 220181, 422648
2023/2/22, 00:00:00, 2079.7, 2079.7, 2079.7, 2079.7, 149878, 426016
2023/2/23, 00:00:00, 2065.3, 2065.3, 2065.3, 2065.3, 187014, 424276
2023/2/24, 00:00:00, 2066.0, 2066.0, 2066.0, 2066.0, 177446, 424923
2023/2/27, 00:00:00, 2065.7, 2065.7, 2065.7, 2065.7, 144846, 423217
2023/2/28, 00:00:00, 2077.4, 2077.4, 2077.4, 2077.4, 201997, 426890
2023/3/1, 00:00:00, 2088.0, 2088.0, 2088.0, 2088.0, 197031, 431116
2023/3/2, 00:00:00, 2083.0, 2083.0, 2083.0, 2083.0, 152759, 436462
2023/3/3, 00:00:00, 2098.2, 2098.2, 2098.2, 2098.2, 177169, 437990
2023/3/6, 00:00:00, 2097.1, 2097.1, 2097.1, 2097.1, 155212, 441454
2023/3/7, 00:00:00, 2068.3, 2068.3, 2068.3, 2068.3, 298127, 458474
2023/3/8, 00:00:00, 2071.0, 2071.0, 2071.0, 2071.0, 276371, 459423
2023/3/9, 00:00:00, 2087.8, 2087.8, 2087.8, 2087.8, 304743, 454259
2023/3/10, 00:00:00, 2113.5, 2113.5, 2113.5, 2113.5, 413538, 469260
2023/3/13, 00:00:00, 2145.7, 2145.7, 2145.7, 2145.7, 575068, 468037
2023/3/14, 00:00:00, 2142.7, 2142.7, 2142.7, 2142.7, 300638, 459064
2023/3/15, 00:00:00, 2151.0, 2151.0, 2151.0, 2151.0, 479426, 455720
2023/3/16, 00:00:00, 2140.6, 2140.6, 2140.6, 2140.6, 288531, 457252
2023/3/17, 00:00:00, 2193.8, 2193.8, 2193.8, 2193.8, 425632, 475728
2023/3/20, 00:00:00, 2203.1, 2203.1, 2203.1, 2203.1, 415048, 480136
2023/3/21, 00:00:00, 2167.5, 2167.5, 2167.5, 2167.5, 319609, 469874
2023/3/22, 00:00:00, 2177.2, 2177.2, 2177.2, 2177.2, 309993, 469857
2023/3/23, 00:00:00, 2218.1, 2218.1, 2218.1, 2218.1, 343419, 480174
2023/3/24, 00:00:00, 2204.9, 2204.9, 2204.9, 2204.9, 410828, 489682
2023/3/27, 00:00:00, 2178.7, 2178.7, 2178.7, 2178.7, 320696, 483174
2023/3/28, 00:00:00, 2201.4, 2201.4, 2201.4, 2201.4, 310938, 478611
2023/3/29, 00:00:00, 2197.6, 2197.6, 2197.6, 2197.6, 241370, 473861
2023/3/30, 00:00:00, 2214.7, 2214.7, 2214.7, 2214.7, 188272, 474852
2023/3/31, 00:00:00, 2204.0, 2204.0, 2204.0, 2204.0, 171472, 456507
2023/4/3, 00:00:00, 2219.6, 2219.6, 2219.6, 2219.6, 196659, 461152
2023/4/4, 00:00:00, 2255.5, 2255.5, 2255.5, 2255.5, 245200, 476592
2023/4/5, 00:00:00, 2248.8, 2248.8, 2248.8, 2248.8, 209461, 477122
2023/4/6, 00:00:00, 2238.4, 2238.4, 2238.4, 2238.4, 209462, 477088
2023/4/10, 00:00:00, 2216.7, 2216.7, 2216.7, 2216.7, 144785, 474361
2023/4/11, 00:00:00, 2236.6, 2236.6, 2236.6, 2236.6, 135394, 476567
2023/4/12, 00:00:00, 2244.0, 2244.0, 2244.0, 2244.0, 240167, 483431
2023/4/13, 00:00:00, 2274.7, 2274.7, 2274.7, 2274.7, 210229, 492348
2023/4/14, 00:00:00, 2236.8, 2236.8, 2236.8, 2236.8, 275256, 483401
2023/4/17, 00:00:00, 2228.9, 2228.9, 2228.9, 2228.9, 189063, 481532
2023/4/18, 00:00:00, 2242.6, 2242.6, 2242.6, 2242.6, 170249, 482254
2023/4/19, 00:00:00, 2231.3, 2231.3, 2231.3, 2231.3, 229807, 475026
2023/4/20, 00:00:00, 2242.9, 2242.9, 2242.9, 2242.9, 168381, 478479
2023/4/21, 00:00:00, 2214.3, 2214.3, 2214.3, 2214.3, 216816, 472803
2023/4/24, 00:00:00, 2222.4, 2222.4, 2222.4, 2222.4, 148834, 473847
2023/4/25, 00:00:00, 2226.1, 2226.1, 2226.1, 2226.1, 235094, 473209
2023/4/26, 00:00:00, 2214.0, 2214.0, 2214.0, 2214.0, 256395, 478851
2023/4/27, 00:00:00, 2218.8, 2218.8, 2218.8, 2218.8, 216756, 475737
2023/4/28, 00:00:00, 2219.5, 2219.5, 2219.5, 2219.5, 189898, 475817
2023/5/1, 00:00:00, 2214.6, 2214.6, 2214.6, 2214.6, 183027, 481534
2023/5/2, 00:00:00, 2245.3, 2245.3, 2245.3, 2245.3, 264647, 493804
2023/5/3, 00:00:00, 2259.3, 2259.3, 2259.3, 2259.3, 250847, 504204
2023/5/4, 00:00:00, 2272.6, 2272.6, 2272.6, 2272.6, 341944, 520664
2023/5/5, 00:00:00, 2241.4, 2241.4, 2241.4, 2241.4, 338746, 510576
2023/5/8, 00:00:00, 2252.7, 2252.7, 2252.7, 2252.7, 248035, 515785
2023/5/9, 00:00:00, 2262.6, 2262.6, 2262.6, 2262.6, 268867, 518951
2023/5/10, 00:00:00, 2257.3, 2257.3, 2257.3, 2257.3, 323278, 523668
2023/5/11, 00:00:00, 2240.6, 2240.6, 2240.6, 2240.6, 372509, 523752
2023/5/12, 00:00:00, 2239.4, 2239.4, 2239.4, 2239.4, 245339, 521605
2023/5/15, 00:00:00, 2243.5, 2243.5, 2243.5, 2243.5, 208903, 536021
2023/5/16, 00:00:00, 2212.4, 2212.4, 2212.4, 2212.4, 261211, 521832
2023/5/17, 00:00:00, 2204.1, 2204.1, 2204.1, 2204.1, 248226, 499256
2023/5/18, 00:00:00, 2180.2, 2180.2, 2180.2, 2180.2, 265236, 487911
2023/5/19, 00:00:00, 2202.8, 2202.8, 2202.8, 2202.8, 268984, 486697
2023/5/22, 00:00:00, 2199.5, 2199.5, 2199.5, 2199.5, 217770, 480505
2023/5/23, 00:00:00, 2198.5, 2198.5, 2198.5, 2198.5, 283133, 479080
2023/5/24, 00:00:00, 2190.1, 2190.1, 2190.1, 2190.1, 312691, 477002
2023/5/25, 00:00:00, 2172.2, 2172.2, 2172.2, 2172.2, 374090, 466116
2023/5/26, 00:00:00, 2175.0, 2175.0, 2175.0, 2175.0, 301232, 453348
2023/5/30, 00:00:00, 2189.6, 2189.6, 2189.6, 2189.6, 311144, 449515
2023/5/31, 00:00:00, 2193.6, 2193.6, 2193.6, 2193.6, 219927, 445179
2023/6/1, 00:00:00, 2206.0, 2206.0, 2206.0, 2206.0, 183915, 443362
2023/6/2, 00:00:00, 2182.6, 2182.6, 2182.6, 2182.6, 216966, 435965
2023/6/5, 00:00:00, 2189.0, 2189.0, 2189.0, 2189.0, 187600, 434223
2023/6/6, 00:00:00, 2195.9, 2195.9, 2195.9, 2195.9, 140624, 436301
2023/6/7, 00:00:00, 2172.9, 2172.9, 2172.9, 2172.9, 196679, 435775
2023/6/8, 00:00:00, 2192.7, 2192.7, 2192.7, 2192.7, 200403, 436592
2023/6/9, 00:00:00, 2191.6, 2191.6, 2191.6, 2191.6, 136103, 435598
2023/6/12, 00:00:00, 2186.6, 2186.6, 2186.6, 2186.6, 129496, 432912
2023/6/13, 00:00:00, 2176.5, 2176.5, 2176.5, 2176.5, 209815, 432898
2023/6/14, 00:00:00, 2186.5, 2186.5, 2186.5, 2186.5, 206364, 430387
2023/6/15, 00:00:00, 2190.7, 2190.7, 2190.7, 2190.7, 273900, 431912
2023/6/16, 00:00:00, 2193.5, 2193.5, 2193.5, 2193.5, 164395, 432037
2023/6/20, 00:00:00, 2174.7, 2174.7, 2174.7, 2174.7, 261503, 438037
2023/6/21, 00:00:00, 2172.5, 2172.5, 2172.5, 2172.5, 195171, 436676
2023/6/22, 00:00:00, 2152.8, 2152.8, 2152.8, 2152.8, 180154, 438047
2023/6/23, 00:00:00, 2156.4, 2156.4, 2156.4, 2156.4, 199421, 435992
2023/6/26, 00:00:00, 2160.7, 2160.7, 2160.7, 2160.7, 157603, 435489
2023/6/27, 00:00:00, 2150.3, 2150.3, 2150.3, 2150.3, 191039, 431861
2023/6/28, 00:00:00, 2148.4, 2148.4, 2148.4, 2148.4, 175150, 428886
2023/6/29, 00:00:00, 2147.6, 2147.6, 2147.6, 2147.6, 220784, 436825
2023/6/30, 00:00:00, 2161.8, 2161.8, 2161.8, 2161.8, 191264, 440991
2023/7/3, 00:00:00, 2161.9, 2161.9, 2161.9, 2161.9, 167520, 448063
2023/7/5, 00:00:00, 2159.8, 2159.8, 2159.8, 2159.8, 262852, 452654
2023/7/6, 00:00:00, 2148.5, 2148.5, 2148.5, 2148.5, 256708, 461175
2023/7/7, 00:00:00, 2165.9, 2165.9, 2165.9, 2165.9, 237370, 463111
2023/7/10, 00:00:00, 2164.6, 2164.6, 2164.6, 2164.6, 268811, 485952
2023/7/11, 00:00:00, 2171.7, 2171.7, 2171.7, 2171.7, 238395, 483170
2023/7/12, 00:00:00, 2192.9, 2192.9, 2192.9, 2192.9, 324119, 505241
2023/7/13, 00:00:00, 2193.7, 2193.7, 2193.7, 2193.7, 298096, 506210
2023/7/14, 00:00:00, 2193.5, 2193.5, 2193.5, 2193.5, 284236, 498570
2023/7/17, 00:00:00, 2185.3, 2185.3, 2185.3, 2185.3, 204873, 486719
2023/7/18, 00:00:00, 2208.6, 2208.6, 2208.6, 2208.6, 321798, 482104
2023/7/19, 00:00:00, 2209.9, 2209.9, 2209.9, 2209.9, 195309, 484097
2023/7/20, 00:00:00, 2200.0, 2200.0, 2200.0, 2200.0, 230469, 483396
2023/7/21, 00:00:00, 2196.3, 2196.3, 2196.3, 2196.3, 195994, 479342
2023/7/24, 00:00:00, 2191.9, 2191.9, 2191.9, 2191.9, 286340, 487232
2023/7/25, 00:00:00, 2194.9, 2194.9, 2194.9, 2194.9, 284378, 476176
2023/7/26, 00:00:00, 2202.2, 2202.2, 2202.2, 2202.2, 330081, 473607
2023/7/27, 00:00:00, 2178.7, 2178.7, 2178.7, 2178.7, 407622, 459034
2023/7/28, 00:00:00, 2193.2, 2193.2, 2193.2, 2193.2, 200499, 446453
2023/7/31, 00:00:00, 2201.8, 2201.8, 2201.8, 2201.8, 150721, 444586
2023/8/1, 00:00:00, 2172.5, 2172.5, 2172.5, 2172.5, 180042, 439383
2023/8/2, 00:00:00, 2169.0, 2169.0, 2169.0, 2169.0, 181519, 439412
2023/8/3, 00:00:00, 2165.1, 2165.1, 2165.1, 2165.1, 152577, 435395
2023/8/4, 00:00:00, 2172.8, 2172.8, 2172.8, 2172.8, 165893, 432460
2023/8/7, 00:00:00, 2166.1, 2166.1, 2166.1, 2166.1, 110261, 431434
2023/8/8, 00:00:00, 2156.8, 2156.8, 2156.8, 2156.8, 152550, 427759
2023/8/9, 00:00:00, 2147.3, 2147.3, 2147.3, 2147.3, 149055, 429883
2023/8/10, 00:00:00, 2148.5, 2148.5, 2148.5, 2148.5, 179336, 430408
2023/8/11, 00:00:00, 2146.0, 2146.0, 2146.0, 2146.0, 129598, 431187
2023/8/14, 00:00:00, 2143.1, 2143.1, 2143.1, 2143.1, 128833, 431384
2023/8/15, 00:00:00, 2135.3, 2135.3, 2135.3, 2135.3, 173675, 433611
2023/8/16, 00:00:00, 2136.4, 2136.4, 2136.4, 2136.4, 135545, 434748
2023/8/17, 00:00:00, 2123.3, 2123.3, 2123.3, 2123.3, 161578, 433060
2023/8/18, 00:00:00, 2124.4, 2124.4, 2124.4, 2124.4, 123263, 433441
2023/8/21, 00:00:00, 2130.9, 2130.9, 2130.9, 2130.9, 147976, 431947
2023/8/22, 00:00:00, 2134.1, 2134.1, 2134.1, 2134.1, 142582, 430239
2023/8/23, 00:00:00, 2155.2, 2155.2, 2155.2, 2155.2, 183758, 435751
2023/8/24, 00:00:00, 2155.1, 2155.1, 2155.1, 2155.1, 147225, 435344
2023/8/25, 00:00:00, 2149.1, 2149.1, 2149.1, 2149.1, 178167, 434609
2023/8/28, 00:00:00, 2156.8, 2156.8, 2156.8, 2156.8, 124614, 433531
2023/8/29, 00:00:00, 2175.3, 2175.3, 2175.3, 2175.3, 186056, 442652
2023/8/30, 00:00:00, 2182.5, 2182.5, 2182.5, 2182.5, 151755, 447906
2023/8/31, 00:00:00, 2175.6, 2175.6, 2175.6, 2175.6, 140526, 442643
2023/9/1, 00:00:00, 2175.9, 2175.9, 2175.9, 2175.9, 169880, 439880
2023/9/5, 00:00:00, 2162.4, 2162.4, 2162.4, 2162.4, 204081, 438672
2023/9/6, 00:00:00, 2154.2, 2154.2, 2154.2, 2154.2, 156190, 436698
2023/9/7, 00:00:00, 2152.6, 2152.6, 2152.6, 2152.6, 124004, 435933
2023/9/8, 00:00:00, 2153.0, 2153.0, 2153.0, 2153.0, 148704, 434725
2023/9/11, 00:00:00, 2157.1, 2157.1, 2157.1, 2157.1, 136658, 435289
2023/9/12, 00:00:00, 2147.9, 2147.9, 2147.9, 2147.9, 172959, 441221
2023/9/13, 00:00:00, 2151.4, 2151.4, 2151.4, 2151.4, 169970, 441960
2023/9/14, 00:00:00, 2152.4, 2152.4, 2152.4, 2152.4, 216600, 440649
2023/9/15, 00:00:00, 2167.1, 2167.1, 2167.1, 2167.1, 207824, 441073
2023/9/18, 00:00:00, 2174.1, 2174.1, 2174.1, 2174.1, 145476, 440545
2023/9/19, 00:00:00, 2174.4, 2174.4, 2174.4, 2174.4, 139618, 438078
2023/9/20, 00:00:00, 2187.1, 2187.1, 2187.1, 2187.1, 233663, 445861
2023/9/21, 00:00:00, 2160.7, 2160.7, 2160.7, 2160.7, 239928, 441464
2023/9/22, 00:00:00, 2167.8, 2167.8, 2167.8, 2167.8, 146462, 439982
2023/9/25, 00:00:00, 2162.1, 2162.1, 2162.1, 2162.1, 177376, 437127
2023/9/26, 00:00:00, 2144.7, 2144.7, 2144.7, 2144.7, 231714, 435620
2023/9/27, 00:00:00, 2115.0, 2115.0, 2115.0, 2115.0, 262278, 430296
2023/9/28, 00:00:00, 2130.6, 2130.6, 2130.6, 2130.6, 247164, 426941
2023/9/29, 00:00:00, 2116.6, 2116.6, 2116.6, 2116.6, 257449, 432570
2023/10/2, 00:00:00, 2097.0, 2097.0, 2097.0, 2097.0, 213821, 433083
2023/10/3, 00:00:00, 2090.0, 2090.0, 2090.0, 2090.0, 228148, 431226
2023/10/4, 00:00:00, 2082.2, 2082.2, 2082.2, 2082.2, 205170, 431374
2023/10/5, 00:00:00, 2076.9, 2076.9, 2076.9, 2076.9, 184367, 432849
2023/10/6, 00:00:00, 2092.6, 2092.6, 2092.6, 2092.6, 248232, 434085
2023/10/9, 00:00:00, 2110.7, 2110.7, 2110.7, 2110.7, 200146, 433176
2023/10/10, 00:00:00, 2122.2, 2122.2, 2122.2, 2122.2, 170234, 436499
2023/10/11, 00:00:00, 2134.8, 2134.8, 2134.8, 2134.8, 183594, 438438
2023/10/12, 00:00:00, 2131.4, 2131.4, 2131.4, 2131.4, 172535, 436862
2023/10/13, 00:00:00, 2190.0, 2190.7, 2190.0, 2190.7, 341756, 442054
2023/10/16, 00:00:00, 2185.9, 2185.9, 2185.9, 2185.9, 192581, 437056
2023/10/17, 00:00:00, 2188.2, 2188.2, 2188.2, 2188.2, 174944, 439581
2023/10/18, 00:00:00, 2223.4, 2223.4, 2223.4, 2223.4, 285523, 446526
2023/10/19, 00:00:00, 2238.2, 2238.2, 2238.2, 2238.2, 282811, 454864
2023/10/20, 00:00:00, 2252.9, 2252.9, 2252.9, 2252.9, 312873, 458870
2023/10/23, 00:00:00, 2246.1, 2246.1, 2246.1, 2246.1, 225699, 461986
2023/10/24, 00:00:00, 2244.0, 2244.0, 2244.0, 2244.0, 216703, 463476
2023/10/25, 00:00:00, 2253.0, 2253.0, 2253.0, 2253.0, 259600, 467547
2023/10/26, 00:00:00, 2255.5, 2255.5, 2255.5, 2255.5, 234864, 465787
2023/10/27, 00:00:00, 2256.9, 2256.9, 2256.9, 2256.9, 231764, 472858
2023/10/30, 00:00:00, 2264.6, 2264.6, 2264.6, 2264.6, 193228, 479789
2023/10/31, 00:00:00, 2253.2, 2253.2, 2253.2, 2253.2, 230794, 475808
2023/11/1, 00:00:00, 2245.2, 2245.2, 2245.2, 2245.2, 222654, 474617
2023/11/2, 00:00:00, 2250.2, 2250.2, 2250.2, 2250.2, 178605, 480981
2023/11/3, 00:00:00, 2252.9, 2252.9, 2252.9, 2252.9, 245002, 485916
2023/11/6, 00:00:00, 2243.3, 2243.3, 2243.3, 2243.3, 168799, 487483
2023/11/7, 00:00:00, 2227.6, 2227.6, 2227.6, 2227.6, 292341, 484347
2023/11/8, 00:00:00, 2210.9, 2210.9, 2210.9, 2210.9, 255033, 480121
2023/11/9, 00:00:00, 2225.7, 2225.7, 2225.7, 2225.7, 267258, 480477
2023/11/10, 00:00:00, 2193.3, 2193.3, 2193.3, 2193.3, 307024, 473141
2023/11/13, 00:00:00, 2201.2, 2201.2, 2201.2, 2201.2, 248165, 481511
2023/11/14, 00:00:00, 2215.8, 2215.8, 2215.8, 2215.8, 206322, 486634
2023/11/15, 00:00:00, 2214.5, 2214.5, 2214.5, 2214.5, 164501, 483704
2023/11/16, 00:00:00, 2237.2, 2237.2, 2237.2, 2237.2, 232809, 488476
2023/11/17, 00:00:00, 2234.3, 2234.3, 2234.3, 2234.3, 159051, 487533
2023/11/20, 00:00:00, 2229.0, 2229.0, 2229.0, 2229.0, 222110, 488683
2023/11/21, 00:00:00, 2251.4, 2251.4, 2251.4, 2251.4, 309140, 508429
2023/11/22, 00:00:00, 2245.8, 2245.8, 2245.8, 2245.8, 293700, 502814
2023/11/24, 00:00:00, 2255.9, 2255.9, 2255.9, 2255.9, 319401, 499580
2023/11/27, 00:00:00, 2266.0, 2266.0, 2266.0, 2266.0, 422727, 496470
2023/11/28, 00:00:00, 2292.9, 2292.9, 2292.9, 2292.9, 382845, 505538
2023/11/29, 00:00:00, 2298.0, 2298.0, 2298.0, 2298.0, 225676, 508285
2023/11/30, 00:00:00, 2285.5, 2285.5, 2285.5, 2285.5, 160820, 498685
2023/12/1, 00:00:00, 2318.3, 2318.3, 2318.3, 2318.3, 259889, 509758
2023/12/4, 00:00:00, 2268.8, 2268.8, 2268.8, 2268.8, 412107, 494948
2023/12/5, 00:00:00, 2259.7, 2259.7, 2259.7, 2259.7, 228847, 487469
2023/12/6, 00:00:00, 2271.4, 2271.4, 2271.4, 2271.4, 168078, 486956
2023/12/7, 00:00:00, 2270.3, 2270.3, 2270.3, 2270.3, 191443, 485111
2023/12/8, 00:00:00, 2241.3, 2241.3, 2241.3, 2241.3, 258034, 480359
2023/12/11, 00:00:00, 2220.3, 2220.3, 2220.3, 2220.3, 179192, 473469
2023/12/12, 00:00:00, 2218.9, 2218.9, 2218.9, 2218.9, 167771, 469939
2023/12/13, 00:00:00, 2222.8, 2222.8, 2222.8, 2222.8, 217420, 476125
2023/12/14, 00:00:00, 2265.7, 2265.7, 2265.7, 2265.7, 250047, 479925
2023/12/15, 00:00:00, 2254.3, 2254.3, 2254.3, 2254.3, 184963, 477506
2023/12/18, 00:00:00, 2258.7, 2258.7, 2258.7, 2258.7, 153138, 477275
2023/12/19, 00:00:00, 2271.0, 2271.0, 2271.0, 2271.0, 150672, 481203
2023/12/20, 00:00:00, 2265.3, 2265.3, 2265.3, 2265.3, 130244, 478775
2023/12/21, 00:00:00, 2268.2, 2268.2, 2268.2, 2268.2, 127863, 481866
2023/12/22, 00:00:00, 2286.0, 2286.0, 2286.0, 2286.0, 181673, 492096
2023/12/26, 00:00:00, 2286.5, 2286.5, 2286.5, 2286.5, 85512, 491343
2023/12/27, 00:00:00, 2309.5, 2309.5, 2309.5, 2309.5, 139584, 501073
2023/12/28, 00:00:00, 2300.2, 2300.2, 2300.2, 2300.2, 143574, 500162
2023/12/29, 00:00:00, 2288.5, 2288.5, 2288.5, 2288.5, 116666, 498192
2024/1/2, 00:00:00, 2290.2, 2290.2, 2290.2, 2290.2, 173933, 500364
2024/1/3, 00:00:00, 2259.6, 2259.6, 2259.6, 2259.6, 253003, 497089
2024/1/4, 00:00:00, 2267.0, 2267.0, 2267.0, 2267.0, 147300, 496045
2024/1/5, 00:00:00, 2266.9, 2266.9, 2266.9, 2266.9, 240718, 494673
2024/1/8, 00:00:00, 2250.3, 2250.3, 2250.3, 2250.3, 273442, 491455
2024/1/9, 00:00:00, 2250.3, 2250.3, 2250.3, 2250.3, 289524, 489849
2024/1/10, 00:00:00, 2244.8, 2244.8, 2244.8, 2244.8, 267463, 486446
2024/1/11, 00:00:00, 2235.6, 2235.6, 2235.6, 2235.6, 376134, 478244
2024/1/12, 00:00:00, 2264.5, 2264.5, 2264.5, 2264.5, 344938, 497739
2024/1/16, 00:00:00, 2242.7, 2242.7, 2242.7, 2242.7, 317185, 489334
2024/1/17, 00:00:00, 2220.5, 2220.5, 2220.5, 2220.5, 293206, 482068
2024/1/18, 00:00:00, 2235.5, 2235.5, 2235.5, 2235.5, 207049, 474472
2024/1/19, 00:00:00, 2244.0, 2244.0, 2244.0, 2244.0, 209000, 465860
2024/1/22, 00:00:00, 2237.0, 2237.0, 2237.0, 2237.0, 194540, 467069
2024/1/23, 00:00:00, 2240.8, 2240.8, 2240.8, 2240.8, 208167, 465872
2024/1/24, 00:00:00, 2230.9, 2230.9, 2230.9, 2230.9, 321906, 467205
2024/1/25, 00:00:00, 2232.1, 2232.1, 2232.1, 2232.1, 298583, 461324
2024/1/26, 00:00:00, 2232.1, 2232.1, 2232.1, 2232.1, 214400, 453014
2024/1/29, 00:00:00, 2240.7, 2240.7, 2240.7, 2240.7, 344980, 434256
2024/1/30, 00:00:00, 2247.9, 2247.9, 2247.9, 2247.9, 251897, 430328
2024/1/31, 00:00:00, 2262.5, 2262.5, 2262.5, 2262.5, 254145, 432793
2024/2/1, 00:00:00, 2266.2, 2266.2, 2266.2, 2266.2, 276094, 430036
2024/2/2, 00:00:00, 2252.4, 2252.4, 2252.4, 2252.4, 243755, 419923
2024/2/5, 00:00:00, 2242.5, 2242.5, 2242.5, 2242.5, 182059, 418029
2024/2/6, 00:00:00, 2250.6, 2250.6, 2250.6, 2250.6, 134435, 419121
2024/2/7, 00:00:00, 2250.7, 2250.7, 2250.7, 2250.7, 134721, 421429
2024/2/8, 00:00:00, 2247.4, 2247.4, 2247.4, 2247.4, 147865, 420398
2024/2/9, 00:00:00, 2239.3, 2239.3, 2239.3, 2239.3, 131365, 417607
2024/2/12, 00:00:00, 2234.2, 2234.2, 2234.2, 2234.2, 125398, 417298
2024/2/13, 00:00:00, 2210.4, 2210.4, 2210.4, 2210.4, 233456, 420812
2024/2/14, 00:00:00, 2208.8, 2208.8, 2208.8, 2208.8, 210643, 419172
2024/2/15, 00:00:00, 2219.2, 2219.2, 2219.2, 2219.2, 216131, 412454
2024/2/16, 00:00:00, 2230.0, 2230.0, 2230.0, 2230.0, 170633, 406999
2024/2/20, 00:00:00, 2245.4, 2245.4, 2245.4, 2245.4, 217075, 407063
2024/2/21, 00:00:00, 2240.7, 2240.7, 2240.7, 2240.7, 127896, 407169
2024/2/22, 00:00:00, 2237.6, 2237.6, 2237.6, 2237.6, 158218, 408043
2024/2/23, 00:00:00, 2256.7, 2256.7, 2256.7, 2256.7, 223616, 413724
2024/2/26, 00:00:00, 2247.0, 2247.0, 2247.0, 2247.0, 137311, 410324
2024/2/27, 00:00:00, 2253.1, 2253.1, 2253.1, 2253.1, 158198, 410399
2024/2/28, 00:00:00, 2252.0, 2252.0, 2252.0, 2252.0, 144899, 411689
2024/2/29, 00:00:00, 2264.1, 2264.1, 2264.1, 2264.1, 239731, 424082
2024/3/1, 00:00:00, 2305.7, 2305.7, 2305.7, 2305.7, 386218, 454383
2024/3/4, 00:00:00, 2338.3, 2338.3, 2338.3, 2338.3, 380869, 467693
2024/3/5, 00:00:00, 2354.7, 2354.7, 2354.7, 2354.7, 311194, 471616
2024/3/6, 00:00:00, 2371.0, 2371.0, 2371.0, 2371.0, 358421, 487332
2024/3/7, 00:00:00, 2378.6, 2378.6, 2378.6, 2378.6, 335494, 506927
2024/3/8, 00:00:00, 2399.5, 2399.5, 2399.5, 2399.5, 505088, 534119
2024/3/11, 00:00:00, 2403.8, 2403.8, 2403.8, 2403.8, 334172, 529474
2024/3/12, 00:00:00, 2382.5, 2382.5, 2382.5, 2382.5, 388868, 516057
2024/3/13, 00:00:00, 2398.2, 2398.2, 2398.2, 2398.2, 306646, 540654
2024/3/14, 00:00:00, 2385.7, 2385.7, 2385.7, 2385.7, 240059, 539571
2024/3/15, 00:00:00, 2381.0, 2381.0, 2381.0, 2381.0, 220613, 535274
2024/3/18, 00:00:00, 2388.4, 2388.4, 2388.4, 2388.4, 267942, 539420
2024/3/19, 00:00:00, 2383.9, 2383.9, 2383.9, 2383.9, 224755, 535047
2024/3/20, 00:00:00, 2384.5, 2384.5, 2384.5, 2384.5, 294101, 537614
2024/3/21, 00:00:00, 2408.8, 2408.8, 2408.8, 2408.8, 528034, 538677
2024/3/22, 00:00:00, 2383.2, 2383.2, 2383.2, 2383.2, 300427, 528410
2024/3/25, 00:00:00, 2400.3, 2400.3, 2400.3, 2400.3, 342960, 515458
2024/3/26, 00:00:00, 2402.1, 2402.1, 2402.1, 2402.1, 432130, 502951
2024/3/27, 00:00:00, 2416.3, 2416.3, 2416.3, 2416.3, 230129, 500741
2024/3/28, 00:00:00, 2443.9, 2443.9, 2443.9, 2443.9, 264768, 507408
2024/4/1, 00:00:00, 2467.3, 2467.3, 2467.3, 2467.3, 235044, 498778
2024/4/2, 00:00:00, 2494.9, 2494.9, 2494.9, 2494.9, 291848, 500045
2024/4/3, 00:00:00, 2529.4, 2529.4, 2529.4, 2529.4, 267353, 499606
2024/4/4, 00:00:00, 2524.2, 2524.2, 2524.2, 2524.2, 245856, 499257
2024/4/5, 00:00:00, 2563.2, 2563.2, 2563.2, 2563.2, 309491, 509247
2024/4/8, 00:00:00, 2570.7, 2570.7, 2570.7, 2570.7, 301670, 503537
2024/4/9, 00:00:00, 2583.4, 2583.4, 2583.4, 2583.4, 294408, 505214
2024/4/10, 00:00:00, 2573.9, 2573.9, 2573.9, 2573.9, 370429, 505601
2024/4/11, 00:00:00, 2599.6, 2599.6, 2599.6, 2599.6, 285667, 523277
2024/4/12, 00:00:00, 2602.9, 2602.9, 2602.9, 2602.9, 517162, 513870
2024/4/15, 00:00:00, 2612.7, 2612.7, 2612.7, 2612.7, 360886, 513150
2024/4/16, 00:00:00, 2638.8, 2638.8, 2638.8, 2638.8, 307967, 517193
2024/4/17, 00:00:00, 2619.9, 2619.9, 2619.9, 2619.9, 295703, 515463
2024/4/18, 00:00:00, 2629.3, 2629.3, 2629.3, 2629.3, 211946, 520484
2024/4/19, 00:00:00, 2645.5, 2645.5, 2645.5, 2645.5, 285116, 520391
2024/4/22, 00:00:00, 2576.0, 2576.0, 2576.0, 2576.0, 279533, 514937
2024/4/23, 00:00:00, 2570.0, 2570.0, 2570.0, 2570.0, 286813, 516249
2024/4/24, 00:00:00, 2566.6, 2566.6, 2566.6, 2566.6, 197049, 517590
2024/4/25, 00:00:00, 2570.7, 2570.7, 2570.7, 2570.7, 239815, 520914
2024/4/26, 00:00:00, 2584.0, 2584.0, 2584.0, 2584.0, 182729, 520435
2024/4/29, 00:00:00, 2595.0, 2595.0, 2595.0, 2595.0, 198386, 524852
2024/4/30, 00:00:00, 2539.6, 2539.6, 2539.6, 2539.6, 247763, 519791
2024/5/1, 00:00:00, 2548.1, 2548.1, 2548.1, 2548.1, 248242, 522588
2024/5/2, 00:00:00, 2546.7, 2546.7, 2546.7, 2546.7, 218856, 526097
2024/5/3, 00:00:00, 2541.2, 2541.2, 2541.2, 2541.2, 263509, 525542
2024/5/6, 00:00:00, 2564.9, 2564.9, 2564.9, 2564.9, 220197, 530335
2024/5/7, 00:00:00, 2557.7, 2557.7, 2557.7, 2557.7, 284871, 529835
2024/5/8, 00:00:00, 2556.3, 2556.3, 2556.3, 2556.3, 287902, 526888
2024/5/9, 00:00:00, 2573.1, 2573.1, 2573.1, 2573.1, 305462, 539556
2024/5/10, 00:00:00, 2610.1, 2610.1, 2610.1, 2610.1, 357734, 529367
2024/5/13, 00:00:00, 2578.5, 2578.5, 2578.5, 2578.5, 306520, 522331
2024/5/14, 00:00:00, 2595.4, 2595.4, 2595.4, 2595.4, 218648, 522952
2024/5/15, 00:00:00, 2630.5, 2630.5, 2630.5, 2630.5, 284298, 532275
2024/5/16, 00:00:00, 2622.2, 2622.2, 2622.2, 2622.2, 223670, 528847
2024/5/17, 00:00:00, 2655.2, 2655.2, 2655.2, 2655.2, 256384, 538790
2024/5/20, 00:00:00, 2678.2, 2678.2, 2678.2, 2678.2, 339595, 527782
2024/5/21, 00:00:00, 2665.3, 2665.3, 2665.3, 2665.3, 280764, 530591
2024/5/22, 00:00:00, 2632.1, 2632.1, 2632.1, 2632.1, 309894, 514669
2024/5/23, 00:00:00, 2575.6, 2575.6, 2575.6, 2575.6, 349121, 505665
2024/5/24, 00:00:00, 2572.3, 2572.3, 2572.3, 2572.3, 235251, 497913
2024/5/28, 00:00:00, 2596.3, 2596.3, 2596.3, 2596.3, 454528, 485430
2024/5/29, 00:00:00, 2581.3, 2581.3, 2581.3, 2581.3, 298942, 474834
2024/5/30, 00:00:00, 2583.5, 2583.5, 2583.5, 2583.5, 232966, 480039
2024/5/31, 00:00:00, 2562.8, 2562.8, 2562.8, 2562.8, 191406, 459251
2024/6/3, 00:00:00, 2585.5, 2585.5, 2585.5, 2585.5, 180431, 455086
2024/6/4, 00:00:00, 2562.6, 2562.6, 2562.6, 2562.6, 181069, 447488
2024/6/5, 00:00:00, 2590.8, 2590.8, 2590.8, 2590.8, 179328, 453409
2024/6/6, 00:00:00, 2606.9, 2606.9, 2606.9, 2606.9, 179077, 456354
2024/6/7, 00:00:00, 2540.2, 2540.2, 2540.2, 2540.2, 328824, 441808
2024/6/10, 00:00:00, 2541.6, 2541.6, 2541.6, 2541.6, 148889, 435003
2024/6/11, 00:00:00, 2541.2, 2541.2, 2541.2, 2541.2, 153053, 436857
2024/6/12, 00:00:00, 2567.2, 2567.2, 2567.2, 2567.2, 249379, 436563
2024/6/13, 00:00:00, 2527.8, 2527.8, 2527.8, 2527.8, 191355, 433946
2024/6/14, 00:00:00, 2558.9, 2558.9, 2558.9, 2558.9, 170346, 442050
2024/6/17, 00:00:00, 2540.2, 2540.2, 2540.2, 2540.2, 128720, 439211
2024/6/18, 00:00:00, 2558.0, 2558.0, 2558.0, 2558.0, 160882, 444345
2024/6/20, 00:00:00, 2580.8, 2580.8, 2580.8, 2580.8, 264067, 457423
2024/6/21, 00:00:00, 2541.9, 2541.9, 2541.9, 2541.9, 203257, 453535
2024/6/24, 00:00:00, 2556.1, 2556.1, 2556.1, 2556.1, 123963, 453353
2024/6/25, 00:00:00, 2542.6, 2542.6, 2542.6, 2542.6, 155800, 452190
2024/6/26, 00:00:00, 2524.7, 2524.7, 2524.7, 2524.7, 203920, 442077
2024/6/27, 00:00:00, 2546.7, 2546.7, 2546.7, 2546.7, 155583, 448086
2024/6/28, 00:00:00, 2550.1, 2550.1, 2550.1, 2550.1, 145350, 448354
2024/7/1, 00:00:00, 2550.0, 2550.0, 2550.0, 2550.0, 157475, 451708
2024/7/2, 00:00:00, 2544.3, 2544.3, 2544.3, 2544.3, 181697, 454730
2024/7/3, 00:00:00, 2581.6, 2581.6, 2581.6, 2581.6, 235330, 472239
2024/7/5, 00:00:00, 2610.2, 2610.2, 2610.2, 2610.2, 350234, 507642
2024/7/8, 00:00:00, 2576.5, 2576.5, 2576.5, 2576.5, 336753, 510067
2024/7/9, 00:00:00, 2580.8, 2580.8, 2580.8, 2580.8, 365518, 516324
2024/7/10, 00:00:00, 2593.1, 2593.1, 2593.1, 2593.1, 223466, 528741
2024/7/11, 00:00:00, 2635.2, 2635.2, 2635.2, 2635.2, 411105, 556967
2024/7/12, 00:00:00, 2633.0, 2633.0, 2633.0, 2633.0, 299817, 549496
2024/7/15, 00:00:00, 2641.1, 2641.1, 2641.1, 2641.1, 235000, 564121
2024/7/16, 00:00:00, 2681.2, 2681.2, 2681.2, 2681.2, 314780, 579862
2024/7/17, 00:00:00, 2674.6, 2674.6, 2674.6, 2674.6, 331294, 592259
2024/7/18, 00:00:00, 2671.3, 2671.3, 2671.3, 2671.3, 238717, 598013
2024/7/19, 00:00:00, 2612.8, 2612.8, 2612.8, 2612.8, 324641, 584673
2024/7/22, 00:00:00, 2606.2, 2606.2, 2606.2, 2606.2, 267228, 585067
2024/7/23, 00:00:00, 2619.3, 2619.3, 2619.3, 2619.3, 244636, 572306
2024/7/24, 00:00:00, 2627.5, 2627.5, 2627.5, 2627.5, 368392, 570941
2024/7/25, 00:00:00, 2561.3, 2561.3, 2561.3, 2561.3, 426892, 537014
2024/7/26, 00:00:00, 2589.7, 2589.7, 2589.7, 2589.7, 254417, 519603
2024/7/29, 00:00:00, 2587.5, 2587.5, 2587.5, 2587.5, 306524, 509212
2024/7/30, 00:00:00, 2614.7, 2614.7, 2614.7, 2614.7, 226830, 510914
2024/7/31, 00:00:00, 2638.2, 2638.2, 2638.2, 2638.2, 194128, 504204
2024/8/1, 00:00:00, 2642.1, 2642.1, 2642.1, 2642.1, 239230, 512329
2024/8/2, 00:00:00, 2621.7, 2621.7, 2621.7, 2621.7, 337792, 507517
2024/8/5, 00:00:00, 2596.5, 2596.5, 2588.6, 2588.6, 380085, 487849
2024/8/6, 00:00:00, 2577.9, 2577.9, 2577.9, 2577.9, 199716, 480645
2024/8/7, 00:00:00, 2579.3, 2579.3, 2579.3, 2579.3, 177481, 478618
2024/8/8, 00:00:00, 2611.4, 2611.4, 2611.4, 2611.4, 192800, 480120
2024/8/9, 00:00:00, 2622.4, 2622.4, 2622.4, 2622.4, 164943, 482596
2024/8/12, 00:00:00, 2655.9, 2655.9, 2655.9, 2655.9, 187644, 495708
2024/8/13, 00:00:00, 2658.4, 2658.4, 2658.4, 2658.4, 170848, 505872
2024/8/14, 00:00:00, 2629.5, 2629.5, 2629.5, 2629.5, 198936, 501667
2024/8/15, 00:00:00, 2644.8, 2644.8, 2644.8, 2644.8, 182458, 501846
2024/8/16, 00:00:00, 2692.5, 2692.5, 2692.5, 2692.5, 241588, 525957
2024/8/19, 00:00:00, 2696.4, 2696.4, 2696.4, 2696.4, 167230, 526963
2024/8/20, 00:00:00, 2707.5, 2707.5, 2707.5, 2707.5, 207115, 532867
2024/8/21, 00:00:00, 2710.0, 2710.0, 2703.4, 2703.4, 160529, 531699
2024/8/22, 00:00:00, 2672.4, 2672.4, 2672.4, 2672.4, 190150, 522269
2024/8/23, 00:00:00, 2701.7, 2701.7, 2701.7, 2701.7, 175784, 524290
2024/8/26, 00:00:00, 2710.6, 2710.6, 2710.6, 2710.6, 136973, 525873
2024/8/27, 00:00:00, 2708.0, 2708.0, 2708.0, 2708.0, 157211, 521759
2024/8/28, 00:00:00, 2693.0, 2693.0, 2693.0, 2693.0, 179992, 521688
2024/8/29, 00:00:00, 2714.8, 2714.8, 2714.8, 2714.8, 177111, 525188
2024/8/30, 00:00:00, 2681.8, 2681.8, 2681.8, 2681.8, 189656, 516479
2024/9/3, 00:00:00, 2676.7, 2676.7, 2676.7, 2676.7, 288900, 511136
2024/9/4, 00:00:00, 2677.3, 2677.3, 2677.3, 2677.3, 180063, 510721
2024/9/5, 00:00:00, 2693.4, 2693.4, 2693.4, 2693.4, 162734, 511282
2024/9/6, 00:00:00, 2671.2, 2671.2, 2671.2, 2671.2, 239095, 507787
2024/9/9, 00:00:00, 2677.9, 2677.9, 2677.9, 2677.9, 148916, 506476
2024/9/10, 00:00:00, 2687.5, 2687.5, 2687.5, 2687.5, 168427, 511501
2024/9/11, 00:00:00, 2687.2, 2687.2, 2687.2, 2687.2, 205932, 513469
2024/9/12, 00:00:00, 2726.9, 2726.9, 2726.9, 2726.9, 252117, 536025
2024/9/13, 00:00:00, 2756.0, 2756.0, 2756.0, 2756.0, 197989, 544348
2024/9/16, 00:00:00, 2752.4, 2752.4, 2752.4, 2752.4, 137267, 543330
2024/9/17, 00:00:00, 2736.6, 2736.6, 2736.6, 2736.6, 172096, 537627
2024/9/18, 00:00:00, 2743.6, 2743.6, 2743.6, 2743.6, 252511, 538269
2024/9/19, 00:00:00, 2759.3, 2759.3, 2759.3, 2759.3, 216537, 538832
2024/9/20, 00:00:00, 2792.5, 2792.5, 2792.5, 2792.5, 225557, 555303
2024/9/23, 00:00:00, 2798.8, 2798.8, 2798.8, 2798.8, 186116, 556720
2024/9/24, 00:00:00, 2825.7, 2825.7, 2825.7, 2825.7, 239695, 564640
2024/9/25, 00:00:00, 2833.5, 2833.5, 2833.5, 2833.5, 217605, 553986
2024/9/26, 00:00:00, 2845.4, 2845.4, 2845.4, 2845.4, 242783, 550330
2024/9/27, 00:00:00, 2817.1, 2817.1, 2817.1, 2817.1, 209716, 544026
2024/9/30, 00:00:00, 2810.2, 2810.2, 2810.2, 2810.2, 182529, 528392
2024/10/1, 00:00:00, 2842.5, 2842.5, 2842.5, 2842.5, 214346, 533107
2024/10/2, 00:00:00, 2822.0, 2825.4, 2822.0, 2825.4, 134173, 529827
2024/10/3, 00:00:00, 2835.2, 2835.2, 2835.2, 2835.2, 145351, 528440
2024/10/4, 00:00:00, 2831.2, 2831.2, 2831.2, 2831.2, 216667, 529919
2024/10/7, 00:00:00, 2832.5, 2832.5, 2832.5, 2832.5, 142003, 526822
2024/10/8, 00:00:00, 2800.3, 2800.3, 2800.3, 2800.3, 257903, 520316
2024/10/9, 00:00:00, 2791.9, 2791.9, 2791.9, 2791.9, 154924, 521836
2024/10/10, 00:00:00, 2807.2, 2807.2, 2807.2, 2807.2, 230593, 531106
2024/10/11, 00:00:00, 2843.8, 2843.8, 2843.8, 2843.8, 182419, 538734
2024/10/14, 00:00:00, 2834.3, 2834.3, 2834.3, 2834.3, 127304, 536624
2024/10/15, 00:00:00, 2847.1, 2847.1, 2847.1, 2847.1, 170097, 541232
2024/10/16, 00:00:00, 2860.3, 2860.3, 2860.3, 2860.3, 166517, 547421
2024/10/17, 00:00:00, 2876.8, 2876.8, 2876.8, 2876.8, 199224, 557758
2024/10/18, 00:00:00, 2901.0, 2901.0, 2901.0, 2901.0, 195121, 566714
2024/10/21, 00:00:00, 2911.8, 2911.8, 2911.8, 2911.8, 225541, 567444
2024/10/22, 00:00:00, 2934.3, 2934.3, 2934.3, 2934.3, 187067, 573760
2024/10/23, 00:00:00, 2905.4, 2905.4, 2905.4, 2905.4, 231664, 565369
2024/10/24, 00:00:00, 2924.7, 2924.7, 2924.7, 2924.7, 198223, 565131
2024/10/25, 00:00:00, 2930.3, 2930.3, 2930.3, 2930.3, 162858, 565397
2024/10/28, 00:00:00, 2933.9, 2933.9, 2933.9, 2933.9, 175066, 561406
2024/10/29, 00:00:00, 2958.8, 2958.8, 2958.8, 2958.8, 236538, 579443
2024/10/30, 00:00:00, 2982.0, 2982.0, 2982.0, 2982.0, 216854, 584445
2024/10/31, 00:00:00, 2930.6, 2930.6, 2930.6, 2930.6, 282258, 568592
2024/11/1, 00:00:00, 2929.5, 2929.5, 2929.5, 2929.5, 207833, 562253
2024/11/4, 00:00:00, 2927.4, 2927.4, 2927.4, 2927.4, 164068, 558125
2024/11/5, 00:00:00, 2933.9, 2933.9, 2933.9, 2933.9, 183786, 558034
2024/11/6, 00:00:00, 2859.4, 2859.4, 2859.4, 2859.4, 421271, 547625
2024/11/7, 00:00:00, 2889.3, 2889.3, 2889.3, 2889.3, 389231, 553566
2024/11/8, 00:00:00, 2878.1, 2878.1, 2878.1, 2878.1, 321189, 552706
2024/11/11, 00:00:00, 2799.0, 2799.0, 2799.0, 2799.0, 366802, 540538
2024/11/12, 00:00:00, 2787.5, 2787.5, 2787.5, 2787.5, 366970, 535981
2024/11/13, 00:00:00, 2765.1, 2765.1, 2765.1, 2765.1, 345108, 541243
2024/11/14, 00:00:00, 2750.7, 2750.7, 2750.7, 2750.7, 314507, 535891
2024/11/15, 00:00:00, 2747.9, 2747.9, 2747.9, 2747.9, 225951, 518182
2024/11/18, 00:00:00, 2794.7, 2794.7, 2794.7, 2794.7, 255690, 515181
2024/11/19, 00:00:00, 2810.9, 2810.9, 2810.9, 2810.9, 263175, 502952
2024/11/20, 00:00:00, 2815.2, 2833.7, 2815.2, 2833.7, 238577, 501315
2024/11/21, 00:00:00, 2858.3, 2858.3, 2858.3, 2858.3, 261382, 496192
2024/11/22, 00:00:00, 2899.5, 2899.5, 2899.5, 2899.5, 306237, 503904
2024/11/25, 00:00:00, 2801.7, 2801.7, 2801.7, 2801.7, 473439, 481161
2024/11/26, 00:00:00, 2805.4, 2805.4, 2805.4, 2805.4, 339459, 472617
2024/11/27, 00:00:00, 2821.2, 2821.2, 2821.2, 2821.2, 240544, 468283
2024/11/29, 00:00:00, 2838.4, 2838.4, 2838.4, 2838.4, 197001, 457765
2024/12/2, 00:00:00, 2816.1, 2816.1, 2816.1, 2816.1, 174149, 459383
2024/12/3, 00:00:00, 2824.3, 2824.3, 2824.3, 2824.3, 150833, 462040
2024/12/4, 00:00:00, 2831.4, 2831.4, 2831.4, 2831.4, 189727, 468864
2024/12/5, 00:00:00, 2802.5, 2802.5, 2802.5, 2802.5, 168525, 469491
2024/12/6, 00:00:00, 2813.3, 2813.3, 2813.3, 2813.3, 187663, 467975
2024/12/9, 00:00:00, 2843.9, 2843.9, 2843.9, 2843.9, 203994, 476119
2024/12/10, 00:00:00, 2876.4, 2876.4, 2876.4, 2876.4, 200529, 483346
2024/12/11, 00:00:00, 2912.0, 2912.0, 2912.0, 2912.0, 307167, 495497
2024/12/12, 00:00:00, 2868.7, 2868.7, 2868.7, 2868.7, 245070, 490589
2024/12/13, 00:00:00, 2836.2, 2836.2, 2836.2, 2836.2, 197109, 478067
2024/12/16, 00:00:00, 2830.8, 2830.8, 2830.8, 2830.8, 127295, 471098
2024/12/17, 00:00:00, 2823.9, 2823.9, 2823.9, 2823.9, 159149, 466571
2024/12/18, 00:00:00, 2817.9, 2817.9, 2817.9, 2817.9, 168297, 461876
2024/12/19, 00:00:00, 2776.2, 2776.2, 2776.2, 2776.2, 201177, 457814
2024/12/20, 00:00:00, 2812.2, 2812.2, 2812.2, 2812.2, 163249, 458644
2024/12/23, 00:00:00, 2796.8, 2796.8, 2796.8, 2796.8, 111395, 455558
2024/12/24, 00:00:00, 2806.8, 2806.8, 2806.8, 2806.8, 57816, 454646
2024/12/26, 00:00:00, 2828.0, 2828.0, 2828.0, 2828.0, 85508, 450587
2024/12/27, 00:00:00, 2808.6, 2808.6, 2808.6, 2808.6, 101579, 448451
2024/12/30, 00:00:00, 2799.6, 2799.6, 2799.6, 2799.6, 125657, 450970
2024/12/31, 00:00:00, 2829.1, 2829.1, 2829.1, 2829.1, 111837, 458584
2025/1/2, 00:00:00, 2851.9, 2851.9, 2851.9, 2851.9, 166422, 467335
2025/1/3, 00:00:00, 2833.5, 2833.5, 2833.5, 2833.5, 146382, 467129
2025/1/6, 00:00:00, 2824.8, 2824.8, 2824.8, 2824.8, 196652, 464000
2025/1/7, 00:00:00, 2844.0, 2844.0, 2844.0, 2844.0, 192387, 477043
2025/1/8, 00:00:00, 2853.2, 2853.2, 2853.2, 2853.2, 267403, 481858
2025/1/9, 00:00:00, 2871.6, 2871.6, 2871.6, 2871.6, 220269, 489745
2025/1/10, 00:00:00, 2896.6, 2896.6, 2896.6, 2896.6, 401369, 499105
2025/1/13, 00:00:00, 2857.2, 2857.2, 2857.2, 2857.2, 300008, 504889
2025/1/14, 00:00:00, 2863.9, 2863.9, 2863.9, 2863.9, 262816, 526467
2025/1/15, 00:00:00, 2899.7, 2899.7, 2899.7, 2899.7, 228729, 536035
2025/1/16, 00:00:00, 2934.9, 2934.9, 2934.9, 2934.9, 227416, 552464
2025/1/17, 00:00:00, 2925.4, 2933.7, 2910.0, 2933.7, 198435, 556644
2025/1/21, 00:00:00, 2945.9, 2945.9, 2945.9, 2945.9, 367795, 571387
2025/1/22, 00:00:00, 2950.0, 2958.3, 2950.0, 2958.3, 208748, 581989
2025/1/23, 00:00:00, 2952.8, 2952.8, 2952.8, 2952.8, 262357, 586555
2025/1/24, 00:00:00, 2968.6, 2968.6, 2968.6, 2968.6, 291988, 597295
2025/1/27, 00:00:00, 2929.2, 2929.2, 2929.2, 2929.2, 337585, 582778
2025/1/28, 00:00:00, 2963.1, 2963.1, 2963.1, 2963.1, 320105, 577505
2025/1/29, 00:00:00, 2956.8, 2956.8, 2956.8, 2956.8, 312877, 565845
2025/1/30, 00:00:00, 3008.2, 3008.2, 3008.2, 3008.2, 247938, 574707
2025/1/31, 00:00:00, 2996.3, 2996.3, 2996.3, 2996.3, 179004, 548642
2025/2/3, 00:00:00, 3015.7, 3015.7, 3015.7, 3015.7, 196473, 543681
2025/2/4, 00:00:00, 3036.4, 3036.4, 3036.4, 3036.4, 160979, 542004
2025/2/5, 00:00:00, 3054.8, 3054.8, 3054.8, 3054.8, 187322, 540351
2025/2/6, 00:00:00, 3042.1, 3042.1, 3042.1, 3042.1, 185240, 534054
2025/2/7, 00:00:00, 3058.0, 3058.0, 3058.0, 3058.0, 212904, 530738
2025/2/10, 00:00:00, 3107.8, 3107.8, 3107.8, 3107.8, 188067, 536202
2025/2/11, 00:00:00, 3111.1, 3111.1, 3111.1, 3111.1, 247346, 528719
2025/2/12, 00:00:00, 3108.0, 3108.0, 3108.0, 3108.0, 218896, 528051
2025/2/13, 00:00:00, 3122.9, 3122.9, 3122.9, 3122.9, 195812, 530293
2025/2/14, 00:00:00, 3075.1, 3075.1, 3075.1, 3075.1, 247066, 520641
2025/2/18, 00:00:00, 3123.5, 3123.5, 3123.5, 3123.5, 240880, 522330
2025/2/19, 00:00:00, 3106.2, 3106.2, 3106.2, 3106.2, 180523, 524184
2025/2/20, 00:00:00, 3126.6, 3126.6, 3126.6, 3126.6, 183934, 526625
2025/2/21, 00:00:00, 3149.1, 3149.1, 3122.1, 3122.1, 174706, 525321
2025/2/24, 00:00:00, 3110.9, 3134.1, 3110.8, 3134.1, 174241, 529785
2025/2/25, 00:00:00, 3089.1, 3089.1, 3089.1, 3089.1, 256098, 512179
2025/2/26, 00:00:00, 3101.4, 3101.4, 3101.4, 3101.4, 175151, 512654
2025/2/27, 00:00:00, 3066.4, 3066.4, 3066.4, 3066.4, 221721, 507722
2025/2/28, 00:00:00, 3029.8, 3034.5, 3017.5, 3017.5, 227387, 489629
2025/3/3, 00:00:00, 3071.6, 3071.6, 3071.6, 3071.6, 199653, 488842
2025/3/4, 00:00:00, 3075.8, 3090.6, 3075.8, 3090.6, 209732, 489270
2025/3/5, 00:00:00, 3095.4, 3095.4, 3095.4, 3095.4, 205124, 492353
2025/3/6, 00:00:00, 3096.1, 3096.1, 3096.1, 3096.1, 189924, 493608
2025/3/7, 00:00:00, 3081.8, 3081.8, 3081.8, 3081.8, 309975, 499776
2025/3/10, 00:00:00, 3065.3, 3065.3, 3065.3, 3065.3, 294278, 505149
2025/3/11, 00:00:00, 3086.8, 3087.7, 3086.8, 3087.7, 258254, 511276
2025/3/12, 00:00:00, 3112.6, 3112.6, 3112.6, 3112.6, 283347, 508714
2025/3/13, 00:00:00, 3158.1, 3158.1, 3158.1, 3158.1, 339776, 526145
2025/3/14, 00:00:00, 3167.4, 3167.4, 3167.4, 3167.4, 219862, 532348
2025/3/17, 00:00:00, 3171.3, 3172.5, 3171.3, 3172.5, 163033, 531211
2025/3/18, 00:00:00, 3181.1, 3210.5, 3181.1, 3210.5, 213118, 533566
2025/3/19, 00:00:00, 3207.5, 3211.3, 3206.9, 3211.3, 170965, 537836
2025/3/20, 00:00:00, 3231.0, 3231.0, 3212.7, 3212.7, 176017, 532731
2025/3/21, 00:00:00, 3205.8, 3205.8, 3185.8, 3185.8, 245993, 519140
2025/3/24, 00:00:00, 3192.3, 3192.3, 3180.4, 3180.4, 307601, 506999
2025/3/25, 00:00:00, 3192.1, 3192.1, 3191.5, 3191.5, 274164, 511482
2025/3/26, 00:00:00, 3187.9, 3187.9, 3187.9, 3187.9, 297001, 508083
2025/3/27, 00:00:00, 3226.8, 3235.7, 3226.8, 3227.2, 327369, 512116
2025/3/28, 00:00:00, 3245.8, 3251.1, 3245.8, 3251.1, 250631, 574824
2025/3/31, 00:00:00, 3284.3, 3292.0, 3282.6, 3288.4, 247509, 505772
2025/4/1, 00:00:00, 3311.4, 3311.7, 3283.9, 3283.9, 213871, 498746
2025/4/2, 00:00:00, 3325.0, 3325.0, 3306.0, 3306.0, 250242, 493720
2025/4/3, 00:00:00, 3315.0, 3315.0, 3248.9, 3259.9, 424365, 485008
2025/4/4, 00:00:00, 3220.2, 3220.2, 3168.2, 3168.2, 373167, 467059
2025/4/7, 00:00:00, 3166.1, 3185.0, 3106.0, 3106.0, 357332, 473354
2025/4/8, 00:00:00, 3159.0, 3159.0, 3125.4, 3125.4, 219339, 445468
2025/4/9, 00:00:00, 3168.4, 3238.6, 3168.4, 3222.1, 326082, 449087
2025/4/10, 00:00:00, 3230.4, 3322.8, 3230.4, 3322.8, 259651, 459504
2025/4/11, 00:00:00, 3356.6, 3397.1, 3356.6, 3397.1, 269736, 457803
2025/4/14, 00:00:00, 3399.8, 3399.8, 3367.0, 3376.1, 200492, 454327
2025/4/15, 00:00:00, 3390.8, 3390.8, 3390.8, 3390.8, 133283, 456628
2025/4/16, 00:00:00, 3501.4, 3501.4, 3501.4, 3501.4, 277736, 463490
2025/4/17, 00:00:00, 3496.0, 3496.0, 3477.1, 3482.8, 261675, 458586
2025/4/21, 00:00:00, 3562.9, 3581.9, 3562.9, 3581.9, 263293, 466325
2025/4/22, 00:00:00, 3646.5, 3646.5, 3577.1, 3577.1, 453766, 465351
2025/4/23, 00:00:00, 3492.5, 3492.5, 3449.6, 3449.6, 398663, 458673
2025/4/24, 00:00:00, 3504.0, 3506.2, 3504.0, 3506.2, 255532, 446637
2025/4/25, 00:00:00, 3454.4, 3454.4, 3454.4, 3454.4, 258408, 445548
2025/4/28, 00:00:00, 3504.3, 3504.3, 3504.3, 3504.3, 230154, 448023
2025/4/29, 00:00:00, 3473.0, 3489.5, 3473.0, 3489.5, 180037, 451868
2025/4/30, 00:00:00, 3472.5, 3472.5, 3472.5, 3472.5, 220899, 442851
2025/5/1, 00:00:00, 3391.1, 3391.1, 3373.5, 3373.5, 236137, 439159
2025/5/2, 00:00:00, 3415.2, 3415.2, 3395.6, 3395.6, 231753, 438327
2025/5/5, 00:00:00, 3478.0, 3478.0, 3478.0, 3478.0, 206550, 442137
2025/5/6, 00:00:00, 3581.5, 3581.5, 3581.5, 3581.5, 305227, 452414
2025/5/7, 00:00:00, 3551.6, 3551.6, 3551.6, 3551.6, 389124, 443832
2025/5/8, 00:00:00, 3463.5, 3463.5, 3463.5, 3463.5, 405479, 438431
2025/5/9, 00:00:00, 3501.5, 3501.5, 3501.5, 3501.5, 283747, 438271
2025/5/12, 00:00:00, 3372.3, 3384.6, 3372.3, 3384.6, 381812, 440560
2025/5/13, 00:00:00, 3420.4, 3420.5, 3406.0, 3406.0, 269476, 440842
2025/5/14, 00:00:00, 3343.9, 3343.9, 3343.9, 3343.9, 269028, 441565
2025/5/15, 00:00:00, 3380.9, 3380.9, 3380.9, 3380.9, 289439, 440192
2025/5/16, 00:00:00, 3367.9, 3367.9, 3330.2, 3340.5, 272183, 441666
2025/5/19, 00:00:00, 3384.1, 3389.0, 3382.0, 3389.0, 214727, 442943
2025/5/20, 00:00:00, 3439.2, 3439.2, 3439.2, 3439.2, 261793, 448000
2025/5/21, 00:00:00, 3471.0, 3471.0, 3471.0, 3471.0, 287807, 453340
2025/5/22, 00:00:00, 3452.7, 3452.7, 3452.7, 3452.7, 295020, 452564
2025/5/23, 00:00:00, 3516.3, 3525.7, 3516.3, 3525.7, 328476, 451013
2025/5/27, 00:00:00, 3499.7, 3503.0, 3461.3, 3461.3, 445043, 437538
2025/5/28, 00:00:00, 3453.9, 3453.9, 3453.9, 3453.9, 325056, 429016
2025/5/29, 00:00:00, 3472.2, 3472.2, 3472.2, 3472.2, 264492, 422605
2025/5/30, 00:00:00, 3449.6, 3450.2, 3443.3, 3443.3, 194287, 408787
2025/6/2, 00:00:00, 3507.9, 3527.9, 3507.9, 3527.9, 193512, 416217
2025/6/3, 00:00:00, 3515.6, 3515.6, 3509.7, 3509.7, 183575, 415941
2025/6/4, 00:00:00, 3531.1, 3531.1, 3531.1, 3531.1, 175634, 417254
2025/6/5, 00:00:00, 3557.6, 3557.6, 3506.2, 3506.2, 237681, 418066
2025/6/6, 00:00:00, 3477.9, 3477.9, 3477.9, 3477.9, 199080, 415962
2025/6/9, 00:00:00, 3471.1, 3485.8, 3471.1, 3485.8, 154650, 414493
2025/6/10, 00:00:00, 3493.6, 3493.6, 3474.3, 3474.3, 169829, 417143
2025/6/11, 00:00:00, 3473.8, 3473.8, 3473.8, 3473.8, 214363, 423276
2025/6/12, 00:00:00, 3520.9, 3531.6, 3520.9, 3531.6, 245984, 432310
2025/6/13, 00:00:00, 3586.9, 3586.9, 3583.6, 3583.6, 282363, 439674
2025/6/16, 00:00:00, 3550.0, 3550.0, 3547.8, 3547.8, 200516, 439321
2025/6/17, 00:00:00, 3547.9, 3547.9, 3539.1, 3539.1, 219624, 441214
2025/6/18, 00:00:00, 3539.0, 3539.0, 3539.0, 3539.0, 188377, 442374
2025/6/20, 00:00:00, 3490.0, 3516.7, 3490.0, 3516.7, 294492, 440107
2025/6/23, 00:00:00, 3520.2, 3537.0, 3514.3, 3525.3, 206078, 440905
2025/6/24, 00:00:00, 3460.1, 3464.1, 3460.1, 3464.1, 247265, 434958
2025/6/25, 00:00:00, 3459.0, 3474.3, 3459.0, 3473.5, 139890, 434138
2025/6/26, 00:00:00, 3466.9, 3477.9, 3466.9, 3477.9, 168133, 434377
2025/6/27, 00:00:00, 3443.1, 3443.1, 3416.1, 3416.1, 239545, 436022
2025/6/30, 00:00:00, 3429.5, 3436.3, 3429.5, 3436.3, 152610, 434714
2025/7/1, 00:00:00, 3479.4, 3479.4, 3478.6, 3479.0, 186143, 437662
2025/7/2, 00:00:00, 3489.9, 3489.9, 3489.9, 3489.9, 148640, 438709
2025/7/3, 00:00:00, 3458.0, 3475.0, 3458.0, 3474.1, 168196, 440793
2025/7/7, 00:00:00, 3473.6, 3478.0, 3473.6, 3474.2, 255358, 445944
2025/7/8, 00:00:00, 3480.6, 3480.6, 3442.5, 3449.0, 270387, 443144
2025/7/9, 00:00:00, 3441.8, 3451.8, 3441.8, 3451.8, 214079, 440086
2025/7/10, 00:00:00, 3454.0, 3456.7, 3454.0, 3456.7, 217055, 431906
2025/7/11, 00:00:00, 3476.6, 3496.9, 3476.6, 3494.3, 276126, 445777
2025/7/14, 00:00:00, 3510.0, 3510.0, 3486.5, 3491.2, 254763, 453590
2025/7/15, 00:00:00, 3468.7, 3468.7, 3468.6, 3468.6, 212163, 448531
2025/7/16, 00:00:00, 3490.5, 3490.5, 3490.0, 3490.1, 270899, 450862
2025/7/17, 00:00:00, 3461.6, 3476.6, 3461.6, 3476.6, 186824, 444521
2025/7/18, 00:00:00, 3489.5, 3489.7, 3488.5, 3489.6, 134215, 446753
2025/7/21, 00:00:00, 3505.7, 3548.5, 3504.9, 3539.9, 243554, 471321
2025/7/22, 00:00:00, 3537.0, 3579.9, 3530.9, 3579.9, 304186, 489423
2025/7/23, 00:00:00, 3582.8, 3582.8, 3529.0, 3531.1, 356044, 484112
2025/7/24, 00:00:00, 3530.5, 3530.5, 3489.2, 3507.9, 310286, 472144
2025/7/25, 00:00:00, 3472.5, 3472.5, 3467.3, 3467.3, 282014, 461504
2025/7/28, 00:00:00, 3468.4, 3469.1, 3441.2, 3441.8, 292064, 450941
2025/7/29, 00:00:00, 3442.5, 3457.0, 3441.2, 3456.4, 288652, 445246
2025/7/30, 00:00:00, 3455.2, 3456.5, 3394.4, 3427.5, 252423, 442248
2025/7/31, 00:00:00, 3428.0, 3436.8, 3419.0, 3424.2, 185112, 427980
2025/8/1, 00:00:00, 3426.5, 3476.2, 3426.5, 3473.2, 269844, 437777
2025/8/4, 00:00:00, 3511.0, 3511.0, 3499.7, 3500.0, 161438, 444682
2025/8/5, 00:00:00, 3505.9, 3517.3, 3500.0, 3508.9, 172959, 449647
2025/8/6, 00:00:00, 3512.8, 3512.8, 3490.8, 3507.3, 175872, 450807
2025/8/7, 00:00:00, 3514.6, 3545.0, 3513.2, 3524.9, 310456, 463334
2025/8/8, 00:00:00, 3600.0, 3600.0, 3525.0, 3560.1, 414490, 467800
2025/8/11, 00:00:00, 3520.1, 3520.1, 3476.3, 3481.6, 262930, 452687
2025/8/12, 00:00:00, 3482.0, 3482.6, 3454.7, 3475.0, 220255, 446152
2025/8/13, 00:00:00, 3480.2, 3494.3, 3477.0, 3484.6, 155741, 444675
2025/8/14, 00:00:00, 3494.0, 3494.0, 3451.8, 3458.7, 180976, 439709
2025/8/15, 00:00:00, 3457.8, 3468.3, 3454.1, 3456.8, 132215, 440051
2025/8/18, 00:00:00, 3453.5, 3471.0, 3442.5, 3452.5, 129128, 439893
2025/8/19, 00:00:00, 3451.3, 3461.0, 3431.9, 3432.4, 148394, 438541
2025/8/20, 00:00:00, 3430.0, 3467.4, 3426.5, 3463.2, 149905, 437695
2025/8/21, 00:00:00, 3459.6, 3464.9, 3444.1, 3456.3, 135619, 434098
2025/8/22, 00:00:00, 3455.3, 3496.8, 3441.0, 3493.0, 204661, 438806
2025/8/25, 00:00:00, 3484.6, 3496.1, 3480.4, 3492.4, 107537, 442378
2025/8/26, 00:00:00, 3480.0, 3515.3, 3472.0, 3509.1, 194487, 443760
2025/8/27, 00:00:00, 3512.7, 3527.5, 3498.7, 3526.4, 173524, 448189
2025/8/28, 00:00:00, 3527.4, 3555.0, 3520.0, 3550.9, 173462, 456226
2025/8/29, 00:00:00, 3552.4, 3595.4, 3540.3, 3594.1, 207110, 471240
2025/9/2, 00:00:00, 3592.0, 3676.7, 3584.4, 3670.6, 407646, 492908
2025/9/3, 00:00:00, 3676.1, 3718.0, 3670.8, 3714.8, 243321, 494776
2025/9/4, 00:00:00, 3694.8, 3696.5, 3653.8, 3685.9, 254684, 495368
2025/9/5, 00:00:00, 3682.0, 3733.1, 3681.4, 3732.2, 262651, 501157
2025/9/8, 00:00:00, 3709.1, 3762.6, 3700.0, 3755.5, 256986, 503285
2025/9/9, 00:00:00, 3749.9, 3790.5, 3745.5, 3760.3, 290439, 509625
2025/9/10, 00:00:00, 3740.6, 3775.5, 3737.1, 3760.4, 201375, 510076
2025/9/11, 00:00:00, 3759.4, 3765.7, 3731.5, 3751.4, 236381, 510383
2025/9/12, 00:00:00, 3757.5, 3770.5, 3757.5, 3765.2, 174242, 512181
2025/9/15, 00:00:00, 3757.9, 3802.8, 3741.9, 3797.8, 208695, 519611
2025/9/16, 00:00:00, 3799.2, 3816.0, 3792.9, 3804.4, 214622, 516221
2025/9/17, 00:00:00, 3795.9, 3821.9, 3759.6, 3797.5, 279690, 517578
2025/9/18, 00:00:00, 3771.1, 3782.7, 3740.0, 3757.3, 243188, 515612
2025/9/19, 00:00:00, 3754.0, 3798.5, 3747.4, 3785.6, 207987, 522306
2025/9/22, 00:00:00, 3802.3, 3862.6, 3802.0, 3856.1, 248004, 530457
2025/9/23, 00:00:00, 3856.0, 3904.4, 3856.0, 3898.2, 330734, 528789
2025/9/24, 00:00:00, 3880.1, 3891.6, 3833.5, 3850.6, 265431, 526067
2025/9/25, 00:00:00, 3858.5, 3874.7, 3837.2, 3855.5, 299614, 516312
2025/9/26, 00:00:00, 3856.0, 3897.8, 3849.3, 3893.5, 245328, 513156
2025/9/29, 00:00:00, 3881.3, 3949.9, 3880.0, 3941.9, 281594, 517465
2025/9/30, 00:00:00, 3946.2, 3984.8, 3907.3, 3959.5, 336239, 493748
2025/10/1, 00:00:00, 3974.8, 4009.2, 3968.4, 3984.5, 312531, 491059
2025/10/2, 00:00:00, 3976.8, 4009.2, 3929.8, 3953.9, 304647, 484786
2025/10/3, 00:00:00, 3964.0, 4001.1, 3948.6, 3995.1, 230839, 479525
2025/10/6, 00:00:00, 3999.1, 4081.2, 3996.1, 4065.7, 295216, 483672
2025/10/7, 00:00:00, 4076.0, 4106.1, 4053.1, 4096.1, 333332, 485559
2025/10/8, 00:00:00, 4105.6, 4174.4, 4099.4, 4164.0, 383245, 490496
2025/10/9, 00:00:00, 4148.0, 4169.4, 4050.0, 4063.2, 514387, 483650
2025/10/10, 00:00:00, 4081.8, 4129.2, 4052.4, 4090.9, 387955, 482976
2025/10/13, 00:00:00, 4112.2, 4228.6, 4112.2, 4225.9, 333731, 486887
2025/10/14, 00:00:00, 4225.0, 4282.8, 4199.4, 4256.1, 429365, 485788
2025/10/15, 00:00:00, 4252.4, 4327.8, 4252.4, 4295.4, 327800, 487873
2025/10/16, 00:00:00, 4318.1, 4440.6, 4310.8, 4399.9, 403735, 483770
2025/10/17, 00:00:00, 4453.9, 4483.0, 4294.4, 4306.1, 611632, 479971
2025/10/20, 00:00:00, 4356.4, 4488.9, 4328.7, 4455.8, 368326, 475938
2025/10/21, 00:00:00, 4481.0, 4481.0, 4190.4, 4200.1, 577546, 472421
2025/10/22, 00:00:00, 4230.0, 4263.6, 4119.7, 4157.1, 507114, 463789
2025/10/23, 00:00:00, 4192.4, 4262.4, 4186.8, 4238.8, 288886, 464096
2025/10/24, 00:00:00, 4228.0, 4249.2, 4150.0, 4230.9, 313806, 464052
2025/10/27, 00:00:00, 4186.4, 4208.3, 4081.1, 4110.0, 355604, 463706
2025/10/28, 00:00:00, 4096.7, 4122.0, 3992.2, 4072.1, 365142, 457122
2025/10/29, 00:00:00, 4061.4, 4135.0, 4032.2, 4091.7, 312357, 456175
2025/10/30, 00:00:00, 4031.0, 4134.0, 4021.0, 4109.0, 269052, 456333
2025/10/31, 00:00:00, 4130.0, 4149.0, 4076.4, 4088.8, 259051, 449900
2025/11/3, 00:00:00, 4095.7, 4134.0, 4066.8, 4107.6, 247792, 452773
2025/11/4, 00:00:00, 4095.0, 4102.8, 4028.9, 4052.2, 277749, 450399
2025/11/5, 00:00:00, 4039.5, 4091.1, 4035.6, 4085.9, 201342, 453313
2025/11/6, 00:00:00, 4084.0, 4119.6, 4068.0, 4083.5, 222053, 452487
2025/11/7, 00:00:00, 4076.5, 4125.6, 4076.2, 4102.3, 265119, 455161
2025/11/10, 00:00:00, 4109.0, 4217.4, 4109.0, 4216.5, 316099, 459997
2025/11/11, 00:00:00, 4218.0, 4249.2, 4198.0, 4210.7, 326438, 466031
2025/11/12, 00:00:00, 4235.0, 4313.0, 4199.1, 4309.4, 381612, 480255
2025/11/13, 00:00:00, 4301.3, 4344.0, 4248.0, 4292.6, 408927, 480877
2025/11/14, 00:00:00, 4290.0, 4311.7, 4130.4, 4189.1, 404043, 477283
2025/11/17, 00:00:00, 4195.0, 4202.3, 4102.8, 4169.7, 272792, 474390
2025/11/18, 00:00:00, 4143.8, 4178.2, 4094.4, 4161.2, 285182, 471953
2025/11/19, 00:00:00, 4167.7, 4228.4, 4151.0, 4178.4, 289003, 467893
2025/11/20, 00:00:00, 4174.2, 4201.6, 4130.8, 4154.8, 350934, 470585
2025/11/21, 00:00:00, 4160.0, 4194.0, 4114.8, 4173.6, 360559, 470349
2025/11/24, 00:00:00, 4159.8, 4229.3, 4131.6, 4188.5, 348958, 442270
2025/11/25, 00:00:00, 4220.5, 4250.0, 4204.0, 4235.9, 379767, 432191
2025/11/26, 00:00:00, 4227.6, 4267.0, 4225.0, 4261.9, 229978, 431603
2025/11/28, 00:00:00, 4245.3, 4321.1, 4235.0, 4314.9, 167020, 419484
2025/12/1, 00:00:00, 4324.0, 4360.2, 4305.6, 4336.8, 249871, 418697
2025/12/2, 00:00:00, 4328.1, 4330.0, 4258.0, 4282.6, 237238, 418490
2025/12/3, 00:00:00, 4306.0, 4333.0, 4289.0, 4294.3, 193893, 423395
2025/12/4, 00:00:00, 4297.0, 4310.8, 4267.0, 4304.1, 181431, 426136
2025/12/5, 00:00:00, 4299.6, 4351.6, 4285.0, 4305.0, 225349, 426860
2025/12/8, 00:00:00, 4290.0, 4309.5, 4267.5, 4280.0, 168463, 427425
2025/12/9, 00:00:00, 4282.3, 4314.0, 4260.7, 4299.4, 202899, 432569
2025/12/10, 00:00:00, 4303.6, 4330.0, 4271.5, 4287.5, 219896, 440368
2025/12/11, 00:00:00, 4321.4, 4379.0, 4296.0, 4376.5, 258763, 454262
2025/12/12, 00:00:00, 4375.0, 4450.5, 4350.4, 4392.3, 318667, 460191
2025/12/15, 00:00:00, 4400.0, 4446.0, 4381.5, 4399.4, 223993, 466073
2025/12/16, 00:00:00, 4401.0, 4429.2, 4363.0, 4395.9, 232091, 471093
2025/12/17, 00:00:00, 4400.0, 4446.0, 4400.0, 4437.3, 232327, 478188
2025/12/18, 00:00:00, 4435.3, 4471.9, 4401.7, 4427.6, 258811, 484610
2025/12/19, 00:00:00, 4428.8, 4451.6, 4400.0, 4450.6, 181095, 487043
2025/12/22, 00:00:00, 4435.8, 4548.1, 4435.6, 4534.0, 228938, 499192
2025/12/23, 00:00:00, 4549.2, 4595.2, 4524.6, 4570.6, 272816, 492103
2025/12/24, 00:00:00, 4583.0, 4620.9, 4540.4, 4567.8, 166863, 488300
2025/12/26, 00:00:00, 4572.9, 4648.9, 4572.9, 4618.8, 203018, 492660
2025/12/29, 00:00:00, 4645.4, 4645.4, 4380.0, 4407.8, 346811, 479691
2025/12/30, 00:00:00, 4422.0, 4483.6, 4404.0, 4451.9, 228283, 481866
2025/12/31, 00:00:00, 4412.0, 4448.0, 4350.0, 4406.9, 186323, 476471
2026/1/2, 00:00:00, 4412.0, 4479.5, 4386.0, 4394.5, 174245, 482412
2026/1/5, 00:00:00, 4426.7, 4531.0, 4426.1, 4516.8, 249207, 480541
2026/1/6, 00:00:00, 4528.8, 4572.9, 4507.0, 4562.2, 207208, 488116
2026/1/7, 00:00:00, 4572.4, 4577.2, 4500.0, 4528.1, 234813, 489300
2026/1/8, 00:00:00, 4534.0, 4555.0, 4482.2, 4526.9, 279136, 493909
2026/1/9, 00:00:00, 4559.0, 4593.1, 4529.3, 4567.9, 288762, 499546
2026/1/12, 00:00:00, 4591.6, 4708.0, 4590.0, 4683.0, 383200, 525246
2026/1/13, 00:00:00, 4669.0, 4710.6, 4645.0, 4667.2, 345149, 527455
2026/1/14, 00:00:00, 4666.2, 4718.8, 4666.2, 4704.0, 392771, 523548
2026/1/15, 00:00:00, 4695.0, 4697.1, 4651.7, 4691.7, 266268, 521959
2026/1/16, 00:00:00, 4690.8, 4692.2, 4607.9, 4663.5, 284841, 511475
2026/1/20, 00:00:00, 4700.5, 4841.1, 4697.5, 4835.7, 492565, 528004
2026/1/21, 00:00:00, 4835.1, 4962.0, 4828.9, 4908.7, 500520, 532136
2026/1/22, 00:00:00, 4890.0, 5015.0, 4846.3, 4985.7, 357149, 541033
2026/1/23, 00:00:00, 5020.9, 5065.0, 4978.0, 5055.0, 374878, 539164
2026/1/26, 00:00:00, 5084.2, 5183.8, 5065.0, 5161.9, 655762, 525061
2026/1/27, 00:00:00, 5091.3, 5265.0, 5089.8, 5158.9, 536168, 488463
2026/1/28, 00:00:00, 5258.0, 5493.4, 5234.0, 5380.7, 566413, 465112
2026/1/29, 00:00:00, 5493.1, 5666.6, 5177.4, 5395.8, 652473, 451510
2026/1/30, 00:00:00, 5469.3, 5522.2, 4747.1, 4780.7, 585928, 425516
2026/2/2, 00:00:00, 4867.0, 4941.3, 4458.9, 4686.4, 447704, 414776
2026/2/3, 00:00:00, 4748.0, 5055.4, 4740.9, 4971.4, 287492, 409694
2026/2/4, 00:00:00, 5020.0, 5150.5, 4904.5, 4987.6, 286515, 407643
2026/2/5, 00:00:00, 5033.9, 5082.2, 4814.3, 4925.0, 267752, 400952
2026/2/6, 00:00:00, 4841.5, 5031.6, 4705.9, 5017.0, 207979, 401609
2026/2/9, 00:00:00, 5040.3, 5149.4, 5027.4, 5117.8, 153802, 404446
2026/2/10, 00:00:00, 5128.1, 5139.6, 5059.6, 5069.0, 125161, 404391
2026/2/11, 00:00:00, 5086.4, 5182.3, 5075.9, 5137.2, 161587, 408069
2026/2/12, 00:00:00, 5154.8, 5161.6, 4937.0, 4986.1, 188691, 406408
2026/2/13, 00:00:00, 4947.4, 5105.1, 4947.4, 5083.9, 145433, 408683
2026/2/17, 00:00:00, 5107.1, 5107.1, 4893.2, 4942.5, 188205, 407078
2026/2/18, 00:00:00, 4910.0, 5069.0, 4909.9, 5046.9, 113624, 410177
2026/2/19, 00:00:00, 5016.0, 5080.3, 5009.2, 5035.1, 97684, 409585
2026/2/20, 00:00:00, 5055.4, 5168.8, 5037.8, 5119.6, 151822, 416190
2026/2/23, 00:00:00, 5171.8, 5296.3, 5167.0, 5265.5, 155403, 417008
2026/2/24, 00:00:00, 5286.2, 5307.0, 5149.3, 5215.8, 163960, 420182
2026/2/25, 00:00:00, 5186.7, 5276.6, 5175.2, 5266.1, 124389, 404069
2026/2/26, 00:00:00, 5215.0, 5261.3, 5184.8, 5233.7, 148348, 407015
2026/2/27, 00:00:00, 5245.2, 5338.8, 5224.9, 5287.6, 168610, 409142
2026/3/2, 00:00:00, 5385.2, 5474.4, 5313.6, 5351.7, 254002, 409669
2026/3/3, 00:00:00, 5388.0, 5434.0, 5043.1, 5162.2, 316434, 409789
2026/3/4, 00:00:00, 5158.2, 5256.9, 5148.5, 5173.3, 168700, 413734
2026/3/5, 00:00:00, 5199.0, 5241.5, 5097.9, 5117.0, 182546, 411477
2026/3/6, 00:00:00, 5150.0, 5222.8, 5110.6, 5197.9, 209752, 405841
2026/3/9, 00:00:00, 5236.0, 5244.3, 5060.0, 5142.7, 229480, 404829
2026/3/10, 00:00:00, 5192.8, 5288.0, 5167.2, 5281.5, 237025, 413956
2026/3/11, 00:00:00, 5234.4, 5269.5, 5195.2, 5218.1, 194460, 415682
2026/3/12, 00:00:00, 5227.6, 5236.6, 5096.5, 5163.8, 200042, 422948
2026/3/13, 00:00:00, 5119.2, 5169.6, 5051.1, 5098.9, 195280, 419030
2026/3/16, 00:00:00, 5049.3, 5082.0, 5009.5, 5039.4, 212889, 412183
2026/3/17, 00:00:00, 5049.1, 5085.0, 5014.4, 5045.6, 148107, 411388
2026/3/18, 00:00:00, 5046.6, 5058.4, 4846.6, 4932.9, 260784, 412001
2026/3/19, 00:00:00, 4860.5, 4903.3, 4843.4, 4884.5, 15264, 0
