Date, Time, Open, High, Low, Last, Volume, NumberOfTrades, BidVolume, AskVolume
2026/2/17, 23:00:00, 4910.0, 4929.0, 4909.9, 4909.9, 30, 26, 14, 16
2026/2/18, 00:00:00, 4922.0, 4935.9, 4916.7, 4927.8, 26, 26, 16, 10
2026/2/18, 01:00:00, 4938.0, 4948.2, 4937.6, 4942.3, 45, 41, 16, 29
2026/2/18, 02:00:00, 4945.1, 4961.0, 4944.8, 4959.3, 79, 73, 47, 32
2026/2/18, 03:00:00, 4962.0, 4975.9, 4962.0, 4975.1, 30, 28, 21, 9
2026/2/18, 04:00:00, 4974.6, 4998.0, 4974.6, 4989.8, 42, 41, 20, 22
2026/2/18, 05:00:00, 4992.1, 4995.0, 4986.7, 4990.3, 31, 29, 26, 5
2026/2/18, 06:00:00, 4989.3, 4991.2, 4981.3, 4988.5, 42, 36, 33, 9
2026/2/18, 07:00:00, 4990.3, 4998.0, 4986.0, 4987.9, 55, 55, 27, 28
2026/2/18, 08:00:00, 4987.6, 4989.0, 4975.0, 4975.0, 41, 35, 27, 14
2026/2/18, 09:00:00, 4976.0, 4979.1, 4970.0, 4976.8, 29, 24, 14, 15
2026/2/18, 10:00:00, 4979.0, 4982.1, 4967.7, 4972.1, 79, 68, 50, 29
2026/2/18, 11:00:00, 4971.5, 4973.8, 4964.0, 4969.0, 40, 32, 22, 18
2026/2/18, 12:00:00, 4972.0, 5004.5, 4972.0, 4997.8, 185, 147, 83, 102
2026/2/18, 13:00:00, 5002.8, 5025.6, 5001.5, 5011.4, 244, 215, 110, 134
2026/2/18, 14:00:00, 5012.5, 5052.6, 5010.9, 5049.9, 295, 263, 133, 162
2026/2/18, 15:00:00, 5051.9, 5066.4, 5049.6, 5055.0, 236, 206, 123, 113
2026/2/18, 16:00:00, 5055.2, 5069.0, 5050.3, 5058.5, 178, 144, 124, 54
2026/2/18, 17:00:00, 5058.7, 5060.0, 5052.4, 5057.5, 92, 86, 43, 49
2026/2/18, 18:00:00, 5057.5, 5061.3, 5039.0, 5044.2, 248, 227, 144, 104
2026/2/18, 19:00:00, 5045.4, 5053.1, 5031.7, 5038.4, 134, 109, 60, 74
2026/2/18, 20:00:00, 5037.8, 5044.2, 5036.5, 5042.8, 49, 44, 18, 31
2026/2/18, 21:00:00, 5043.0, 5043.0, 5034.1, 5035.3, 8, 6, 2, 6
2026/2/18, 23:00:00, 5016.0, 5043.1, 5009.2, 5026.2, 54, 48, 26, 28
2026/2/19, 00:00:00, 5030.0, 5030.1, 5018.5, 5019.9, 19, 18, 8, 11
2026/2/19, 01:00:00, 5022.5, 5027.0, 5016.6, 5027.0, 31, 29, 15, 16
2026/2/19, 02:00:00, 5031.1, 5033.3, 5022.9, 5028.5, 61, 47, 33, 28
2026/2/19, 03:00:00, 5023.1, 5038.7, 5023.0, 5038.7, 63, 50, 50, 13
2026/2/19, 04:00:00, 5036.3, 5039.2, 5032.9, 5034.8, 24, 24, 9, 15
2026/2/19, 05:00:00, 5040.6, 5055.0, 5040.6, 5054.1, 100, 73, 35, 65
2026/2/19, 06:00:00, 5055.1, 5075.1, 5053.1, 5074.0, 131, 116, 52, 79
2026/2/19, 07:00:00, 5075.1, 5075.9, 5065.0, 5067.1, 41, 37, 31, 10
2026/2/19, 08:00:00, 5066.0, 5077.7, 5062.8, 5073.5, 69, 58, 27, 42
2026/2/19, 09:00:00, 5072.5, 5075.8, 5050.1, 5052.0, 122, 95, 78, 44
2026/2/19, 10:00:00, 5048.8, 5050.6, 5040.9, 5046.5, 137, 94, 67, 70
2026/2/19, 11:00:00, 5048.1, 5053.3, 5035.1, 5040.5, 158, 115, 72, 86
2026/2/19, 12:00:00, 5043.0, 5048.7, 5037.8, 5042.6, 89, 65, 57, 32
2026/2/19, 13:00:00, 5042.8, 5056.0, 5029.4, 5056.0, 244, 199, 88, 156
2026/2/19, 14:00:00, 5049.8, 5067.3, 5021.3, 5061.8, 347, 278, 142, 205
2026/2/19, 15:00:00, 5061.5, 5080.3, 5053.6, 5069.7, 349, 298, 178, 171
2026/2/19, 16:00:00, 5070.5, 5070.5, 5047.3, 5052.8, 122, 113, 78, 44
2026/2/19, 17:00:00, 5051.3, 5058.4, 5040.5, 5040.5, 74, 69, 45, 29
2026/2/19, 18:00:00, 5041.2, 5045.9, 5033.5, 5037.6, 175, 152, 85, 90
2026/2/19, 19:00:00, 5039.1, 5046.8, 5035.2, 5042.5, 46, 44, 17, 29
2026/2/19, 20:00:00, 5045.6, 5059.0, 5045.6, 5057.8, 56, 54, 30, 26
2026/2/19, 21:00:00, 5058.5, 5058.6, 5048.1, 5052.5, 47, 37, 18, 29
2026/2/19, 23:00:00, 5055.4, 5063.9, 5046.3, 5046.3, 25, 23, 15, 10
2026/2/20, 00:00:00, 5050.4, 5062.9, 5048.0, 5062.8, 12, 12, 3, 9
2026/2/20, 01:00:00, 5065.1, 5070.0, 5050.8, 5055.0, 16, 16, 10, 6
2026/2/20, 02:00:00, 5053.3, 5059.0, 5049.0, 5051.4, 35, 31, 15, 20
2026/2/20, 03:00:00, 5047.5, 5051.4, 5037.8, 5042.9, 35, 33, 16, 19
2026/2/20, 04:00:00, 5047.1, 5056.9, 5047.1, 5054.8, 20, 20, 13, 7
2026/2/20, 05:00:00, 5055.6, 5067.9, 5054.2, 5067.9, 82, 68, 12, 70
2026/2/20, 06:00:00, 5071.2, 5086.4, 5069.7, 5079.2, 127, 112, 61, 66
2026/2/20, 07:00:00, 5075.9, 5084.0, 5064.3, 5065.5, 79, 64, 38, 41
2026/2/20, 08:00:00, 5066.3, 5088.0, 5063.3, 5088.0, 103, 85, 38, 65
2026/2/20, 09:00:00, 5086.7, 5100.8, 5084.9, 5084.9, 136, 111, 78, 58
2026/2/20, 10:00:00, 5085.1, 5096.0, 5078.4, 5094.3, 108, 94, 48, 60
2026/2/20, 11:00:00, 5092.7, 5092.7, 5073.6, 5073.7, 75, 60, 44, 31
2026/2/20, 12:00:00, 5075.6, 5082.5, 5065.6, 5082.5, 92, 84, 47, 45
2026/2/20, 13:00:00, 5082.6, 5106.8, 5078.3, 5102.9, 182, 142, 70, 112
2026/2/20, 14:00:00, 5098.6, 5118.3, 5095.4, 5110.7, 289, 242, 106, 183
2026/2/20, 15:00:00, 5113.6, 5122.1, 5043.9, 5099.1, 766, 640, 342, 424
2026/2/20, 16:00:00, 5101.0, 5128.0, 5096.7, 5125.0, 231, 200, 92, 139
2026/2/20, 17:00:00, 5125.1, 5135.4, 5114.5, 5134.3, 156, 137, 78, 78
2026/2/20, 18:00:00, 5131.3, 5135.0, 5113.7, 5132.3, 230, 209, 101, 129
2026/2/20, 19:00:00, 5132.1, 5142.5, 5131.0, 5141.7, 129, 94, 66, 63
2026/2/20, 20:00:00, 5141.3, 5159.4, 5138.9, 5159.1, 159, 126, 72, 87
2026/2/20, 21:00:00, 5159.0, 5168.8, 5154.5, 5168.6, 93, 78, 43, 50
2026/2/22, 23:00:00, 5171.8, 5233.0, 5167.0, 5227.5, 151, 133, 58, 93
2026/2/23, 00:00:00, 5226.8, 5226.8, 5192.7, 5205.3, 111, 99, 65, 46
2026/2/23, 01:00:00, 5205.9, 5228.3, 5205.9, 5221.0, 50, 45, 24, 26
2026/2/23, 02:00:00, 5221.9, 5238.3, 5220.1, 5233.1, 99, 90, 55, 44
2026/2/23, 03:00:00, 5236.6, 5236.6, 5213.1, 5228.7, 183, 128, 121, 62
2026/2/23, 04:00:00, 5225.7, 5226.4, 5217.6, 5221.5, 44, 43, 30, 14
2026/2/23, 05:00:00, 5221.8, 5222.0, 5213.7, 5218.9, 48, 42, 31, 17
2026/2/23, 06:00:00, 5219.3, 5222.5, 5206.3, 5206.3, 74, 59, 35, 39
2026/2/23, 07:00:00, 5204.9, 5213.9, 5185.0, 5197.5, 167, 128, 104, 63
2026/2/23, 08:00:00, 5196.1, 5201.2, 5182.1, 5201.2, 105, 97, 35, 70
2026/2/23, 09:00:00, 5200.3, 5209.4, 5200.3, 5209.4, 100, 90, 32, 68
2026/2/23, 10:00:00, 5210.1, 5224.0, 5205.6, 5222.8, 164, 146, 66, 98
2026/2/23, 11:00:00, 5223.7, 5223.7, 5207.1, 5212.4, 109, 101, 54, 55
2026/2/23, 12:00:00, 5209.2, 5225.6, 5205.7, 5224.4, 113, 103, 43, 70
2026/2/23, 13:00:00, 5224.4, 5224.4, 5204.5, 5205.3, 175, 147, 55, 120
2026/2/23, 14:00:00, 5205.1, 5261.0, 5201.8, 5252.0, 351, 320, 131, 220
2026/2/23, 15:00:00, 5253.1, 5265.8, 5242.0, 5257.2, 502, 395, 166, 336
2026/2/23, 16:00:00, 5255.0, 5280.0, 5237.4, 5270.7, 301, 234, 102, 199
2026/2/23, 17:00:00, 5269.2, 5273.4, 5252.0, 5267.3, 213, 186, 110, 103
2026/2/23, 18:00:00, 5267.5, 5275.3, 5261.2, 5271.0, 347, 311, 246, 101
2026/2/23, 19:00:00, 5268.0, 5278.0, 5267.9, 5276.1, 131, 93, 59, 72
2026/2/23, 20:00:00, 5280.0, 5296.3, 5279.8, 5295.3, 106, 88, 29, 77
2026/2/23, 21:00:00, 5294.4, 5295.1, 5288.0, 5288.0, 55, 52, 33, 22
2026/2/23, 23:00:00, 5286.2, 5307.0, 5286.2, 5297.2, 53, 44, 29, 24
2026/2/24, 00:00:00, 5288.7, 5297.0, 5277.9, 5281.4, 50, 48, 31, 19
2026/2/24, 01:00:00, 5282.3, 5282.3, 5206.0, 5235.2, 285, 249, 145, 140
2026/2/24, 02:00:00, 5235.4, 5249.9, 5226.5, 5249.9, 94, 86, 34, 60
2026/2/24, 03:00:00, 5249.0, 5249.1, 5232.9, 5233.2, 44, 39, 35, 9
2026/2/24, 04:00:00, 5228.0, 5234.4, 5221.7, 5228.0, 47, 45, 24, 23
2026/2/24, 05:00:00, 5227.8, 5242.5, 5227.0, 5242.2, 77, 57, 50, 27
2026/2/24, 06:00:00, 5241.2, 5243.7, 5215.0, 5228.5, 172, 131, 79, 93
2026/2/24, 07:00:00, 5228.9, 5243.0, 5224.1, 5237.7, 83, 77, 32, 51
2026/2/24, 08:00:00, 5236.8, 5241.1, 5224.9, 5232.1, 85, 76, 33, 52
2026/2/24, 09:00:00, 5234.2, 5238.3, 5225.9, 5226.0, 25, 21, 14, 11
2026/2/24, 10:00:00, 5232.3, 5239.1, 5222.7, 5231.7, 54, 49, 18, 36
2026/2/24, 11:00:00, 5233.0, 5235.8, 5231.6, 5233.9, 21, 19, 16, 5
2026/2/24, 12:00:00, 5230.3, 5231.2, 5204.0, 5211.8, 129, 123, 75, 54
2026/2/24, 13:00:00, 5212.6, 5218.4, 5166.4, 5169.7, 656, 482, 392, 264
2026/2/24, 14:00:00, 5172.7, 5195.0, 5149.3, 5185.0, 635, 491, 261, 374
2026/2/24, 15:00:00, 5181.0, 5211.8, 5176.8, 5206.7, 237, 179, 126, 111
2026/2/24, 16:00:00, 5208.5, 5209.0, 5188.8, 5196.6, 100, 91, 52, 48
2026/2/24, 17:00:00, 5199.5, 5221.1, 5199.5, 5221.1, 113, 89, 36, 77
2026/2/24, 18:00:00, 5226.3, 5227.3, 5213.9, 5219.2, 137, 108, 77, 60
2026/2/24, 19:00:00, 5215.4, 5215.4, 5205.9, 5212.7, 24, 24, 12, 12
2026/2/24, 20:00:00, 5206.5, 5229.0, 5206.1, 5221.6, 67, 59, 29, 38
2026/2/24, 21:00:00, 5223.0, 5223.0, 5197.7, 5201.0, 55, 37, 41, 14
2026/2/24, 23:00:00, 5186.7, 5208.6, 5175.2, 5208.6, 100, 47, 56, 44
2026/2/25, 00:00:00, 5201.2, 5209.0, 5196.5, 5209.0, 34, 27, 25, 9
2026/2/25, 01:00:00, 5210.0, 5246.8, 5204.0, 5234.8, 87, 74, 46, 41
2026/2/25, 02:00:00, 5236.6, 5251.1, 5224.0, 5238.5, 145, 129, 72, 73
2026/2/25, 03:00:00, 5240.8, 5247.0, 5237.7, 5242.3, 69, 64, 34, 35
2026/2/25, 04:00:00, 5238.4, 5242.5, 5229.2, 5240.7, 39, 35, 22, 17
2026/2/25, 05:00:00, 5241.8, 5268.7, 5241.8, 5260.9, 112, 103, 58, 54
2026/2/25, 06:00:00, 5258.1, 5258.1, 5242.0, 5251.0, 53, 49, 35, 18
2026/2/25, 07:00:00, 5249.7, 5249.7, 5239.7, 5239.7, 34, 25, 25, 9
2026/2/25, 08:00:00, 5247.7, 5253.3, 5243.4, 5243.4, 33, 21, 12, 21
2026/2/25, 09:00:00, 5239.6, 5252.1, 5234.4, 5252.0, 43, 37, 20, 23
2026/2/25, 10:00:00, 5248.9, 5248.9, 5228.1, 5231.0, 47, 40, 29, 18
2026/2/25, 11:00:00, 5232.9, 5239.4, 5212.8, 5239.4, 68, 58, 30, 38
2026/2/25, 12:00:00, 5238.9, 5244.7, 5236.1, 5240.3, 43, 37, 23, 20
2026/2/25, 13:00:00, 5241.7, 5249.0, 5240.4, 5244.2, 65, 55, 39, 26
2026/2/25, 14:00:00, 5243.1, 5250.4, 5216.8, 5248.6, 194, 139, 56, 138
2026/2/25, 15:00:00, 5251.0, 5259.1, 5231.2, 5254.3, 137, 125, 70, 67
2026/2/25, 16:00:00, 5256.2, 5272.0, 5249.7, 5269.6, 93, 82, 55, 38
2026/2/25, 17:00:00, 5268.7, 5276.6, 5262.8, 5265.9, 172, 136, 104, 68
2026/2/25, 19:00:00, 5266.0, 5268.2, 5261.7, 5263.1, 59, 48, 18, 41
2026/2/25, 20:00:00, 5264.0, 5264.1, 5203.2, 5210.0, 204, 194, 121, 83
2026/2/25, 21:00:00, 5211.1, 5230.5, 5209.7, 5221.2, 97, 95, 48, 49
2026/2/25, 23:00:00, 5215.0, 5237.7, 5215.0, 5219.6, 115, 104, 63, 52
2026/2/26, 00:00:00, 5218.9, 5245.6, 5210.7, 5240.1, 115, 93, 69, 46
2026/2/26, 01:00:00, 5244.2, 5252.8, 5234.2, 5247.0, 79, 68, 41, 38
2026/2/26, 02:00:00, 5248.5, 5250.7, 5229.6, 5234.9, 30, 29, 13, 17
2026/2/26, 03:00:00, 5242.0, 5247.9, 5240.0, 5247.6, 28, 25, 10, 18
2026/2/26, 04:00:00, 5248.9, 5254.6, 5247.0, 5247.9, 31, 25, 22, 9
2026/2/26, 05:00:00, 5248.5, 5261.3, 5245.6, 5252.9, 118, 73, 64, 54
2026/2/26, 06:00:00, 5250.6, 5253.8, 5246.2, 5246.2, 17, 17, 11, 6
2026/2/26, 07:00:00, 5246.5, 5246.5, 5237.0, 5237.1, 19, 18, 9, 10
2026/2/26, 08:00:00, 5242.7, 5246.7, 5223.2, 5234.9, 108, 69, 81, 27
2026/2/26, 09:00:00, 5232.0, 5243.7, 5232.0, 5243.2, 16, 15, 4, 12
2026/2/26, 10:00:00, 5242.2, 5245.7, 5221.5, 5221.5, 61, 58, 20, 41
2026/2/26, 11:00:00, 5230.8, 5230.8, 5217.9, 5219.1, 25, 22, 17, 8
2026/2/26, 12:00:00, 5222.4, 5240.0, 5213.6, 5237.0, 107, 88, 67, 40
2026/2/26, 13:00:00, 5239.9, 5240.0, 5220.3, 5224.0, 128, 82, 61, 67
2026/2/26, 14:00:00, 5219.9, 5231.1, 5195.7, 5220.7, 288, 222, 165, 123
2026/2/26, 15:00:00, 5219.3, 5248.4, 5184.8, 5242.5, 269, 214, 145, 124
2026/2/26, 16:00:00, 5239.6, 5242.3, 5230.4, 5236.3, 130, 94, 59, 71
2026/2/26, 17:00:00, 5236.0, 5246.1, 5219.6, 5223.7, 138, 99, 71, 67
2026/2/26, 18:00:00, 5225.0, 5241.4, 5216.4, 5236.1, 230, 188, 117, 113
2026/2/26, 19:00:00, 5237.0, 5250.0, 5237.0, 5246.1, 48, 32, 30, 18
2026/2/26, 20:00:00, 5248.2, 5256.8, 5248.2, 5253.6, 90, 61, 25, 65
2026/2/26, 21:00:00, 5256.7, 5256.7, 5240.8, 5241.0, 25, 24, 10, 15
2026/2/26, 23:00:00, 5245.2, 5245.2, 5237.0, 5240.6, 27, 25, 11, 16
2026/2/27, 00:00:00, 5238.6, 5248.7, 5229.4, 5230.0, 24, 24, 14, 10
2026/2/27, 01:00:00, 5230.1, 5249.0, 5225.0, 5249.0, 68, 50, 34, 34
2026/2/27, 02:00:00, 5250.0, 5252.3, 5232.5, 5237.3, 93, 63, 52, 41
2026/2/27, 03:00:00, 5240.5, 5246.0, 5237.4, 5244.5, 49, 35, 29, 20
2026/2/27, 04:00:00, 5240.6, 5243.4, 5237.5, 5240.9, 66, 28, 17, 49
2026/2/27, 05:00:00, 5237.2, 5255.9, 5237.2, 5255.0, 49, 34, 40, 9
2026/2/27, 06:00:00, 5253.3, 5255.0, 5241.7, 5241.7, 96, 66, 41, 55
2026/2/27, 07:00:00, 5244.2, 5244.7, 5233.1, 5233.7, 47, 39, 13, 34
2026/2/27, 08:00:00, 5233.2, 5237.0, 5230.5, 5236.0, 63, 35, 37, 26
2026/2/27, 09:00:00, 5233.2, 5238.3, 5228.0, 5231.3, 79, 54, 50, 29
2026/2/27, 10:00:00, 5232.5, 5236.0, 5225.0, 5232.9, 99, 73, 64, 35
2026/2/27, 11:00:00, 5232.6, 5239.8, 5228.4, 5239.8, 34, 24, 12, 22
2026/2/27, 12:00:00, 5243.3, 5246.1, 5241.6, 5244.0, 120, 84, 35, 85
2026/2/27, 13:00:00, 5244.4, 5299.3, 5244.4, 5280.2, 496, 386, 201, 295
2026/2/27, 14:00:00, 5282.8, 5293.6, 5271.0, 5281.6, 179, 151, 99, 80
2026/2/27, 15:00:00, 5281.5, 5304.4, 5274.0, 5298.3, 363, 279, 158, 205
2026/2/27, 16:00:00, 5298.3, 5315.2, 5281.5, 5286.9, 252, 223, 111, 141
2026/2/27, 17:00:00, 5288.2, 5294.0, 5278.9, 5291.3, 148, 129, 95, 53
2026/2/27, 18:00:00, 5294.1, 5304.1, 5280.0, 5303.0, 190, 166, 120, 70
2026/2/27, 19:00:00, 5303.4, 5309.3, 5298.8, 5308.8, 65, 53, 28, 37
2026/2/27, 20:00:00, 5308.8, 5323.4, 5307.3, 5322.0, 114, 82, 48, 66
2026/2/27, 21:00:00, 5320.5, 5338.8, 5316.0, 5336.0, 46, 36, 23, 23
2026/3/1, 23:00:00, 5385.2, 5450.0, 5365.0, 5444.9, 425, 357, 204, 221
2026/3/2, 00:00:00, 5442.5, 5442.5, 5396.6, 5406.5, 168, 136, 103, 65
2026/3/2, 01:00:00, 5400.0, 5400.0, 5358.0, 5377.8, 277, 232, 173, 104
2026/3/2, 02:00:00, 5379.3, 5404.1, 5372.0, 5401.0, 106, 94, 48, 58
2026/3/2, 03:00:00, 5402.0, 5418.0, 5397.9, 5418.0, 50, 48, 22, 28
2026/3/2, 04:00:00, 5419.2, 5420.4, 5399.8, 5407.3, 63, 58, 33, 30
2026/3/2, 05:00:00, 5408.5, 5420.6, 5399.2, 5419.4, 99, 88, 32, 67
2026/3/2, 06:00:00, 5419.4, 5443.2, 5418.4, 5440.1, 170, 134, 78, 92
2026/3/2, 07:00:00, 5441.8, 5474.4, 5440.0, 5460.8, 276, 222, 117, 159
2026/3/2, 08:00:00, 5463.9, 5472.0, 5447.9, 5448.5, 278, 218, 154, 124
2026/3/2, 09:00:00, 5450.6, 5459.0, 5441.6, 5447.0, 88, 78, 46, 42
2026/3/2, 10:00:00, 5445.4, 5455.0, 5435.2, 5440.2, 66, 59, 38, 28
2026/3/2, 11:00:00, 5447.3, 5454.8, 5427.8, 5439.2, 103, 92, 73, 30
2026/3/2, 12:00:00, 5438.2, 5453.9, 5438.2, 5453.4, 105, 89, 47, 58
2026/3/2, 13:00:00, 5452.2, 5471.8, 5437.8, 5450.6, 340, 288, 174, 166
2026/3/2, 14:00:00, 5445.0, 5445.0, 5360.0, 5385.4, 806, 647, 403, 403
2026/3/2, 15:00:00, 5386.7, 5403.3, 5362.2, 5371.0, 366, 321, 183, 183
2026/3/2, 16:00:00, 5367.0, 5368.1, 5313.6, 5344.9, 724, 584, 371, 353
2026/3/2, 17:00:00, 5343.0, 5375.2, 5340.8, 5362.4, 178, 166, 80, 98
2026/3/2, 18:00:00, 5360.7, 5367.5, 5343.4, 5365.7, 188, 176, 85, 103
2026/3/2, 19:00:00, 5374.3, 5387.2, 5374.3, 5385.1, 102, 72, 49, 53
2026/3/2, 20:00:00, 5385.0, 5400.2, 5383.2, 5388.0, 72, 61, 37, 35
2026/3/2, 21:00:00, 5390.4, 5394.0, 5377.6, 5378.2, 22, 22, 10, 12
2026/3/2, 23:00:00, 5388.0, 5400.0, 5384.2, 5400.0, 85, 55, 26, 59
2026/3/3, 00:00:00, 5398.7, 5416.3, 5395.3, 5405.0, 46, 30, 21, 25
2026/3/3, 01:00:00, 5403.5, 5434.0, 5393.6, 5393.6, 206, 153, 132, 74
2026/3/3, 02:00:00, 5391.2, 5421.0, 5387.6, 5419.1, 68, 62, 30, 38
2026/3/3, 03:00:00, 5424.5, 5427.0, 5415.0, 5419.0, 30, 28, 16, 14
2026/3/3, 04:00:00, 5418.3, 5428.1, 5413.5, 5418.1, 21, 19, 12, 9
2026/3/3, 05:00:00, 5415.2, 5416.2, 5362.0, 5371.4, 149, 145, 109, 40
2026/3/3, 06:00:00, 5373.0, 5375.5, 5332.9, 5362.8, 212, 174, 126, 86
2026/3/3, 07:00:00, 5362.8, 5384.8, 5358.9, 5384.5, 134, 90, 56, 78
2026/3/3, 08:00:00, 5380.7, 5385.4, 5347.3, 5347.9, 126, 94, 67, 59
2026/3/3, 09:00:00, 5350.0, 5355.2, 5277.2, 5325.9, 451, 344, 227, 224
2026/3/3, 10:00:00, 5326.2, 5340.0, 5287.1, 5301.1, 195, 164, 108, 87
2026/3/3, 11:00:00, 5300.4, 5314.4, 5120.0, 5193.7, 1259, 951, 680, 579
2026/3/3, 12:00:00, 5193.7, 5275.4, 5188.3, 5273.5, 1155, 647, 383, 772
2026/3/3, 13:00:00, 5271.4, 5271.4, 5177.6, 5205.8, 703, 579, 413, 290
2026/3/3, 14:00:00, 5207.2, 5224.8, 5064.0, 5083.9, 2329, 1548, 924, 1405
2026/3/3, 15:00:00, 5084.4, 5145.0, 5043.1, 5143.6, 1150, 931, 566, 584
2026/3/3, 16:00:00, 5143.8, 5182.9, 5142.0, 5156.6, 234, 212, 118, 116
2026/3/3, 17:00:00, 5156.1, 5157.0, 5114.3, 5129.8, 318, 238, 154, 164
2026/3/3, 18:00:00, 5137.6, 5187.9, 5136.4, 5182.0, 164, 146, 82, 82
2026/3/3, 19:00:00, 5186.1, 5200.0, 5151.8, 5161.8, 93, 82, 33, 60
2026/3/3, 20:00:00, 5170.9, 5177.2, 5137.4, 5145.0, 161, 113, 71, 90
2026/3/3, 21:00:00, 5144.3, 5158.2, 5133.3, 5137.8, 72, 68, 38, 34
2026/3/3, 23:00:00, 5158.2, 5175.4, 5151.0, 5169.5, 38, 35, 14, 24
2026/3/4, 00:00:00, 5157.9, 5187.7, 5157.9, 5186.5, 42, 38, 17, 25
2026/3/4, 01:00:00, 5187.0, 5224.0, 5187.0, 5223.1, 173, 144, 95, 78
2026/3/4, 02:00:00, 5223.0, 5238.6, 5202.6, 5203.7, 168, 131, 76, 92
2026/3/4, 03:00:00, 5206.2, 5224.2, 5191.2, 5222.0, 180, 129, 77, 103
2026/3/4, 04:00:00, 5223.1, 5223.1, 5200.0, 5202.3, 48, 47, 34, 14
2026/3/4, 05:00:00, 5203.8, 5215.6, 5199.9, 5209.7, 51, 49, 36, 15
2026/3/4, 06:00:00, 5201.8, 5206.6, 5169.2, 5206.6, 188, 148, 130, 58
2026/3/4, 07:00:00, 5213.1, 5223.8, 5212.7, 5218.5, 69, 55, 27, 42
2026/3/4, 08:00:00, 5217.7, 5230.7, 5197.6, 5216.1, 135, 93, 74, 61
2026/3/4, 09:00:00, 5212.6, 5234.0, 5210.0, 5230.7, 53, 44, 30, 23
2026/3/4, 10:00:00, 5234.1, 5252.0, 5232.7, 5242.5, 174, 146, 86, 88
2026/3/4, 11:00:00, 5240.4, 5251.0, 5240.0, 5244.5, 74, 55, 28, 46
2026/3/4, 12:00:00, 5244.1, 5256.9, 5207.3, 5220.5, 140, 99, 77, 63
2026/3/4, 13:00:00, 5221.8, 5246.3, 5216.3, 5216.3, 236, 163, 128, 108
2026/3/4, 14:00:00, 5218.7, 5232.7, 5187.1, 5197.6, 324, 269, 134, 190
2026/3/4, 15:00:00, 5192.3, 5215.5, 5181.6, 5197.4, 283, 241, 156, 127
2026/3/4, 16:00:00, 5204.0, 5208.4, 5187.4, 5199.4, 110, 96, 66, 44
2026/3/4, 17:00:00, 5196.9, 5202.5, 5171.4, 5191.9, 153, 126, 64, 89
2026/3/4, 18:00:00, 5192.7, 5192.7, 5159.1, 5180.3, 196, 172, 110, 86
2026/3/4, 19:00:00, 5184.7, 5186.1, 5174.1, 5186.1, 37, 27, 28, 9
2026/3/4, 20:00:00, 5186.1, 5192.3, 5175.2, 5186.1, 55, 50, 25, 30
2026/3/4, 21:00:00, 5187.5, 5195.0, 5181.6, 5190.5, 19, 17, 10, 9
2026/3/4, 23:00:00, 5199.0, 5212.3, 5198.4, 5209.1, 29, 21, 18, 11
2026/3/5, 00:00:00, 5211.4, 5229.9, 5211.3, 5220.1, 26, 24, 10, 16
2026/3/5, 01:00:00, 5221.1, 5235.1, 5216.0, 5221.8, 98, 85, 49, 49
2026/3/5, 02:00:00, 5222.6, 5240.3, 5221.6, 5240.3, 51, 43, 26, 25
2026/3/5, 03:00:00, 5240.4, 5241.5, 5226.9, 5226.9, 35, 35, 19, 16
2026/3/5, 04:00:00, 5225.0, 5232.9, 5215.0, 5218.3, 33, 31, 14, 19
2026/3/5, 05:00:00, 5217.5, 5223.1, 5198.1, 5200.4, 57, 53, 38, 19
2026/3/5, 06:00:00, 5194.4, 5213.9, 5168.9, 5213.9, 150, 121, 83, 67
2026/3/5, 07:00:00, 5213.9, 5217.2, 5207.8, 5208.1, 47, 39, 20, 27
2026/3/5, 08:00:00, 5209.7, 5218.3, 5186.2, 5217.1, 94, 78, 55, 39
2026/3/5, 09:00:00, 5211.7, 5230.6, 5201.8, 5210.5, 127, 110, 51, 76
2026/3/5, 10:00:00, 5205.8, 5215.9, 5196.2, 5215.5, 78, 69, 44, 34
2026/3/5, 11:00:00, 5214.2, 5217.3, 5208.9, 5211.3, 32, 26, 20, 12
2026/3/5, 12:00:00, 5215.7, 5220.2, 5211.4, 5211.8, 45, 35, 17, 28
2026/3/5, 13:00:00, 5211.7, 5211.7, 5125.9, 5165.1, 625, 529, 347, 278
2026/3/5, 14:00:00, 5170.1, 5176.8, 5137.4, 5150.0, 219, 178, 105, 114
2026/3/5, 15:00:00, 5153.2, 5165.3, 5105.7, 5150.5, 356, 296, 179, 177
2026/3/5, 16:00:00, 5150.2, 5152.0, 5101.7, 5124.6, 148, 132, 89, 59
2026/3/5, 17:00:00, 5122.9, 5135.2, 5101.7, 5109.0, 127, 119, 59, 68
2026/3/5, 18:00:00, 5109.0, 5129.5, 5097.9, 5116.2, 137, 121, 76, 61
2026/3/5, 19:00:00, 5115.6, 5125.0, 5102.2, 5112.2, 59, 51, 35, 24
2026/3/5, 20:00:00, 5114.9, 5141.4, 5110.3, 5125.1, 574, 296, 43, 531
2026/3/5, 21:00:00, 5124.6, 5132.6, 5120.0, 5127.9, 36, 28, 22, 14
2026/3/5, 23:00:00, 5150.0, 5150.0, 5134.1, 5136.3, 93, 83, 49, 44
2026/3/6, 00:00:00, 5130.0, 5138.8, 5123.1, 5132.1, 37, 36, 21, 16
2026/3/6, 01:00:00, 5128.3, 5187.2, 5113.2, 5186.0, 167, 154, 80, 87
2026/3/6, 02:00:00, 5180.4, 5181.4, 5169.0, 5170.7, 75, 69, 36, 39
2026/3/6, 03:00:00, 5173.3, 5188.0, 5171.5, 5179.7, 103, 84, 71, 32
2026/3/6, 04:00:00, 5179.6, 5183.1, 5178.1, 5181.9, 13, 13, 5, 8
2026/3/6, 05:00:00, 5172.3, 5176.5, 5162.0, 5162.6, 34, 33, 23, 11
2026/3/6, 06:00:00, 5163.9, 5170.2, 5158.1, 5163.2, 37, 34, 24, 13
2026/3/6, 07:00:00, 5163.9, 5166.4, 5153.7, 5165.9, 34, 33, 18, 16
2026/3/6, 08:00:00, 5167.0, 5167.3, 5145.6, 5157.9, 49, 43, 22, 27
2026/3/6, 09:00:00, 5156.2, 5156.2, 5132.2, 5132.2, 93, 77, 60, 33
2026/3/6, 10:00:00, 5126.0, 5139.4, 5122.7, 5139.3, 89, 71, 39, 50
2026/3/6, 11:00:00, 5131.9, 5146.9, 5110.6, 5123.1, 141, 103, 56, 85
2026/3/6, 12:00:00, 5126.1, 5143.3, 5126.1, 5130.0, 153, 112, 81, 72
2026/3/6, 13:00:00, 5129.2, 5177.6, 5112.4, 5132.3, 445, 387, 199, 246
2026/3/6, 14:00:00, 5128.9, 5178.6, 5128.3, 5177.3, 312, 266, 139, 173
2026/3/6, 15:00:00, 5177.9, 5219.9, 5177.9, 5191.8, 492, 387, 268, 224
2026/3/6, 16:00:00, 5190.0, 5201.2, 5175.0, 5188.6, 246, 207, 186, 60
2026/3/6, 17:00:00, 5188.6, 5199.1, 5179.4, 5189.0, 89, 80, 60, 29
2026/3/6, 18:00:00, 5188.2, 5215.1, 5187.3, 5211.0, 415, 338, 244, 171
2026/3/6, 19:00:00, 5211.9, 5222.4, 5205.8, 5209.4, 52, 46, 29, 23
2026/3/6, 20:00:00, 5206.0, 5209.1, 5198.9, 5200.1, 79, 70, 31, 48
2026/3/6, 21:00:00, 5203.8, 5222.8, 5203.0, 5219.6, 52, 41, 38, 14
2026/3/8, 22:00:00, 5236.0, 5244.3, 5154.0, 5179.6, 220, 190, 124, 96
2026/3/8, 23:00:00, 5179.7, 5183.2, 5088.8, 5118.9, 292, 217, 106, 186
2026/3/9, 00:00:00, 5118.0, 5124.7, 5073.9, 5094.2, 484, 330, 149, 335
2026/3/9, 01:00:00, 5087.1, 5130.0, 5060.0, 5117.1, 285, 237, 159, 126
2026/3/9, 02:00:00, 5115.0, 5144.4, 5104.9, 5141.5, 278, 198, 177, 101
2026/3/9, 03:00:00, 5139.4, 5145.4, 5128.9, 5136.1, 85, 65, 50, 35
2026/3/9, 04:00:00, 5133.0, 5140.7, 5131.5, 5134.5, 28, 26, 16, 12
2026/3/9, 05:00:00, 5131.8, 5186.2, 5126.0, 5170.1, 142, 130, 72, 70
2026/3/9, 06:00:00, 5170.0, 5178.2, 5143.7, 5144.4, 120, 101, 67, 53
2026/3/9, 07:00:00, 5140.1, 5152.8, 5135.2, 5144.7, 90, 80, 42, 48
2026/3/9, 08:00:00, 5147.6, 5156.7, 5135.6, 5141.3, 117, 94, 42, 75
2026/3/9, 09:00:00, 5143.6, 5178.8, 5143.6, 5150.8, 135, 118, 70, 65
2026/3/9, 10:00:00, 5153.8, 5157.8, 5129.5, 5139.1, 92, 85, 53, 39
2026/3/9, 11:00:00, 5140.8, 5142.4, 5127.2, 5135.9, 100, 82, 45, 55
2026/3/9, 12:00:00, 5136.7, 5158.5, 5136.7, 5142.7, 159, 124, 84, 75
2026/3/9, 13:00:00, 5142.9, 5158.0, 5113.8, 5120.8, 365, 294, 186, 179
2026/3/9, 14:00:00, 5120.0, 5162.7, 5106.4, 5143.2, 335, 286, 136, 199
2026/3/9, 15:00:00, 5140.8, 5150.5, 5127.9, 5147.8, 184, 160, 80, 104
2026/3/9, 16:00:00, 5147.3, 5158.0, 5142.5, 5153.5, 251, 210, 104, 147
2026/3/9, 17:00:00, 5152.4, 5152.4, 5137.9, 5144.8, 410, 352, 236, 174
2026/3/9, 18:00:00, 5144.3, 5175.1, 5140.7, 5172.9, 138, 117, 66, 72
2026/3/9, 19:00:00, 5174.2, 5193.5, 5167.5, 5190.9, 150, 120, 69, 81
2026/3/9, 20:00:00, 5193.9, 5196.7, 5183.1, 5186.1, 56, 37, 20, 36
2026/3/9, 22:00:00, 5192.8, 5201.0, 5167.2, 5201.0, 122, 93, 62, 60
2026/3/9, 23:00:00, 5201.9, 5204.1, 5186.0, 5187.0, 56, 43, 24, 32
2026/3/10, 00:00:00, 5185.0, 5188.4, 5174.9, 5179.6, 101, 71, 60, 41
2026/3/10, 01:00:00, 5182.8, 5234.1, 5180.1, 5231.4, 189, 160, 96, 93
2026/3/10, 02:00:00, 5233.7, 5234.1, 5212.0, 5214.4, 176, 150, 130, 46
2026/3/10, 03:00:00, 5214.4, 5220.8, 5203.9, 5206.0, 68, 66, 47, 21
2026/3/10, 04:00:00, 5202.5, 5213.0, 5201.7, 5211.4, 32, 23, 26, 6
2026/3/10, 05:00:00, 5217.2, 5226.7, 5214.1, 5226.5, 42, 38, 20, 22
2026/3/10, 06:00:00, 5225.6, 5227.9, 5219.8, 5222.4, 59, 47, 37, 22
2026/3/10, 07:00:00, 5223.1, 5228.0, 5208.4, 5228.0, 134, 92, 64, 70
2026/3/10, 08:00:00, 5230.3, 5242.4, 5224.6, 5231.2, 152, 127, 61, 91
2026/3/10, 09:00:00, 5229.4, 5237.3, 5229.4, 5233.8, 41, 39, 22, 19
2026/3/10, 10:00:00, 5229.0, 5230.8, 5204.9, 5223.1, 138, 115, 58, 80
2026/3/10, 11:00:00, 5225.3, 5238.7, 5220.6, 5222.9, 74, 68, 28, 46
2026/3/10, 12:00:00, 5220.0, 5237.4, 5212.4, 5234.8, 176, 138, 100, 76
2026/3/10, 13:00:00, 5237.4, 5278.4, 5237.4, 5252.4, 659, 438, 387, 272
2026/3/10, 14:00:00, 5255.0, 5263.6, 5234.4, 5258.3, 2019, 1045, 1239, 780
2026/3/10, 15:00:00, 5255.0, 5288.0, 5255.0, 5277.3, 639, 399, 273, 366
2026/3/10, 16:00:00, 5276.9, 5283.5, 5272.8, 5276.0, 189, 161, 101, 88
2026/3/10, 17:00:00, 5276.1, 5283.5, 5272.4, 5277.2, 648, 508, 359, 289
2026/3/10, 18:00:00, 5276.2, 5276.2, 5208.0, 5239.0, 473, 402, 255, 218
2026/3/10, 19:00:00, 5237.1, 5255.1, 5229.4, 5245.6, 113, 106, 59, 54
2026/3/10, 20:00:00, 5245.2, 5246.1, 5240.3, 5240.3, 28, 25, 18, 10
2026/3/10, 22:00:00, 5234.4, 5244.8, 5234.2, 5236.2, 40, 32, 25, 15
2026/3/10, 23:00:00, 5236.7, 5244.0, 5235.9, 5242.0, 42, 40, 15, 27
2026/3/11, 00:00:00, 5244.4, 5265.8, 5235.0, 5263.0, 105, 86, 39, 66
2026/3/11, 01:00:00, 5262.8, 5269.5, 5257.7, 5258.0, 142, 114, 76, 66
2026/3/11, 02:00:00, 5254.0, 5265.9, 5243.0, 5264.0, 64, 55, 32, 32
2026/3/11, 03:00:00, 5265.8, 5265.8, 5247.0, 5249.4, 53, 46, 32, 21
2026/3/11, 04:00:00, 5247.9, 5255.7, 5247.9, 5251.8, 18, 17, 15, 3
2026/3/11, 05:00:00, 5252.1, 5255.6, 5237.7, 5245.5, 183, 125, 149, 34
2026/3/11, 06:00:00, 5245.8, 5256.0, 5239.8, 5245.4, 76, 65, 45, 31
2026/3/11, 07:00:00, 5244.4, 5248.4, 5232.8, 5242.5, 107, 82, 71, 36
2026/3/11, 08:00:00, 5243.2, 5245.9, 5224.0, 5234.5, 154, 125, 67, 87
2026/3/11, 09:00:00, 5234.2, 5243.4, 5226.6, 5236.2, 133, 98, 66, 67
2026/3/11, 10:00:00, 5234.7, 5241.9, 5224.0, 5234.8, 134, 100, 72, 62
2026/3/11, 11:00:00, 5233.9, 5240.0, 5221.6, 5228.2, 83, 66, 44, 39
2026/3/11, 12:00:00, 5225.0, 5242.0, 5212.0, 5213.7, 224, 183, 128, 96
2026/3/11, 13:00:00, 5212.6, 5228.0, 5195.2, 5223.5, 458, 378, 276, 182
2026/3/11, 14:00:00, 5223.1, 5242.6, 5221.8, 5232.6, 648, 416, 426, 222
2026/3/11, 15:00:00, 5228.0, 5230.8, 5210.6, 5212.5, 272, 257, 167, 105
2026/3/11, 16:00:00, 5213.4, 5224.0, 5209.5, 5222.8, 195, 179, 147, 48
2026/3/11, 17:00:00, 5221.9, 5227.2, 5197.0, 5215.5, 601, 507, 377, 224
2026/3/11, 18:00:00, 5217.1, 5225.1, 5215.7, 5218.4, 318, 217, 131, 187
2026/3/11, 19:00:00, 5218.9, 5230.0, 5216.7, 5230.0, 139, 134, 116, 23
2026/3/11, 20:00:00, 5229.8, 5230.2, 5221.7, 5223.4, 33, 28, 18, 15
2026/3/11, 22:00:00, 5227.6, 5227.6, 5173.6, 5184.0, 119, 87, 73, 46
2026/3/11, 23:00:00, 5182.0, 5202.0, 5179.7, 5180.0, 209, 153, 132, 77
2026/3/12, 00:00:00, 5179.0, 5205.2, 5170.8, 5197.9, 95, 68, 36, 59
2026/3/12, 01:00:00, 5199.0, 5216.9, 5197.1, 5211.1, 100, 86, 34, 66
2026/3/12, 02:00:00, 5213.4, 5218.0, 5189.5, 5194.1, 137, 96, 59, 78
2026/3/12, 03:00:00, 5196.0, 5199.0, 5191.9, 5197.0, 142, 86, 73, 69
2026/3/12, 04:00:00, 5194.3, 5197.8, 5184.7, 5185.0, 91, 62, 43, 48
2026/3/12, 05:00:00, 5186.4, 5200.8, 5185.0, 5200.8, 39, 35, 16, 23
2026/3/12, 06:00:00, 5197.0, 5214.0, 5197.0, 5211.6, 63, 46, 41, 22
2026/3/12, 07:00:00, 5210.8, 5228.3, 5210.8, 5223.7, 142, 107, 55, 87
2026/3/12, 08:00:00, 5228.5, 5234.4, 5220.8, 5224.8, 117, 89, 56, 61
2026/3/12, 09:00:00, 5224.9, 5235.0, 5218.9, 5233.5, 100, 75, 65, 35
2026/3/12, 10:00:00, 5234.4, 5236.6, 5221.0, 5226.3, 83, 54, 40, 43
2026/3/12, 11:00:00, 5228.2, 5228.2, 5219.5, 5223.0, 49, 30, 27, 22
2026/3/12, 12:00:00, 5219.0, 5229.8, 5208.8, 5224.8, 161, 139, 56, 105
2026/3/12, 13:00:00, 5226.0, 5230.4, 5191.0, 5195.5, 442, 267, 265, 177
2026/3/12, 14:00:00, 5194.4, 5207.2, 5183.9, 5188.0, 384, 264, 248, 136
2026/3/12, 15:00:00, 5187.1, 5188.0, 5153.8, 5176.2, 572, 392, 229, 343
2026/3/12, 16:00:00, 5175.5, 5181.8, 5166.3, 5169.1, 131, 105, 63, 68
2026/3/12, 17:00:00, 5169.0, 5173.6, 5147.0, 5148.9, 439, 344, 224, 215
2026/3/12, 18:00:00, 5150.0, 5156.3, 5134.8, 5137.9, 227, 187, 75, 152
2026/3/12, 19:00:00, 5137.0, 5140.0, 5123.2, 5130.6, 361, 186, 249, 112
2026/3/12, 20:00:00, 5130.2, 5135.4, 5096.5, 5120.9, 1309, 701, 721, 588
2026/3/12, 22:00:00, 5119.2, 5136.0, 5115.3, 5136.0, 21, 21, 9, 12
2026/3/12, 23:00:00, 5136.6, 5141.8, 5134.8, 5140.6, 36, 24, 23, 13
2026/3/13, 00:00:00, 5141.1, 5153.8, 5139.7, 5153.3, 96, 69, 53, 43
2026/3/13, 01:00:00, 5158.8, 5166.0, 5150.2, 5166.0, 145, 118, 65, 80
2026/3/13, 02:00:00, 5168.0, 5169.6, 5151.9, 5151.9, 49, 41, 26, 23
2026/3/13, 03:00:00, 5152.1, 5157.0, 5149.8, 5156.5, 43, 41, 24, 19
2026/3/13, 04:00:00, 5158.8, 5158.8, 5143.5, 5144.0, 38, 36, 30, 8
2026/3/13, 05:00:00, 5145.3, 5151.5, 5138.8, 5143.4, 69, 56, 38, 31
2026/3/13, 06:00:00, 5146.2, 5147.8, 5126.4, 5129.9, 155, 101, 81, 74
2026/3/13, 07:00:00, 5126.7, 5134.8, 5114.4, 5125.0, 131, 106, 63, 68
2026/3/13, 08:00:00, 5125.7, 5128.4, 5107.1, 5127.5, 167, 118, 84, 83
2026/3/13, 09:00:00, 5131.4, 5138.7, 5126.6, 5132.3, 149, 124, 39, 110
2026/3/13, 10:00:00, 5129.0, 5141.1, 5125.4, 5137.8, 181, 149, 92, 89
2026/3/13, 11:00:00, 5137.0, 5150.2, 5129.4, 5150.1, 90, 81, 39, 51
2026/3/13, 12:00:00, 5151.3, 5165.0, 5147.9, 5161.3, 126, 106, 55, 71
2026/3/13, 13:00:00, 5162.3, 5164.5, 5140.0, 5145.7, 249, 213, 119, 130
2026/3/13, 14:00:00, 5141.2, 5149.4, 5077.1, 5082.9, 477, 411, 292, 185
2026/3/13, 15:00:00, 5083.0, 5113.2, 5069.4, 5075.2, 964, 690, 464, 500
2026/3/13, 16:00:00, 5075.5, 5092.8, 5059.5, 5087.9, 389, 321, 198, 191
2026/3/13, 17:00:00, 5089.8, 5103.9, 5085.3, 5086.9, 479, 441, 232, 247
2026/3/13, 18:00:00, 5088.2, 5092.9, 5077.8, 5087.8, 130, 106, 75, 55
2026/3/13, 19:00:00, 5088.0, 5091.2, 5051.1, 5059.5, 214, 182, 105, 109
2026/3/13, 20:00:00, 5059.2, 5067.0, 5054.7, 5061.2, 110, 92, 71, 39
2026/3/15, 22:00:00, 5049.3, 5067.9, 5037.9, 5065.5, 127, 90, 86, 41
2026/3/15, 23:00:00, 5052.7, 5053.9, 5009.5, 5035.0, 273, 191, 174, 99
2026/3/16, 00:00:00, 5041.4, 5072.2, 5041.4, 5069.7, 193, 161, 111, 82
2026/3/16, 01:00:00, 5066.3, 5066.3, 5023.3, 5055.4, 312, 240, 163, 149
2026/3/16, 02:00:00, 5055.4, 5057.9, 5038.2, 5044.8, 135, 79, 53, 82
2026/3/16, 03:00:00, 5042.3, 5061.0, 5038.8, 5060.1, 105, 73, 58, 47
2026/3/16, 04:00:00, 5060.9, 5066.5, 5053.7, 5054.0, 74, 56, 27, 47
2026/3/16, 05:00:00, 5053.4, 5060.6, 5043.8, 5060.6, 74, 71, 33, 41
2026/3/16, 06:00:00, 5058.6, 5076.3, 5046.8, 5052.5, 293, 201, 121, 172
2026/3/16, 07:00:00, 5052.3, 5056.3, 5030.3, 5035.2, 260, 184, 165, 95
2026/3/16, 08:00:00, 5037.1, 5041.6, 5025.8, 5031.4, 154, 127, 88, 66
2026/3/16, 09:00:00, 5031.8, 5032.0, 5013.8, 5015.7, 173, 142, 85, 88
2026/3/16, 10:00:00, 5010.4, 5041.3, 5010.4, 5039.7, 282, 188, 155, 127
2026/3/16, 11:00:00, 5042.2, 5064.4, 5035.0, 5038.6, 325, 212, 95, 230
2026/3/16, 12:00:00, 5038.1, 5068.8, 5037.7, 5061.9, 359, 290, 176, 183
2026/3/16, 13:00:00, 5062.3, 5078.3, 5055.9, 5073.9, 407, 327, 188, 219
2026/3/16, 14:00:00, 5073.5, 5082.0, 5030.6, 5037.5, 556, 420, 298, 258
2026/3/16, 15:00:00, 5038.2, 5047.0, 5027.4, 5027.4, 246, 214, 126, 120
2026/3/16, 16:00:00, 5028.8, 5041.2, 5017.0, 5033.0, 413, 316, 216, 197
2026/3/16, 17:00:00, 5034.1, 5046.2, 5027.4, 5032.0, 381, 300, 195, 186
2026/3/16, 18:00:00, 5035.0, 5061.1, 5034.8, 5055.7, 143, 128, 73, 70
2026/3/16, 19:00:00, 5057.9, 5063.4, 5052.0, 5056.9, 133, 120, 70, 63
2026/3/16, 20:00:00, 5056.5, 5065.1, 5049.6, 5049.6, 59, 52, 24, 35
2026/3/16, 22:00:00, 5049.1, 5058.8, 5044.5, 5044.5, 30, 26, 17, 13
2026/3/16, 23:00:00, 5047.9, 5056.6, 5047.9, 5055.5, 21, 13, 11, 10
2026/3/17, 00:00:00, 5056.1, 5056.1, 5040.5, 5045.7, 34, 31, 29, 5
2026/3/17, 01:00:00, 5043.5, 5069.2, 5036.5, 5069.2, 89, 72, 43, 46
2026/3/17, 02:00:00, 5068.7, 5070.4, 5061.7, 5066.0, 66, 52, 32, 34
2026/3/17, 03:00:00, 5064.3, 5074.8, 5063.0, 5067.4, 68, 52, 34, 34
2026/3/17, 04:00:00, 5069.7, 5084.0, 5068.0, 5080.5, 145, 119, 68, 77
2026/3/17, 05:00:00, 5079.7, 5085.0, 5061.8, 5061.8, 147, 121, 95, 52
2026/3/17, 06:00:00, 5061.3, 5064.0, 5049.0, 5053.0, 117, 100, 55, 62
2026/3/17, 07:00:00, 5052.8, 5068.2, 5051.0, 5063.7, 72, 66, 32, 40
2026/3/17, 08:00:00, 5062.3, 5070.5, 5061.0, 5064.5, 79, 74, 41, 38
2026/3/17, 09:00:00, 5066.7, 5067.3, 5052.1, 5052.4, 215, 144, 95, 120
2026/3/17, 10:00:00, 5051.2, 5056.7, 5033.5, 5042.6, 247, 168, 128, 119
2026/3/17, 11:00:00, 5040.5, 5052.2, 5038.5, 5045.5, 120, 90, 52, 68
2026/3/17, 12:00:00, 5043.8, 5066.4, 5041.0, 5054.6, 260, 219, 93, 167
2026/3/17, 13:00:00, 5052.8, 5073.5, 5048.4, 5058.6, 508, 424, 241, 267
2026/3/17, 14:00:00, 5059.0, 5063.0, 5045.0, 5049.4, 381, 276, 190, 191
2026/3/17, 15:00:00, 5049.5, 5058.8, 5014.4, 5038.3, 480, 391, 222, 258
2026/3/17, 16:00:00, 5039.9, 5047.3, 5034.3, 5043.8, 140, 128, 80, 60
2026/3/17, 17:00:00, 5044.6, 5050.8, 5039.2, 5043.6, 324, 275, 180, 144
2026/3/17, 18:00:00, 5044.2, 5050.5, 5041.6, 5045.0, 123, 116, 61, 62
2026/3/17, 19:00:00, 5044.6, 5045.8, 5038.0, 5042.2, 141, 122, 65, 76
2026/3/17, 20:00:00, 5042.5, 5048.8, 5042.5, 5048.8, 42, 37, 31, 11
2026/3/17, 22:00:00, 5046.6, 5046.6, 5036.6, 5040.8, 37, 28, 27, 10
2026/3/17, 23:00:00, 5040.4, 5045.0, 5040.4, 5044.0, 10, 10, 7, 3
2026/3/18, 00:00:00, 5045.8, 5053.9, 5042.2, 5046.4, 58, 49, 11, 47
2026/3/18, 01:00:00, 5047.0, 5058.4, 5031.6, 5039.3, 226, 171, 118, 108
2026/3/18, 02:00:00, 5040.6, 5047.6, 5030.3, 5032.3, 86, 67, 55, 31
2026/3/18, 03:00:00, 5032.1, 5036.6, 5027.6, 5031.4, 58, 56, 31, 27
2026/3/18, 04:00:00, 5031.8, 5032.8, 5022.2, 5025.6, 69, 63, 41, 28
2026/3/18, 05:00:00, 5027.6, 5041.6, 5025.2, 5037.1, 104, 90, 59, 45
2026/3/18, 06:00:00, 5037.2, 5057.1, 5037.2, 5050.5, 177, 157, 86, 91
2026/3/18, 07:00:00, 5051.6, 5055.9, 5032.0, 5037.5, 209, 154, 95, 114
2026/3/18, 08:00:00, 5035.8, 5038.2, 5020.0, 5028.1, 238, 183, 112, 126
2026/3/18, 09:00:00, 5028.8, 5037.0, 5027.6, 5033.8, 194, 145, 78, 116
2026/3/18, 10:00:00, 5033.7, 5033.7, 5000.0, 5009.1, 449, 345, 258, 191
2026/3/18, 11:00:00, 5008.6, 5014.5, 4966.0, 4970.3, 1109, 753, 655, 454
2026/3/18, 12:00:00, 4972.0, 4972.9, 4910.0, 4920.5, 1556, 1210, 796, 760
2026/3/18, 13:00:00, 4919.9, 4923.6, 4873.8, 4918.5, 1912, 1503, 1102, 810
2026/3/18, 14:00:00, 4918.7, 4934.1, 4896.7, 4909.9, 900, 649, 395, 505
2026/3/18, 15:00:00, 4909.9, 4920.0, 4902.3, 4902.3, 741, 568, 359, 382
2026/3/18, 16:00:00, 4902.6, 4931.3, 4901.3, 4928.2, 364, 298, 154, 210
2026/3/18, 17:00:00, 4928.7, 4940.0, 4925.0, 4931.7, 413, 355, 225, 188
2026/3/18, 18:00:00, 4932.2, 4940.3, 4893.1, 4894.1, 483, 361, 269, 214
2026/3/18, 19:00:00, 4892.3, 4905.2, 4879.1, 4883.8, 498, 411, 288, 210
2026/3/18, 20:00:00, 4884.4, 4888.5, 4846.6, 4859.0, 674, 481, 355, 319
2026/3/18, 22:00:00, 4860.5, 4876.5, 4843.4, 4871.2, 214, 175, 112, 102
2026/3/18, 23:00:00, 4870.4, 4879.3, 4868.4, 4875.0, 99, 81, 49, 50
2026/3/19, 00:00:00, 4877.0, 4887.1, 4876.2, 4879.8, 118, 102, 62, 56
2026/3/19, 01:00:00, 4878.7, 4903.3, 4871.5, 4887.6, 285, 221, 116, 169
2026/3/19, 02:00:00, 4889.3, 4899.1, 4879.9, 4895.7, 183, 142, 136, 47
2026/3/19, 03:00:00, 4898.0, 4902.8, 4888.6, 4889.1, 133, 105, 70, 63
2026/3/19, 04:00:00, 4889.0, 4891.6, 4884.5, 4884.5, 28, 28, 12, 16
