Date, Time, Open, High, Low, Last, Volume, NumberOfTrades, BidVolume, AskVolume
2026/2/18, 02:00:00, 4987.1, 4997.9, 4987.1, 4996.2, 9, 9, 3, 6
2026/2/18, 03:00:00, 4996.7, 4998.1, 4996.7, 4998.1, 2, 2, 1, 1
2026/2/18, 06:00:00, 5018.0, 5018.0, 5018.0, 5018.0, 1, 1, 1, 0
2026/2/18, 07:00:00, 5034.0, 5034.0, 5034.0, 5034.0, 1, 1, 0, 1
2026/2/18, 12:00:00, 5036.0, 5036.0, 5036.0, 5036.0, 1, 1, 1, 0
2026/2/18, 13:00:00, 5052.0, 5056.0, 5052.0, 5056.0, 5, 5, 0, 5
2026/2/18, 14:00:00, 5052.0, 5078.0, 5050.7, 5076.6, 16, 14, 2, 14
2026/2/18, 15:00:00, 5095.0, 5095.9, 5091.7, 5092.0, 5, 5, 4, 1
2026/2/18, 16:00:00, 5088.1, 5095.1, 5088.1, 5095.1, 2, 2, 2, 0
2026/2/18, 17:00:00, 5090.0, 5095.0, 5090.0, 5095.0, 2, 2, 1, 1
2026/2/18, 18:00:00, 5095.7, 5095.7, 5083.0, 5083.0, 5, 5, 3, 2
2026/2/18, 19:00:00, 5078.9, 5078.9, 5076.2, 5076.2, 3, 3, 2, 1
2026/2/18, 20:00:00, 5075.2, 5075.2, 5075.2, 5075.2, 1, 1, 1, 0
2026/2/18, 21:00:00, 5075.9, 5075.9, 5075.9, 5075.9, 1, 1, 1, 0
2026/2/19, 02:00:00, 5066.7, 5066.7, 5061.3, 5061.3, 3, 3, 2, 1
2026/2/19, 05:00:00, 5091.0, 5091.3, 5091.0, 5091.3, 3, 3, 1, 2
2026/2/19, 06:00:00, 5092.7, 5103.6, 5092.7, 5103.6, 2, 2, 0, 2
2026/2/19, 07:00:00, 5112.9, 5112.9, 5102.8, 5102.8, 12, 10, 5, 7
2026/2/19, 08:00:00, 5101.0, 5115.1, 5099.4, 5109.0, 6, 6, 4, 2
2026/2/19, 09:00:00, 5108.0, 5108.0, 5089.5, 5089.5, 7, 7, 5, 2
2026/2/19, 10:00:00, 5082.7, 5086.3, 5077.2, 5084.4, 21, 9, 11, 10
2026/2/19, 11:00:00, 5082.9, 5082.9, 5078.0, 5078.4, 4, 4, 4, 0
2026/2/19, 13:00:00, 5073.6, 5092.2, 5065.0, 5092.2, 6, 6, 5, 1
2026/2/19, 14:00:00, 5066.0, 5097.2, 5057.9, 5097.2, 7, 7, 3, 4
2026/2/19, 15:00:00, 5097.1, 5098.0, 5097.1, 5098.0, 2, 2, 1, 1
2026/2/19, 16:00:00, 5099.0, 5099.0, 5089.1, 5089.1, 3, 3, 2, 1
2026/2/19, 18:00:00, 5073.5, 5075.2, 5073.5, 5075.2, 2, 2, 0, 2
2026/2/19, 20:00:00, 5095.0, 5095.0, 5095.0, 5095.0, 1, 1, 0, 1
2026/2/19, 21:00:00, 5095.8, 5096.3, 5095.8, 5096.3, 2, 2, 1, 1
2026/2/20, 02:00:00, 5092.9, 5098.2, 5092.9, 5098.2, 6, 6, 4, 2
2026/2/20, 03:00:00, 5091.7, 5091.7, 5084.2, 5084.2, 2, 2, 1, 1
2026/2/20, 04:00:00, 5095.3, 5095.3, 5095.3, 5095.3, 1, 1, 0, 1
2026/2/20, 06:00:00, 5108.4, 5117.2, 5108.4, 5115.4, 3, 3, 2, 1
2026/2/20, 07:00:00, 5113.8, 5113.8, 5109.7, 5109.7, 2, 2, 2, 0
2026/2/20, 08:00:00, 5105.4, 5123.5, 5102.1, 5123.5, 7, 7, 2, 5
2026/2/20, 09:00:00, 5129.7, 5138.0, 5129.7, 5138.0, 3, 3, 1, 2
2026/2/20, 10:00:00, 5115.0, 5130.1, 5114.5, 5130.1, 3, 3, 2, 1
2026/2/20, 11:00:00, 5122.9, 5125.4, 5121.0, 5121.0, 3, 3, 3, 0
2026/2/20, 12:00:00, 5112.8, 5112.8, 5103.0, 5103.0, 4, 4, 3, 1
2026/2/20, 13:00:00, 5121.4, 5140.0, 5118.0, 5140.0, 9, 9, 3, 6
2026/2/20, 14:00:00, 5136.9, 5156.0, 5136.9, 5148.2, 4, 4, 0, 4
2026/2/20, 15:00:00, 5158.0, 5160.0, 5082.0, 5138.4, 46, 45, 24, 22
2026/2/20, 16:00:00, 5147.0, 5163.0, 5142.7, 5160.0, 7, 7, 2, 5
2026/2/20, 17:00:00, 5167.7, 5172.0, 5152.0, 5171.8, 19, 15, 12, 7
2026/2/20, 18:00:00, 5169.6, 5171.3, 5157.5, 5169.0, 17, 17, 10, 7
2026/2/20, 19:00:00, 5171.8, 5179.3, 5171.8, 5179.0, 16, 11, 12, 4
2026/2/20, 20:00:00, 5178.4, 5195.3, 5178.4, 5195.3, 5, 5, 1, 4
2026/2/20, 21:00:00, 5194.8, 5204.6, 5194.8, 5204.6, 5, 5, 1, 4
2026/2/22, 23:00:00, 5221.0, 5268.8, 5221.0, 5268.8, 33, 27, 11, 22
2026/2/23, 00:00:00, 5261.0, 5261.0, 5235.0, 5239.0, 14, 13, 8, 6
2026/2/23, 01:00:00, 5245.0, 5250.0, 5245.0, 5250.0, 7, 6, 1, 6
2026/2/23, 02:00:00, 5267.7, 5272.0, 5267.7, 5272.0, 4, 4, 0, 4
2026/2/23, 03:00:00, 5266.4, 5267.8, 5266.4, 5267.8, 3, 2, 0, 3
2026/2/23, 04:00:00, 5260.0, 5263.0, 5260.0, 5260.1, 4, 4, 2, 2
2026/2/23, 05:00:00, 5255.8, 5255.8, 5255.8, 5255.8, 1, 1, 1, 0
2026/2/23, 06:00:00, 5254.3, 5254.3, 5253.0, 5253.0, 2, 2, 1, 1
2026/2/23, 07:00:00, 5227.0, 5232.2, 5224.0, 5230.7, 8, 8, 6, 2
2026/2/23, 08:00:00, 5226.8, 5226.8, 5226.8, 5226.8, 2, 2, 2, 0
2026/2/23, 10:00:00, 5255.0, 5257.4, 5255.0, 5257.4, 2, 2, 0, 2
2026/2/23, 11:00:00, 5252.5, 5252.5, 5247.0, 5250.4, 8, 8, 8, 0
2026/2/23, 12:00:00, 5255.1, 5255.1, 5255.1, 5255.1, 1, 1, 0, 1
2026/2/23, 13:00:00, 5258.6, 5258.6, 5243.6, 5243.6, 33, 32, 12, 21
2026/2/23, 14:00:00, 5241.0, 5294.0, 5241.0, 5288.0, 15, 15, 6, 9
2026/2/23, 15:00:00, 5292.3, 5303.9, 5284.4, 5297.9, 20, 20, 14, 6
2026/2/23, 16:00:00, 5280.0, 5319.0, 5276.0, 5315.6, 20, 18, 7, 13
2026/2/23, 17:00:00, 5308.6, 5309.0, 5298.7, 5298.7, 3, 3, 0, 3
2026/2/23, 18:00:00, 5308.3, 5308.3, 5301.0, 5304.6, 4, 4, 4, 0
2026/2/23, 19:00:00, 5312.5, 5315.1, 5308.3, 5315.1, 4, 3, 2, 2
2026/2/23, 20:00:00, 5315.3, 5331.2, 5315.3, 5331.2, 10, 10, 1, 9
2026/2/23, 21:00:00, 5328.9, 5329.8, 5326.9, 5326.9, 6, 6, 3, 3
2026/2/23, 23:00:00, 5338.3, 5338.6, 5338.1, 5338.1, 3, 3, 3, 0
2026/2/24, 00:00:00, 5330.0, 5330.0, 5330.0, 5330.0, 1, 1, 1, 0
2026/2/24, 01:00:00, 5311.0, 5311.0, 5252.7, 5268.4, 35, 34, 33, 2
2026/2/24, 02:00:00, 5276.5, 5288.4, 5264.5, 5288.4, 19, 14, 3, 16
2026/2/24, 03:00:00, 5275.9, 5275.9, 5275.9, 5275.9, 1, 1, 1, 0
2026/2/24, 04:00:00, 5264.2, 5264.2, 5264.2, 5264.2, 1, 1, 1, 0
2026/2/24, 05:00:00, 5273.8, 5273.8, 5267.9, 5267.9, 2, 2, 0, 2
2026/2/24, 06:00:00, 5269.2, 5270.0, 5256.0, 5270.0, 3, 3, 2, 1
2026/2/24, 07:00:00, 5263.7, 5263.7, 5263.7, 5263.7, 1, 1, 1, 0
2026/2/24, 09:00:00, 5267.6, 5267.6, 5267.6, 5267.6, 1, 1, 0, 1
2026/2/24, 10:00:00, 5269.0, 5269.0, 5266.6, 5266.6, 2, 2, 1, 1
2026/2/24, 12:00:00, 5264.8, 5264.8, 5247.0, 5249.0, 10, 10, 7, 3
2026/2/24, 13:00:00, 5249.2, 5258.4, 5212.0, 5212.0, 52, 50, 10, 42
2026/2/24, 14:00:00, 5213.0, 5229.0, 5188.0, 5229.0, 27, 27, 11, 16
2026/2/24, 15:00:00, 5224.0, 5249.4, 5224.0, 5249.4, 2, 2, 0, 2
2026/2/24, 16:00:00, 5240.0, 5247.2, 5232.0, 5233.9, 5, 5, 2, 3
2026/2/24, 18:00:00, 5265.8, 5266.0, 5252.6, 5258.3, 57, 57, 9, 48
2026/2/24, 19:00:00, 5253.2, 5253.3, 5250.6, 5250.6, 5, 5, 2, 3
2026/2/24, 20:00:00, 5253.8, 5267.4, 5253.8, 5261.1, 6, 6, 1, 5
2026/2/25, 01:00:00, 5250.7, 5250.7, 5250.7, 5250.7, 1, 1, 0, 1
2026/2/25, 02:00:00, 5277.4, 5286.8, 5267.0, 5268.5, 10, 10, 4, 6
2026/2/25, 03:00:00, 5285.9, 5285.9, 5280.1, 5281.0, 5, 5, 3, 2
2026/2/25, 04:00:00, 5274.8, 5281.8, 5274.8, 5280.0, 3, 3, 1, 2
2026/2/25, 05:00:00, 5288.0, 5303.0, 5288.0, 5303.0, 7, 7, 4, 3
2026/2/25, 06:00:00, 5283.5, 5290.4, 5283.5, 5288.7, 12, 6, 10, 2
2026/2/25, 07:00:00, 5285.3, 5285.3, 5278.1, 5278.1, 11, 5, 8, 3
2026/2/25, 08:00:00, 5288.6, 5288.6, 5288.3, 5288.3, 2, 2, 1, 1
2026/2/25, 09:00:00, 5278.5, 5292.2, 5275.0, 5292.2, 5, 5, 2, 3
2026/2/25, 10:00:00, 5282.7, 5282.7, 5282.7, 5282.7, 1, 1, 1, 0
2026/2/25, 11:00:00, 5262.9, 5279.2, 5262.9, 5279.2, 3, 3, 2, 1
2026/2/25, 12:00:00, 5279.4, 5279.4, 5279.4, 5279.4, 1, 1, 0, 1
2026/2/25, 13:00:00, 5286.2, 5287.8, 5280.2, 5280.2, 3, 3, 1, 2
2026/2/25, 14:00:00, 5272.0, 5272.0, 5259.0, 5259.0, 5, 5, 4, 1
2026/2/25, 15:00:00, 5278.0, 5294.2, 5270.3, 5294.2, 8, 8, 5, 3
2026/2/25, 16:00:00, 5291.8, 5306.0, 5291.8, 5306.0, 4, 4, 0, 4
2026/2/25, 17:00:00, 5310.1, 5316.1, 5307.2, 5314.0, 8, 8, 5, 3
2026/2/25, 19:00:00, 5306.2, 5307.0, 5303.5, 5304.1, 6, 5, 1, 5
2026/2/25, 20:00:00, 5285.0, 5285.0, 5250.0, 5250.0, 14, 14, 10, 4
2026/2/25, 21:00:00, 5252.0, 5267.2, 5252.0, 5260.0, 10, 10, 3, 7
2026/2/25, 23:00:00, 5263.7, 5263.7, 5261.5, 5261.5, 2, 2, 2, 0
2026/2/26, 02:00:00, 5287.9, 5288.0, 5269.4, 5273.1, 6, 6, 2, 4
2026/2/26, 04:00:00, 5287.9, 5291.3, 5287.8, 5291.3, 3, 3, 2, 1
2026/2/26, 05:00:00, 5294.4, 5296.8, 5294.4, 5296.8, 2, 2, 0, 2
2026/2/26, 06:00:00, 5289.7, 5292.0, 5289.0, 5292.0, 4, 4, 0, 4
2026/2/26, 07:00:00, 5280.0, 5280.0, 5276.6, 5277.2, 4, 4, 3, 1
2026/2/26, 08:00:00, 5278.4, 5278.4, 5262.0, 5262.0, 7, 7, 4, 3
2026/2/26, 12:00:00, 5252.0, 5280.1, 5252.0, 5279.8, 4, 4, 2, 2
2026/2/26, 14:00:00, 5256.0, 5263.9, 5233.9, 5263.0, 18, 15, 10, 8
2026/2/26, 15:00:00, 5262.7, 5286.0, 5224.0, 5282.6, 15, 15, 5, 10
2026/2/26, 16:00:00, 5276.0, 5280.0, 5276.0, 5279.2, 4, 4, 2, 2
2026/2/26, 17:00:00, 5279.6, 5279.6, 5262.0, 5262.0, 2, 2, 1, 1
2026/2/26, 18:00:00, 5263.1, 5274.7, 5262.9, 5272.0, 20, 14, 12, 8
2026/2/26, 19:00:00, 5289.3, 5289.3, 5287.5, 5287.5, 2, 2, 0, 2
2026/2/26, 20:00:00, 5290.6, 5294.9, 5290.3, 5294.9, 8, 6, 5, 3
2026/2/26, 21:00:00, 5284.1, 5284.2, 5284.1, 5284.2, 3, 2, 0, 3
2026/2/27, 00:00:00, 5282.0, 5282.0, 5271.6, 5271.6, 2, 2, 1, 1
2026/2/27, 01:00:00, 5271.2, 5271.2, 5271.2, 5271.2, 1, 1, 0, 1
2026/2/27, 02:00:00, 5274.0, 5274.0, 5271.3, 5271.3, 2, 2, 2, 0
2026/2/27, 04:00:00, 5276.2, 5276.2, 5276.2, 5276.2, 1, 1, 1, 0
2026/2/27, 05:00:00, 5290.9, 5292.0, 5288.2, 5292.0, 3, 3, 0, 3
2026/2/27, 06:00:00, 5292.2, 5292.2, 5290.4, 5290.4, 2, 2, 1, 1
2026/2/27, 07:00:00, 5273.7, 5273.7, 5271.8, 5271.8, 2, 2, 2, 0
2026/2/27, 08:00:00, 5269.5, 5269.5, 5269.5, 5269.5, 1, 1, 1, 0
2026/2/27, 09:00:00, 5269.9, 5269.9, 5269.6, 5269.6, 3, 3, 3, 0
2026/2/27, 10:00:00, 5265.0, 5275.0, 5263.0, 5266.0, 5, 5, 3, 2
2026/2/27, 11:00:00, 5273.0, 5273.0, 5273.0, 5273.0, 1, 1, 0, 1
2026/2/27, 12:00:00, 5282.5, 5285.3, 5282.0, 5285.3, 3, 3, 1, 2
2026/2/27, 13:00:00, 5288.7, 5336.9, 5288.7, 5322.0, 21, 20, 13, 8
2026/2/27, 14:00:00, 5324.4, 5325.6, 5317.0, 5317.0, 10, 9, 6, 4
2026/2/27, 15:00:00, 5325.0, 5341.0, 5314.0, 5340.0, 24, 22, 10, 14
2026/2/27, 16:00:00, 5348.0, 5351.3, 5325.0, 5330.7, 12, 12, 9, 3
2026/2/27, 17:00:00, 5331.1, 5331.1, 5318.0, 5330.8, 11, 11, 8, 3
2026/2/27, 18:00:00, 5325.1, 5338.9, 5325.1, 5338.9, 13, 13, 10, 3
2026/2/27, 19:00:00, 5347.0, 5349.2, 5339.5, 5348.0, 14, 14, 8, 6
2026/2/27, 20:00:00, 5348.0, 5361.2, 5348.0, 5359.2, 9, 9, 5, 4
2026/2/27, 21:00:00, 5360.5, 5377.0, 5360.5, 5375.8, 8, 8, 4, 4
2026/3/1, 23:00:00, 5460.0, 5483.0, 5413.6, 5479.1, 40, 38, 18, 22
2026/3/2, 00:00:00, 5465.0, 5465.0, 5435.0, 5435.0, 8, 8, 7, 1
2026/3/2, 01:00:00, 5430.0, 5436.5, 5400.0, 5406.1, 20, 20, 17, 3
2026/3/2, 02:00:00, 5419.0, 5441.7, 5416.4, 5441.7, 23, 21, 7, 16
2026/3/2, 03:00:00, 5458.0, 5458.5, 5455.3, 5458.5, 4, 4, 0, 4
2026/3/2, 04:00:00, 5456.0, 5459.5, 5442.0, 5442.0, 7, 7, 2, 5
2026/3/2, 05:00:00, 5448.6, 5459.5, 5437.7, 5459.5, 3, 3, 3, 0
2026/3/2, 06:00:00, 5458.4, 5483.4, 5458.4, 5480.0, 12, 11, 6, 6
2026/3/2, 07:00:00, 5484.0, 5512.6, 5484.0, 5502.9, 5, 5, 3, 2
2026/3/2, 08:00:00, 5507.0, 5513.0, 5496.0, 5496.0, 8, 7, 3, 5
2026/3/2, 09:00:00, 5482.0, 5499.0, 5482.0, 5499.0, 3, 3, 2, 1
2026/3/2, 10:00:00, 5479.0, 5488.1, 5479.0, 5479.0, 4, 4, 3, 1
2026/3/2, 11:00:00, 5479.0, 5479.0, 5468.0, 5468.0, 4, 4, 4, 0
2026/3/2, 12:00:00, 5480.0, 5493.0, 5480.0, 5493.0, 33, 33, 27, 6
2026/3/2, 13:00:00, 5503.7, 5510.0, 5482.2, 5493.7, 24, 23, 15, 9
2026/3/2, 14:00:00, 5480.0, 5481.9, 5404.7, 5434.7, 33, 32, 27, 6
2026/3/2, 15:00:00, 5410.6, 5440.0, 5408.7, 5409.2, 14, 14, 7, 7
2026/3/2, 16:00:00, 5382.5, 5405.3, 5361.7, 5395.2, 38, 37, 2, 36
2026/3/2, 17:00:00, 5384.5, 5410.3, 5382.5, 5398.0, 9, 9, 2, 7
2026/3/2, 18:00:00, 5390.0, 5409.0, 5390.0, 5409.0, 17, 15, 6, 11
2026/3/2, 19:00:00, 5411.0, 5426.1, 5411.0, 5426.1, 10, 9, 2, 8
2026/3/2, 20:00:00, 5429.0, 5440.0, 5429.0, 5434.0, 18, 15, 2, 16
2026/3/2, 21:00:00, 5425.7, 5433.1, 5418.0, 5418.0, 6, 6, 5, 1
2026/3/2, 23:00:00, 5425.4, 5425.4, 5425.4, 5425.4, 8, 4, 8, 0
2026/3/3, 01:00:00, 5450.0, 5450.0, 5446.0, 5446.0, 2, 2, 1, 1
2026/3/3, 02:00:00, 5433.1, 5459.4, 5432.1, 5459.4, 8, 8, 5, 3
2026/3/3, 03:00:00, 5461.5, 5465.5, 5461.5, 5465.5, 4, 4, 2, 2
2026/3/3, 05:00:00, 5454.7, 5454.7, 5402.0, 5407.2, 26, 26, 23, 3
2026/3/3, 06:00:00, 5411.5, 5411.5, 5372.0, 5390.1, 24, 24, 21, 3
2026/3/3, 07:00:00, 5411.0, 5425.0, 5411.0, 5425.0, 6, 6, 3, 3
2026/3/3, 08:00:00, 5420.9, 5422.1, 5395.0, 5395.0, 4, 4, 2, 2
2026/3/3, 09:00:00, 5378.0, 5391.2, 5330.0, 5359.3, 21, 21, 15, 6
2026/3/3, 10:00:00, 5370.3, 5370.3, 5370.3, 5370.3, 1, 1, 0, 1
2026/3/3, 11:00:00, 5319.0, 5319.0, 5197.7, 5233.0, 12, 12, 4, 8
2026/3/3, 12:00:00, 5267.1, 5314.1, 5267.1, 5314.1, 10, 8, 8, 2
2026/3/3, 13:00:00, 5299.7, 5299.7, 5216.0, 5222.0, 67, 66, 58, 9
2026/3/3, 14:00:00, 5246.6, 5257.7, 5103.9, 5123.6, 85, 76, 22, 63
2026/3/3, 15:00:00, 5149.7, 5154.7, 5085.5, 5153.3, 80, 80, 21, 59
2026/3/3, 16:00:00, 5190.2, 5206.0, 5187.3, 5199.1, 45, 30, 6, 39
2026/3/3, 17:00:00, 5184.4, 5189.7, 5160.0, 5160.0, 8, 8, 5, 3
2026/3/3, 18:00:00, 5189.4, 5224.6, 5189.4, 5221.5, 20, 19, 7, 13
2026/3/3, 19:00:00, 5232.4, 5232.4, 5189.6, 5209.1, 7, 7, 5, 2
2026/3/3, 20:00:00, 5204.1, 5204.1, 5191.8, 5191.8, 5, 5, 3, 2
2026/3/3, 21:00:00, 5186.6, 5189.6, 5175.6, 5175.6, 9, 9, 5, 4
2026/3/3, 23:00:00, 5193.0, 5201.0, 5174.8, 5201.0, 5, 5, 1, 4
2026/3/4, 00:00:00, 5193.7, 5214.8, 5193.7, 5214.8, 2, 2, 2, 0
2026/3/4, 01:00:00, 5240.0, 5265.0, 5235.0, 5259.9, 12, 12, 8, 4
2026/3/4, 02:00:00, 5260.9, 5269.1, 5249.1, 5249.1, 13, 13, 9, 4
2026/3/4, 03:00:00, 5245.9, 5262.9, 5230.0, 5261.1, 11, 11, 6, 5
2026/3/4, 04:00:00, 5267.0, 5267.5, 5249.0, 5249.0, 3, 3, 1, 2
2026/3/4, 05:00:00, 5240.7, 5250.7, 5240.7, 5246.9, 12, 12, 12, 0
2026/3/4, 06:00:00, 5245.6, 5245.6, 5210.0, 5241.0, 34, 34, 29, 5
2026/3/4, 07:00:00, 5250.8, 5262.9, 5250.8, 5256.7, 7, 7, 3, 4
2026/3/4, 08:00:00, 5244.3, 5270.0, 5243.3, 5266.7, 15, 14, 10, 5
2026/3/4, 09:00:00, 5257.7, 5274.0, 5257.7, 5270.0, 6, 6, 2, 4
2026/3/4, 10:00:00, 5275.0, 5291.0, 5273.2, 5275.0, 6, 6, 3, 3
2026/3/4, 11:00:00, 5286.8, 5288.0, 5286.8, 5288.0, 2, 2, 2, 0
2026/3/4, 12:00:00, 5284.0, 5284.0, 5245.4, 5251.0, 18, 18, 18, 0
2026/3/4, 13:00:00, 5284.0, 5284.0, 5272.0, 5278.0, 3, 3, 1, 2
2026/3/4, 14:00:00, 5261.5, 5261.5, 5230.0, 5231.0, 71, 39, 16, 55
2026/3/4, 15:00:00, 5250.0, 5250.0, 5220.0, 5223.5, 21, 21, 8, 13
2026/3/4, 16:00:00, 5243.9, 5243.9, 5235.0, 5239.3, 6, 6, 1, 5
2026/3/4, 17:00:00, 5235.8, 5239.5, 5210.0, 5227.7, 9, 9, 5, 4
2026/3/4, 18:00:00, 5223.2, 5223.2, 5201.0, 5218.1, 13, 13, 5, 8
2026/3/4, 19:00:00, 5221.0, 5227.4, 5216.0, 5227.4, 11, 11, 6, 5
2026/3/4, 20:00:00, 5223.0, 5226.3, 5216.8, 5226.3, 3, 3, 2, 1
2026/3/4, 21:00:00, 5232.0, 5232.0, 5223.0, 5223.0, 2, 2, 1, 1
2026/3/4, 23:00:00, 5252.1, 5252.1, 5251.7, 5251.7, 2, 2, 0, 2
2026/3/5, 00:00:00, 5260.0, 5260.0, 5257.8, 5257.8, 2, 2, 0, 2
2026/3/5, 01:00:00, 5270.0, 5275.0, 5265.6, 5265.6, 5, 4, 3, 2
2026/3/5, 02:00:00, 5267.0, 5277.0, 5260.0, 5274.0, 7, 7, 4, 3
2026/3/5, 03:00:00, 5270.0, 5275.2, 5268.0, 5269.9, 6, 6, 5, 1
2026/3/5, 06:00:00, 5234.0, 5244.9, 5210.6, 5244.7, 49, 36, 39, 10
2026/3/5, 07:00:00, 5253.8, 5257.8, 5251.3, 5257.8, 8, 8, 5, 3
2026/3/5, 08:00:00, 5243.0, 5254.9, 5224.3, 5254.9, 6, 6, 4, 2
2026/3/5, 09:00:00, 5249.4, 5270.9, 5242.0, 5249.3, 17, 17, 11, 6
2026/3/5, 10:00:00, 5246.8, 5253.0, 5245.6, 5253.0, 4, 4, 1, 3
2026/3/5, 11:00:00, 5250.4, 5253.2, 5250.0, 5250.0, 4, 4, 4, 0
2026/3/5, 12:00:00, 5258.0, 5260.6, 5258.0, 5260.6, 57, 29, 0, 57
2026/3/5, 13:00:00, 5248.3, 5248.3, 5175.9, 5196.0, 40, 40, 25, 15
2026/3/5, 14:00:00, 5198.2, 5207.4, 5187.0, 5187.0, 8, 8, 4, 4
2026/3/5, 15:00:00, 5170.0, 5186.0, 5144.3, 5186.0, 23, 23, 12, 11
2026/3/5, 16:00:00, 5165.0, 5165.0, 5144.0, 5146.7, 6, 6, 3, 3
2026/3/5, 17:00:00, 5175.4, 5175.4, 5144.0, 5147.1, 44, 27, 14, 30
2026/3/5, 18:00:00, 5149.3, 5163.0, 5149.3, 5154.3, 8, 7, 5, 3
2026/3/5, 19:00:00, 5153.1, 5153.1, 5153.1, 5153.1, 1, 1, 1, 0
2026/3/5, 20:00:00, 5163.0, 5178.0, 5161.1, 5165.0, 6, 6, 2, 4
2026/3/5, 21:00:00, 5165.9, 5167.0, 5165.9, 5167.0, 2, 2, 1, 1
2026/3/5, 23:00:00, 5179.3, 5181.0, 5173.9, 5181.0, 3, 3, 1, 2
2026/3/6, 01:00:00, 5204.5, 5205.9, 5204.5, 5204.7, 3, 3, 1, 2
2026/3/6, 02:00:00, 5221.7, 5222.9, 5216.7, 5216.7, 9, 9, 5, 4
2026/3/6, 03:00:00, 5216.0, 5216.0, 5216.0, 5216.0, 1, 1, 1, 0
2026/3/6, 05:00:00, 5210.0, 5210.0, 5210.0, 5210.0, 1, 1, 1, 0
2026/3/6, 07:00:00, 5195.0, 5195.0, 5195.0, 5195.0, 1, 1, 1, 0
2026/3/6, 08:00:00, 5206.0, 5206.0, 5192.7, 5195.2, 4, 4, 1, 3
2026/3/6, 09:00:00, 5190.1, 5190.1, 5171.7, 5172.3, 11, 11, 9, 2
2026/3/6, 11:00:00, 5181.0, 5181.0, 5181.0, 5181.0, 1, 1, 0, 1
2026/3/6, 12:00:00, 5179.7, 5180.9, 5169.4, 5169.4, 69, 68, 12, 57
2026/3/6, 13:00:00, 5156.9, 5211.0, 5156.2, 5208.8, 10, 10, 4, 6
2026/3/6, 14:00:00, 5193.0, 5203.5, 5178.0, 5203.5, 3, 3, 1, 2
2026/3/6, 15:00:00, 5218.8, 5247.0, 5218.8, 5229.1, 22, 15, 13, 9
2026/3/6, 16:00:00, 5237.0, 5238.4, 5224.3, 5235.6, 13, 12, 9, 4
2026/3/6, 17:00:00, 5226.9, 5237.9, 5217.0, 5222.0, 10, 10, 6, 4
2026/3/6, 18:00:00, 5232.0, 5251.5, 5227.0, 5247.2, 42, 34, 21, 21
2026/3/6, 19:00:00, 5251.0, 5255.0, 5250.5, 5252.4, 5, 5, 3, 2
2026/3/6, 20:00:00, 5246.8, 5246.8, 5240.1, 5245.0, 11, 8, 10, 1
2026/3/6, 21:00:00, 5260.0, 5260.0, 5257.6, 5257.7, 6, 4, 5, 1
2026/3/8, 22:00:00, 5284.0, 5284.0, 5205.0, 5205.0, 4, 4, 3, 1
2026/3/8, 23:00:00, 5207.3, 5207.3, 5130.0, 5153.8, 18, 13, 5, 13
2026/3/9, 01:00:00, 5117.2, 5162.7, 5117.2, 5150.3, 36, 26, 31, 5
2026/3/9, 02:00:00, 5160.5, 5161.8, 5160.5, 5160.5, 7, 6, 2, 5
2026/3/9, 03:00:00, 5170.4, 5170.4, 5170.4, 5170.4, 1, 1, 0, 1
2026/3/9, 04:00:00, 5174.6, 5174.6, 5172.0, 5173.7, 9, 9, 3, 6
2026/3/9, 05:00:00, 5185.3, 5220.1, 5182.0, 5220.1, 4, 4, 4, 0
2026/3/9, 06:00:00, 5215.9, 5218.7, 5190.5, 5190.5, 9, 9, 8, 1
2026/3/9, 07:00:00, 5181.2, 5190.2, 5181.2, 5182.4, 11, 11, 6, 5
2026/3/9, 08:00:00, 5187.6, 5188.6, 5180.1, 5184.7, 16, 16, 10, 6
2026/3/9, 09:00:00, 5198.6, 5217.5, 5186.2, 5190.1, 57, 38, 38, 19
2026/3/9, 10:00:00, 5194.6, 5194.6, 5181.7, 5181.7, 4, 4, 4, 0
2026/3/9, 11:00:00, 5178.2, 5178.2, 5168.3, 5174.0, 6, 6, 6, 0
2026/3/9, 12:00:00, 5183.0, 5197.5, 5180.7, 5180.7, 9, 9, 9, 0
2026/3/9, 13:00:00, 5180.5, 5187.9, 5156.6, 5157.1, 43, 35, 41, 2
2026/3/9, 14:00:00, 5168.5, 5201.0, 5145.0, 5190.2, 44, 31, 26, 18
2026/3/9, 15:00:00, 5179.7, 5189.5, 5166.0, 5189.5, 15, 15, 11, 4
2026/3/9, 16:00:00, 5189.9, 5195.3, 5183.7, 5192.6, 7, 7, 4, 3
2026/3/9, 17:00:00, 5189.1, 5189.1, 5176.0, 5180.7, 19, 19, 13, 6
2026/3/9, 18:00:00, 5181.1, 5214.4, 5181.1, 5214.4, 13, 13, 5, 8
2026/3/9, 19:00:00, 5216.0, 5230.0, 5206.7, 5225.5, 30, 24, 4, 26
2026/3/9, 20:00:00, 5233.0, 5233.0, 5223.8, 5223.8, 2, 2, 2, 0
2026/3/9, 22:00:00, 5236.1, 5237.1, 5206.0, 5237.1, 17, 11, 6, 11
2026/3/9, 23:00:00, 5224.0, 5224.0, 5224.0, 5224.0, 1, 1, 1, 0
2026/3/10, 00:00:00, 5220.2, 5220.2, 5218.8, 5218.8, 2, 2, 0, 2
2026/3/10, 01:00:00, 5227.9, 5267.2, 5227.0, 5267.2, 7, 7, 2, 5
2026/3/10, 02:00:00, 5269.8, 5270.1, 5250.8, 5250.9, 30, 30, 28, 2
2026/3/10, 03:00:00, 5252.8, 5258.8, 5243.7, 5243.7, 16, 16, 13, 3
2026/3/10, 04:00:00, 5251.4, 5251.4, 5249.6, 5249.6, 2, 2, 2, 0
2026/3/10, 05:00:00, 5257.0, 5259.5, 5255.6, 5255.6, 4, 4, 2, 2
2026/3/10, 06:00:00, 5265.3, 5265.3, 5263.4, 5263.4, 3, 3, 3, 0
2026/3/10, 07:00:00, 5256.1, 5267.2, 5253.3, 5267.2, 7, 7, 2, 5
2026/3/10, 08:00:00, 5265.7, 5282.0, 5264.8, 5274.3, 14, 14, 3, 11
2026/3/10, 09:00:00, 5272.4, 5272.7, 5272.2, 5272.2, 3, 3, 1, 2
2026/3/10, 10:00:00, 5269.0, 5269.5, 5244.0, 5263.0, 19, 16, 9, 10
2026/3/10, 11:00:00, 5269.0, 5278.0, 5265.1, 5265.1, 9, 9, 5, 4
2026/3/10, 12:00:00, 5258.5, 5274.0, 5253.4, 5271.2, 10, 10, 6, 4
2026/3/10, 13:00:00, 5274.9, 5314.8, 5274.9, 5295.0, 147, 87, 62, 85
2026/3/10, 14:00:00, 5293.0, 5301.5, 5273.5, 5298.0, 65, 59, 40, 25
2026/3/10, 15:00:00, 5302.2, 5323.0, 5302.2, 5316.6, 18, 14, 5, 13
2026/3/10, 16:00:00, 5317.6, 5320.9, 5312.2, 5317.2, 22, 19, 16, 6
2026/3/10, 17:00:00, 5315.7, 5322.1, 5313.3, 5318.0, 55, 53, 29, 26
2026/3/10, 18:00:00, 5315.8, 5315.8, 5255.9, 5279.9, 26, 25, 16, 10
2026/3/10, 19:00:00, 5285.4, 5294.0, 5273.0, 5282.5, 10, 10, 7, 3
2026/3/10, 20:00:00, 5284.7, 5284.7, 5279.9, 5281.9, 3, 3, 3, 0
2026/3/11, 00:00:00, 5295.0, 5295.0, 5295.0, 5295.0, 1, 1, 1, 0
2026/3/11, 01:00:00, 5305.7, 5308.5, 5297.3, 5297.3, 15, 14, 9, 6
2026/3/11, 02:00:00, 5289.9, 5300.0, 5289.9, 5300.0, 3, 3, 1, 2
2026/3/11, 03:00:00, 5296.0, 5296.0, 5292.2, 5292.2, 5, 5, 4, 1
2026/3/11, 04:00:00, 5292.4, 5292.4, 5290.4, 5290.4, 4, 4, 3, 1
2026/3/11, 05:00:00, 5290.6, 5291.3, 5278.0, 5285.9, 16, 14, 12, 4
2026/3/11, 06:00:00, 5291.2, 5291.2, 5279.6, 5281.3, 5, 5, 5, 0
2026/3/11, 07:00:00, 5284.6, 5285.3, 5274.2, 5277.6, 6, 6, 5, 1
2026/3/11, 08:00:00, 5283.2, 5283.2, 5268.6, 5272.0, 9, 9, 6, 3
2026/3/11, 09:00:00, 5274.0, 5280.6, 5266.9, 5280.6, 4, 4, 4, 0
2026/3/11, 10:00:00, 5279.8, 5281.0, 5273.4, 5276.4, 18, 12, 5, 13
2026/3/11, 11:00:00, 5276.2, 5276.2, 5262.6, 5262.6, 25, 16, 20, 5
2026/3/11, 12:00:00, 5274.6, 5285.0, 5252.0, 5252.0, 37, 30, 23, 14
2026/3/11, 13:00:00, 5260.9, 5267.6, 5237.0, 5256.4, 14, 14, 8, 6
2026/3/11, 14:00:00, 5263.0, 5277.5, 5262.3, 5271.8, 11, 11, 7, 4
2026/3/11, 15:00:00, 5271.5, 5271.5, 5250.0, 5258.1, 12, 12, 8, 4
2026/3/11, 16:00:00, 5252.8, 5261.9, 5252.8, 5261.6, 4, 4, 3, 1
2026/3/11, 17:00:00, 5264.8, 5265.8, 5238.0, 5251.7, 34, 31, 23, 11
2026/3/11, 18:00:00, 5258.3, 5264.3, 5258.3, 5264.3, 2, 2, 2, 0
2026/3/11, 19:00:00, 5261.5, 5265.3, 5261.5, 5265.3, 2, 2, 1, 1
2026/3/11, 20:00:00, 5263.6, 5263.6, 5263.4, 5263.4, 2, 2, 0, 2
2026/3/12, 00:00:00, 5237.2, 5237.2, 5237.2, 5237.2, 2, 2, 1, 1
2026/3/12, 01:00:00, 5245.6, 5248.6, 5240.0, 5240.0, 7, 7, 6, 1
2026/3/12, 02:00:00, 5254.3, 5254.3, 5248.1, 5248.1, 4, 4, 2, 2
2026/3/12, 04:00:00, 5235.8, 5235.8, 5235.8, 5235.8, 1, 1, 0, 1
2026/3/12, 07:00:00, 5253.8, 5257.2, 5253.8, 5255.7, 7, 6, 0, 7
2026/3/12, 08:00:00, 5270.0, 5273.6, 5262.1, 5262.1, 7, 7, 3, 4
2026/3/12, 09:00:00, 5264.5, 5272.7, 5258.7, 5272.7, 25, 23, 15, 10
2026/3/12, 10:00:00, 5275.0, 5276.3, 5265.0, 5268.0, 8, 8, 2, 6
2026/3/12, 11:00:00, 5259.9, 5260.4, 5259.9, 5260.4, 2, 2, 1, 1
2026/3/12, 12:00:00, 5261.8, 5269.3, 5249.0, 5268.2, 16, 16, 10, 6
2026/3/12, 13:00:00, 5266.0, 5270.3, 5235.0, 5235.0, 10, 10, 8, 2
2026/3/12, 14:00:00, 5235.6, 5242.0, 5222.0, 5222.0, 9, 8, 3, 6
2026/3/12, 15:00:00, 5225.0, 5226.0, 5194.0, 5217.2, 45, 45, 12, 33
2026/3/12, 16:00:00, 5208.5, 5218.9, 5208.5, 5218.8, 5, 5, 1, 4
2026/3/12, 17:00:00, 5210.8, 5210.8, 5186.8, 5186.8, 41, 31, 31, 10
2026/3/12, 18:00:00, 5186.3, 5186.3, 5178.3, 5179.8, 8, 7, 3, 5
2026/3/12, 19:00:00, 5166.0, 5173.0, 5162.0, 5169.5, 5, 5, 5, 0
2026/3/12, 20:00:00, 5169.9, 5170.5, 5138.4, 5158.3, 41, 38, 24, 17
2026/3/12, 22:00:00, 5160.4, 5175.0, 5160.4, 5175.0, 7, 6, 1, 6
2026/3/13, 00:00:00, 5184.0, 5186.9, 5184.0, 5185.0, 3, 3, 2, 1
2026/3/13, 01:00:00, 5199.0, 5200.0, 5189.2, 5189.2, 10, 9, 3, 7
2026/3/13, 02:00:00, 5206.3, 5206.3, 5206.3, 5206.3, 1, 1, 1, 0
2026/3/13, 04:00:00, 5193.8, 5193.8, 5182.6, 5182.6, 12, 11, 9, 3
2026/3/13, 05:00:00, 5184.6, 5188.5, 5178.3, 5178.7, 7, 7, 6, 1
2026/3/13, 06:00:00, 5183.3, 5183.3, 5165.0, 5168.5, 34, 27, 19, 15
2026/3/13, 07:00:00, 5170.1, 5172.3, 5159.1, 5167.1, 17, 14, 6, 11
2026/3/13, 08:00:00, 5161.6, 5164.7, 5147.7, 5163.8, 33, 27, 15, 18
2026/3/13, 09:00:00, 5175.6, 5177.1, 5171.3, 5171.3, 6, 6, 3, 3
2026/3/13, 10:00:00, 5173.7, 5178.8, 5164.7, 5178.8, 17, 15, 5, 12
2026/3/13, 11:00:00, 5175.9, 5188.8, 5169.8, 5188.8, 14, 14, 3, 11
2026/3/13, 12:00:00, 5200.0, 5205.0, 5187.3, 5203.8, 13, 13, 5, 8
2026/3/13, 13:00:00, 5199.5, 5203.3, 5180.1, 5182.9, 25, 21, 7, 18
2026/3/13, 14:00:00, 5183.5, 5189.4, 5117.0, 5117.0, 29, 28, 23, 6
2026/3/13, 15:00:00, 5123.0, 5150.9, 5108.0, 5117.9, 28, 28, 14, 14
2026/3/13, 16:00:00, 5114.9, 5126.5, 5099.0, 5124.1, 18, 18, 13, 5
2026/3/13, 17:00:00, 5129.1, 5141.7, 5124.7, 5124.7, 82, 69, 45, 37
2026/3/13, 18:00:00, 5128.6, 5128.6, 5116.3, 5124.2, 7, 6, 7, 0
2026/3/13, 19:00:00, 5121.9, 5121.9, 5092.9, 5098.5, 39, 25, 13, 26
2026/3/13, 20:00:00, 5099.8, 5102.6, 5094.4, 5100.4, 7, 6, 3, 4
2026/3/15, 22:00:00, 5099.5, 5102.1, 5088.7, 5088.7, 15, 12, 11, 4
2026/3/15, 23:00:00, 5080.0, 5080.0, 5053.0, 5068.5, 45, 44, 19, 26
2026/3/16, 00:00:00, 5080.0, 5109.4, 5080.0, 5108.0, 18, 17, 7, 11
2026/3/16, 01:00:00, 5087.8, 5089.2, 5061.0, 5071.4, 21, 19, 16, 5
2026/3/16, 02:00:00, 5093.1, 5094.2, 5093.1, 5094.2, 3, 3, 3, 0
2026/3/16, 03:00:00, 5085.6, 5093.8, 5085.6, 5093.8, 2, 2, 2, 0
2026/3/16, 04:00:00, 5103.7, 5104.7, 5093.5, 5093.5, 7, 5, 4, 3
2026/3/16, 05:00:00, 5089.4, 5095.0, 5083.2, 5095.0, 4, 4, 2, 2
2026/3/16, 06:00:00, 5096.9, 5106.8, 5086.0, 5086.0, 4, 4, 1, 3
2026/3/16, 07:00:00, 5091.0, 5091.3, 5070.0, 5076.0, 25, 18, 7, 18
2026/3/16, 08:00:00, 5075.6, 5079.0, 5065.0, 5069.5, 18, 17, 6, 12
2026/3/16, 09:00:00, 5064.8, 5069.2, 5057.8, 5057.8, 7, 7, 5, 2
2026/3/16, 10:00:00, 5056.3, 5079.1, 5056.3, 5079.1, 39, 20, 4, 35
2026/3/16, 11:00:00, 5080.0, 5101.3, 5072.0, 5073.0, 23, 17, 8, 15
2026/3/16, 12:00:00, 5079.5, 5107.0, 5079.5, 5092.0, 17, 16, 9, 8
2026/3/16, 13:00:00, 5095.7, 5116.0, 5095.7, 5107.0, 29, 24, 21, 8
2026/3/16, 14:00:00, 5113.1, 5117.4, 5076.4, 5077.7, 13, 13, 8, 5
2026/3/16, 15:00:00, 5072.2, 5085.5, 5066.0, 5069.6, 12, 12, 8, 4
2026/3/16, 16:00:00, 5066.6, 5074.4, 5059.9, 5072.5, 10, 10, 7, 3
2026/3/16, 17:00:00, 5073.0, 5083.0, 5066.5, 5072.7, 20, 19, 11, 9
2026/3/16, 18:00:00, 5075.0, 5096.5, 5075.0, 5096.5, 10, 10, 8, 2
2026/3/16, 19:00:00, 5095.6, 5098.1, 5091.7, 5092.8, 7, 7, 3, 4
2026/3/16, 20:00:00, 5095.3, 5104.0, 5091.1, 5091.1, 5, 5, 1, 4
2026/3/17, 01:00:00, 5093.2, 5102.0, 5093.2, 5102.0, 2, 2, 0, 2
2026/3/17, 03:00:00, 5107.7, 5108.8, 5107.7, 5108.6, 5, 5, 4, 1
2026/3/17, 04:00:00, 5111.0, 5120.0, 5111.0, 5119.8, 9, 9, 5, 4
2026/3/17, 05:00:00, 5119.3, 5119.3, 5102.2, 5102.2, 7, 7, 5, 2
2026/3/17, 06:00:00, 5095.0, 5096.2, 5087.2, 5093.5, 42, 29, 33, 9
2026/3/17, 07:00:00, 5096.4, 5104.5, 5089.7, 5103.8, 8, 7, 6, 2
2026/3/17, 08:00:00, 5104.7, 5106.5, 5101.3, 5102.5, 6, 6, 2, 4
2026/3/17, 09:00:00, 5100.4, 5100.4, 5090.5, 5090.5, 17, 16, 6, 11
2026/3/17, 10:00:00, 5090.4, 5090.4, 5071.0, 5079.2, 11, 9, 9, 2
2026/3/17, 11:00:00, 5081.5, 5090.2, 5081.5, 5090.2, 4, 4, 3, 1
2026/3/17, 12:00:00, 5080.2, 5101.5, 5080.2, 5093.6, 11, 11, 3, 8
2026/3/17, 13:00:00, 5094.1, 5108.3, 5092.6, 5095.1, 15, 15, 7, 8
2026/3/17, 14:00:00, 5097.9, 5099.3, 5088.7, 5092.5, 15, 15, 7, 8
2026/3/17, 15:00:00, 5095.1, 5095.1, 5053.0, 5078.2, 30, 30, 21, 9
2026/3/17, 16:00:00, 5077.9, 5085.5, 5073.0, 5081.2, 28, 22, 16, 12
2026/3/17, 17:00:00, 5085.2, 5088.7, 5080.9, 5082.2, 28, 28, 6, 22
2026/3/17, 18:00:00, 5084.9, 5088.5, 5080.0, 5085.7, 27, 27, 22, 5
2026/3/17, 19:00:00, 5083.9, 5083.9, 5079.4, 5080.1, 5, 5, 1, 4
2026/3/17, 20:00:00, 5081.8, 5085.5, 5081.8, 5085.5, 3, 3, 0, 3
2026/3/18, 00:00:00, 5080.3, 5080.3, 5080.2, 5080.2, 2, 2, 2, 0
2026/3/18, 01:00:00, 5081.5, 5085.8, 5077.1, 5077.1, 8, 7, 5, 3
2026/3/18, 02:00:00, 5084.1, 5084.1, 5075.1, 5075.1, 3, 3, 2, 1
2026/3/18, 03:00:00, 5068.4, 5074.3, 5064.7, 5070.2, 13, 9, 7, 6
2026/3/18, 04:00:00, 5069.5, 5069.5, 5060.8, 5063.5, 18, 14, 11, 7
2026/3/18, 05:00:00, 5065.5, 5079.1, 5065.4, 5079.1, 8, 7, 5, 3
2026/3/18, 06:00:00, 5077.3, 5091.2, 5077.3, 5088.6, 9, 9, 4, 5
2026/3/18, 07:00:00, 5093.0, 5093.0, 5080.1, 5080.1, 8, 8, 1, 7
2026/3/18, 08:00:00, 5073.9, 5073.9, 5060.2, 5067.8, 14, 9, 4, 10
2026/3/18, 09:00:00, 5069.8, 5075.2, 5068.3, 5075.2, 17, 12, 12, 5
2026/3/18, 10:00:00, 5070.3, 5070.3, 5041.5, 5044.0, 25, 23, 12, 13
2026/3/18, 11:00:00, 5048.1, 5051.0, 5006.0, 5007.6, 65, 47, 36, 29
2026/3/18, 12:00:00, 5007.7, 5010.4, 4951.6, 4958.6, 112, 99, 63, 49
2026/3/18, 13:00:00, 4940.0, 4956.2, 4918.1, 4956.2, 49, 42, 27, 22
2026/3/18, 14:00:00, 4954.7, 4970.0, 4937.0, 4948.8, 117, 108, 35, 82
2026/3/18, 15:00:00, 4949.2, 4954.2, 4941.4, 4944.1, 74, 74, 12, 62
2026/3/18, 16:00:00, 4940.2, 4967.5, 4940.2, 4967.5, 15, 15, 5, 10
2026/3/18, 17:00:00, 4966.3, 4978.0, 4966.3, 4970.1, 31, 31, 13, 18
2026/3/18, 18:00:00, 4964.0, 4965.6, 4934.0, 4934.0, 18, 15, 12, 6
2026/3/18, 19:00:00, 4930.0, 4942.0, 4918.9, 4920.5, 23, 23, 9, 14
2026/3/18, 20:00:00, 4924.3, 4924.3, 4888.0, 4896.2, 27, 25, 16, 11
2026/3/18, 22:00:00, 4894.7, 4906.6, 4894.7, 4906.6, 3, 3, 2, 1
2026/3/18, 23:00:00, 4910.0, 4910.0, 4910.0, 4910.0, 1, 1, 1, 0
2026/3/19, 01:00:00, 4912.3, 4940.0, 4909.8, 4940.0, 16, 14, 2, 14
2026/3/19, 02:00:00, 4921.0, 4934.2, 4917.6, 4929.5, 33, 27, 29, 4
2026/3/19, 03:00:00, 4930.3, 4930.3, 4926.6, 4926.6, 4, 4, 4, 0
