Date, Time, Open, High, Low, Last, Volume, OpenInterest
2024/9/27, 00:00:00, 2833.1, 2833.1, 2833.1, 2833.1, 209716, 544026
2024/9/30, 00:00:00, 2826.2, 2826.2, 2826.2, 2826.2, 182529, 528392
2024/10/1, 00:00:00, 2858.5, 2858.5, 2858.5, 2858.5, 214346, 533107
2024/10/2, 00:00:00, 2841.4, 2841.4, 2841.4, 2841.4, 134173, 529827
2024/10/3, 00:00:00, 2851.2, 2851.2, 2851.2, 2851.2, 145351, 528440
2024/10/4, 00:00:00, 2847.3, 2847.3, 2847.3, 2847.3, 216667, 529919
2024/10/7, 00:00:00, 2848.7, 2848.7, 2848.7, 2848.7, 142003, 526822
2024/10/8, 00:00:00, 2816.5, 2816.5, 2816.5, 2816.5, 257903, 520316
2024/10/9, 00:00:00, 2808.1, 2808.1, 2808.1, 2808.1, 154924, 521836
2024/10/10, 00:00:00, 2823.7, 2823.7, 2823.7, 2823.7, 230593, 531106
2024/10/11, 00:00:00, 2860.3, 2860.3, 2860.3, 2860.3, 182419, 538734
2024/10/14, 00:00:00, 2851.0, 2851.0, 2851.0, 2851.0, 127304, 536624
2024/10/15, 00:00:00, 2863.8, 2863.8, 2863.8, 2863.8, 170097, 541232
2024/10/16, 00:00:00, 2877.0, 2877.0, 2877.0, 2877.0, 166517, 547421
2024/10/17, 00:00:00, 2893.5, 2893.5, 2893.5, 2893.5, 199224, 557758
2024/10/18, 00:00:00, 2917.7, 2917.7, 2917.7, 2917.7, 195121, 566714
2024/10/21, 00:00:00, 2928.5, 2928.5, 2928.5, 2928.5, 225541, 567444
2024/10/22, 00:00:00, 2951.3, 2951.3, 2951.3, 2951.3, 187067, 573760
2024/10/23, 00:00:00, 2923.0, 2923.0, 2923.0, 2923.0, 231664, 565369
2024/10/24, 00:00:00, 2942.4, 2942.4, 2942.4, 2942.4, 198223, 565131
2024/10/25, 00:00:00, 2948.0, 2948.0, 2948.0, 2948.0, 162858, 565397
2024/10/28, 00:00:00, 2951.6, 2951.6, 2951.6, 2951.6, 175066, 561406
2024/10/29, 00:00:00, 2976.6, 2976.6, 2976.6, 2976.6, 236538, 579443
2024/10/30, 00:00:00, 3003.4, 3003.4, 3003.4, 3003.4, 216854, 584445
2024/10/31, 00:00:00, 2951.9, 2951.9, 2951.9, 2951.9, 282258, 568592
2024/11/1, 00:00:00, 2950.8, 2950.8, 2950.8, 2950.8, 207833, 562253
2024/11/4, 00:00:00, 2948.7, 2948.7, 2948.7, 2948.7, 164068, 558125
2024/11/5, 00:00:00, 2955.2, 2955.2, 2955.2, 2955.2, 183786, 558034
2024/11/6, 00:00:00, 2881.0, 2881.0, 2881.0, 2881.0, 421271, 547625
2024/11/7, 00:00:00, 2910.9, 2910.9, 2910.9, 2910.9, 389231, 553566
2024/11/8, 00:00:00, 2899.7, 2899.7, 2899.7, 2899.7, 321189, 552706
2024/11/11, 00:00:00, 2820.6, 2820.6, 2820.6, 2820.6, 366802, 540538
2024/11/12, 00:00:00, 2809.1, 2809.1, 2809.1, 2809.1, 366970, 535981
2024/11/13, 00:00:00, 2786.7, 2786.7, 2786.7, 2786.7, 345108, 541243
2024/11/14, 00:00:00, 2772.3, 2772.3, 2772.3, 2772.3, 314507, 535891
2024/11/15, 00:00:00, 2769.5, 2769.5, 2769.5, 2769.5, 225951, 518182
2024/11/18, 00:00:00, 2816.3, 2816.3, 2816.3, 2816.3, 255690, 515181
2024/11/19, 00:00:00, 2832.5, 2832.5, 2832.5, 2832.5, 263175, 502952
2024/11/20, 00:00:00, 2855.3, 2855.3, 2855.3, 2855.3, 238577, 501315
2024/11/21, 00:00:00, 2879.9, 2879.9, 2879.9, 2879.9, 261382, 496192
2024/11/22, 00:00:00, 2921.3, 2921.3, 2921.3, 2921.3, 306237, 503904
2024/11/25, 00:00:00, 2823.6, 2823.6, 2823.6, 2823.6, 473439, 481161
2024/11/26, 00:00:00, 2827.3, 2827.3, 2827.3, 2827.3, 339459, 472617
2024/11/27, 00:00:00, 2837.4, 2837.4, 2837.4, 2837.4, 240544, 468283
2024/11/29, 00:00:00, 2858.9, 2858.9, 2858.9, 2858.9, 197001, 457765
2024/12/2, 00:00:00, 2838.0, 2839.1, 2838.0, 2839.1, 174149, 459383
2024/12/3, 00:00:00, 2846.8, 2846.8, 2846.8, 2846.8, 150833, 462040
2024/12/4, 00:00:00, 2853.9, 2853.9, 2853.9, 2853.9, 189727, 468864
2024/12/5, 00:00:00, 2825.0, 2825.0, 2825.0, 2825.0, 168525, 469491
2024/12/6, 00:00:00, 2834.4, 2834.4, 2834.4, 2834.4, 187663, 467975
2024/12/9, 00:00:00, 2865.0, 2865.0, 2865.0, 2865.0, 203994, 476119
2024/12/10, 00:00:00, 2875.9, 2897.5, 2875.9, 2897.5, 200529, 483346
2024/12/11, 00:00:00, 2933.1, 2933.1, 2933.1, 2933.1, 307167, 495497
2024/12/12, 00:00:00, 2889.8, 2889.8, 2889.8, 2889.8, 245070, 490589
2024/12/13, 00:00:00, 2857.3, 2857.3, 2857.3, 2857.3, 197109, 478067
2024/12/16, 00:00:00, 2851.9, 2851.9, 2851.9, 2851.9, 127295, 471098
2024/12/17, 00:00:00, 2845.1, 2845.1, 2845.1, 2845.1, 159149, 466571
2024/12/18, 00:00:00, 2839.1, 2839.1, 2839.1, 2839.1, 168297, 461876
2024/12/19, 00:00:00, 2797.4, 2797.4, 2797.4, 2797.4, 201177, 457814
2024/12/20, 00:00:00, 2833.4, 2833.4, 2833.4, 2833.4, 163249, 458644
2024/12/23, 00:00:00, 2818.0, 2818.0, 2818.0, 2818.0, 111395, 455558
2024/12/24, 00:00:00, 2828.0, 2828.0, 2828.0, 2828.0, 57816, 454646
2024/12/26, 00:00:00, 2849.3, 2849.3, 2849.3, 2849.3, 85508, 450587
2024/12/27, 00:00:00, 2829.9, 2829.9, 2829.9, 2829.9, 101579, 448451
2024/12/30, 00:00:00, 2821.2, 2821.2, 2821.2, 2821.2, 125657, 450970
2024/12/31, 00:00:00, 2850.8, 2850.8, 2850.8, 2850.8, 111837, 458584
2025/1/2, 00:00:00, 2873.6, 2873.6, 2873.6, 2873.6, 166422, 467335
2025/1/3, 00:00:00, 2855.2, 2855.2, 2855.2, 2855.2, 146382, 467129
2025/1/6, 00:00:00, 2846.5, 2846.5, 2846.5, 2846.5, 196652, 464000
2025/1/7, 00:00:00, 2865.7, 2865.7, 2865.7, 2865.7, 192387, 477043
2025/1/8, 00:00:00, 2874.9, 2874.9, 2874.9, 2874.9, 267403, 481858
2025/1/9, 00:00:00, 2893.3, 2893.3, 2893.3, 2893.3, 220269, 489745
2025/1/10, 00:00:00, 2918.3, 2918.3, 2918.3, 2918.3, 401369, 499105
2025/1/13, 00:00:00, 2878.9, 2878.9, 2878.9, 2878.9, 300008, 504889
2025/1/14, 00:00:00, 2885.6, 2885.6, 2885.6, 2885.6, 262816, 526467
2025/1/15, 00:00:00, 2921.4, 2921.4, 2921.4, 2921.4, 228729, 536035
2025/1/16, 00:00:00, 2956.6, 2956.6, 2956.6, 2956.6, 227416, 552464
2025/1/17, 00:00:00, 2955.4, 2955.4, 2955.4, 2955.4, 198435, 556644
2025/1/21, 00:00:00, 2955.4, 2967.7, 2955.4, 2967.7, 367795, 571387
2025/1/22, 00:00:00, 2979.8, 2979.8, 2979.8, 2979.8, 208748, 581989
2025/1/23, 00:00:00, 2974.3, 2974.3, 2974.3, 2974.3, 262357, 586555
2025/1/24, 00:00:00, 2990.1, 2990.1, 2990.1, 2990.1, 291988, 597295
2025/1/27, 00:00:00, 2950.7, 2950.7, 2950.7, 2950.7, 337585, 582778
2025/1/28, 00:00:00, 2970.5, 2984.6, 2970.5, 2984.6, 320105, 577505
2025/1/29, 00:00:00, 2978.3, 2978.3, 2978.3, 2978.3, 312877, 565845
2025/1/30, 00:00:00, 3029.7, 3029.7, 3029.7, 3029.7, 247938, 574707
2025/1/31, 00:00:00, 3017.8, 3017.8, 3017.8, 3017.8, 179004, 548642
2025/2/3, 00:00:00, 3037.2, 3037.2, 3037.2, 3037.2, 196473, 543681
2025/2/4, 00:00:00, 3057.9, 3057.9, 3057.9, 3057.9, 160979, 542004
2025/2/5, 00:00:00, 3076.3, 3076.3, 3076.3, 3076.3, 187322, 540351
2025/2/6, 00:00:00, 3063.6, 3063.6, 3063.6, 3063.6, 185240, 534054
2025/2/7, 00:00:00, 3079.5, 3079.5, 3079.5, 3079.5, 212904, 530738
2025/2/10, 00:00:00, 3129.6, 3129.6, 3129.6, 3129.6, 188067, 536202
2025/2/11, 00:00:00, 3133.3, 3133.3, 3133.3, 3133.3, 247346, 528719
2025/2/12, 00:00:00, 3132.0, 3132.0, 3132.0, 3132.0, 218896, 528051
2025/2/13, 00:00:00, 3147.0, 3147.0, 3147.0, 3147.0, 195812, 530293
2025/2/14, 00:00:00, 3118.4, 3118.4, 3099.2, 3099.2, 247066, 520641
2025/2/18, 00:00:00, 3147.6, 3147.6, 3147.6, 3147.6, 240880, 522330
2025/2/19, 00:00:00, 3130.3, 3130.3, 3130.3, 3130.3, 180523, 524184
2025/2/20, 00:00:00, 3150.7, 3150.7, 3150.7, 3150.7, 183934, 526625
2025/2/21, 00:00:00, 3145.6, 3145.6, 3145.6, 3145.6, 174706, 525321
2025/2/24, 00:00:00, 3157.7, 3157.7, 3157.7, 3157.7, 174241, 529785
2025/2/25, 00:00:00, 3112.7, 3112.7, 3112.7, 3112.7, 256098, 512179
2025/2/26, 00:00:00, 3124.5, 3124.5, 3124.5, 3124.5, 175151, 512654
2025/2/27, 00:00:00, 3089.5, 3089.5, 3089.5, 3089.5, 221721, 507722
2025/2/28, 00:00:00, 3040.6, 3040.6, 3040.6, 3040.6, 227387, 489629
2025/3/3, 00:00:00, 3094.7, 3094.7, 3094.7, 3094.7, 199653, 488842
2025/3/4, 00:00:00, 3113.7, 3113.7, 3113.7, 3113.7, 209732, 489270
2025/3/5, 00:00:00, 3118.5, 3118.5, 3118.5, 3118.5, 205124, 492353
2025/3/6, 00:00:00, 3119.2, 3119.2, 3119.2, 3119.2, 189924, 493608
2025/3/7, 00:00:00, 3104.9, 3104.9, 3104.9, 3104.9, 309975, 499776
2025/3/10, 00:00:00, 3088.4, 3088.4, 3088.4, 3088.4, 294278, 505149
2025/3/11, 00:00:00, 3079.3, 3110.6, 3079.3, 3110.6, 258254, 511276
2025/3/12, 00:00:00, 3135.4, 3135.4, 3135.4, 3135.4, 283347, 508714
2025/3/13, 00:00:00, 3180.8, 3180.8, 3180.8, 3180.8, 339776, 526145
2025/3/14, 00:00:00, 3185.7, 3190.0, 3185.7, 3190.0, 219862, 532348
2025/3/17, 00:00:00, 3195.2, 3195.2, 3195.2, 3195.2, 163033, 531211
2025/3/18, 00:00:00, 3221.4, 3233.3, 3221.4, 3233.3, 213118, 533566
2025/3/19, 00:00:00, 3234.1, 3234.1, 3234.1, 3234.1, 170965, 537836
2025/3/20, 00:00:00, 3240.0, 3240.0, 3235.5, 3235.5, 176017, 532731
2025/3/21, 00:00:00, 3208.5, 3208.5, 3208.5, 3208.5, 245993, 519140
2025/3/24, 00:00:00, 3202.8, 3202.8, 3202.8, 3202.8, 307601, 506999
2025/3/25, 00:00:00, 3213.8, 3213.8, 3213.8, 3213.8, 274164, 511482
2025/3/26, 00:00:00, 3210.2, 3210.2, 3210.2, 3210.2, 297001, 508083
2025/3/27, 00:00:00, 3224.3, 3249.4, 3224.3, 3249.4, 327369, 512116
2025/3/28, 00:00:00, 3273.3, 3273.3, 3273.3, 3273.3, 250631, 574824
2025/3/31, 00:00:00, 3304.8, 3310.2, 3304.8, 3310.2, 247509, 505772
2025/4/1, 00:00:00, 3305.6, 3305.6, 3305.6, 3305.6, 213871, 498746
2025/4/2, 00:00:00, 3327.6, 3327.6, 3327.6, 3327.6, 250242, 493720
2025/4/3, 00:00:00, 3320.0, 3320.0, 3281.5, 3281.5, 424365, 485008
2025/4/4, 00:00:00, 3278.0, 3278.0, 3189.4, 3189.4, 373167, 467059
2025/4/7, 00:00:00, 3145.0, 3145.0, 3127.0, 3127.0, 357332, 473354
2025/4/8, 00:00:00, 3146.0, 3146.0, 3146.0, 3146.0, 219339, 445468
2025/4/9, 00:00:00, 3243.7, 3243.7, 3243.7, 3243.7, 326082, 449087
2025/4/10, 00:00:00, 3350.1, 3350.1, 3344.3, 3344.3, 259651, 459504
2025/4/11, 00:00:00, 3419.3, 3419.3, 3419.3, 3419.3, 269736, 457803
2025/4/14, 00:00:00, 3398.6, 3398.6, 3398.6, 3398.6, 200492, 454327
2025/4/15, 00:00:00, 3413.2, 3413.2, 3413.2, 3413.2, 133283, 456628
2025/4/16, 00:00:00, 3523.9, 3523.9, 3523.9, 3523.9, 277736, 463490
2025/4/17, 00:00:00, 3505.3, 3505.3, 3505.3, 3505.3, 261675, 458586
2025/4/21, 00:00:00, 3604.5, 3604.5, 3604.5, 3604.5, 263293, 466325
2025/4/22, 00:00:00, 3600.8, 3600.8, 3600.8, 3600.8, 453766, 465351
2025/4/23, 00:00:00, 3495.3, 3495.3, 3473.5, 3473.5, 398663, 458673
2025/4/24, 00:00:00, 3530.1, 3530.1, 3530.1, 3530.1, 255532, 446637
2025/4/25, 00:00:00, 3470.0, 3478.4, 3470.0, 3478.4, 258408, 445548
2025/4/28, 00:00:00, 3528.3, 3528.3, 3528.3, 3528.3, 230154, 448023
2025/4/29, 00:00:00, 3513.2, 3513.2, 3513.2, 3513.2, 180037, 451868
2025/4/30, 00:00:00, 3496.1, 3496.1, 3496.1, 3496.1, 220899, 442851
2025/5/1, 00:00:00, 3396.8, 3396.8, 3396.8, 3396.8, 236137, 439159
2025/5/2, 00:00:00, 3418.9, 3418.9, 3418.9, 3418.9, 231753, 438327
2025/5/5, 00:00:00, 3502.1, 3502.1, 3501.4, 3501.4, 206550, 442137
2025/5/6, 00:00:00, 3605.0, 3605.0, 3605.0, 3605.0, 305227, 452414
2025/5/7, 00:00:00, 3575.0, 3575.0, 3575.0, 3575.0, 389124, 443832
2025/5/8, 00:00:00, 3480.0, 3487.1, 3480.0, 3487.1, 405479, 438431
2025/5/9, 00:00:00, 3525.1, 3525.1, 3525.1, 3525.1, 283747, 438271
2025/5/12, 00:00:00, 3408.6, 3408.6, 3408.6, 3408.6, 381812, 440560
2025/5/13, 00:00:00, 3430.0, 3430.0, 3430.0, 3430.0, 269476, 440842
2025/5/14, 00:00:00, 3367.7, 3367.7, 3367.7, 3367.7, 269028, 441565
2025/5/15, 00:00:00, 3404.6, 3404.6, 3404.6, 3404.6, 289439, 440192
2025/5/16, 00:00:00, 3363.9, 3363.9, 3363.9, 3363.9, 272183, 441666
2025/5/19, 00:00:00, 3412.3, 3412.3, 3412.3, 3412.3, 214727, 442943
2025/5/20, 00:00:00, 3462.5, 3462.5, 3462.5, 3462.5, 261793, 448000
2025/5/21, 00:00:00, 3500.1, 3500.1, 3494.4, 3494.4, 287807, 453340
2025/5/22, 00:00:00, 3476.4, 3476.4, 3476.4, 3476.4, 295020, 452564
2025/5/23, 00:00:00, 3549.8, 3549.8, 3549.8, 3549.8, 328476, 451013
2025/5/27, 00:00:00, 3485.6, 3485.6, 3485.6, 3485.6, 445043, 437538
2025/5/28, 00:00:00, 3484.0, 3484.0, 3478.2, 3478.2, 325056, 429016
2025/5/29, 00:00:00, 3459.1, 3496.3, 3438.3, 3496.3, 264492, 422605
2025/5/30, 00:00:00, 3491.1, 3491.1, 3467.2, 3467.2, 194287, 408787
2025/6/2, 00:00:00, 3483.5, 3551.8, 3477.8, 3551.8, 193512, 416217
2025/6/3, 00:00:00, 3534.1, 3534.1, 3534.1, 3534.1, 183575, 415941
2025/6/4, 00:00:00, 3555.5, 3555.5, 3555.5, 3555.5, 175634, 417254
2025/6/5, 00:00:00, 3530.0, 3530.0, 3530.0, 3530.0, 237681, 418066
2025/6/6, 00:00:00, 3501.7, 3501.7, 3501.7, 3501.7, 199080, 415962
2025/6/9, 00:00:00, 3509.8, 3509.8, 3509.8, 3509.8, 154650, 414493
2025/6/10, 00:00:00, 3497.5, 3510.8, 3480.9, 3498.3, 169829, 417143
2025/6/11, 00:00:00, 3505.7, 3505.7, 3497.5, 3497.5, 214363, 423276
2025/6/12, 00:00:00, 3550.7, 3558.7, 3550.7, 3555.1, 245984, 432310
2025/6/13, 00:00:00, 3601.5, 3614.0, 3601.5, 3607.5, 282363, 439674
2025/6/16, 00:00:00, 3625.3, 3625.3, 3571.7, 3571.7, 200516, 439321
2025/6/17, 00:00:00, 3566.4, 3566.4, 3550.0, 3562.9, 219624, 441214
2025/6/18, 00:00:00, 3556.9, 3567.7, 3545.8, 3562.8, 188377, 442374
2025/6/20, 00:00:00, 3540.5, 3540.5, 3540.5, 3540.5, 294492, 440107
2025/6/23, 00:00:00, 3538.5, 3551.1, 3536.8, 3549.1, 206078, 440905
2025/6/24, 00:00:00, 3526.7, 3526.7, 3471.0, 3487.7, 247265, 434958
2025/6/25, 00:00:00, 3498.7, 3498.7, 3495.5, 3497.2, 139890, 434138
2025/6/26, 00:00:00, 3499.1, 3502.8, 3490.0, 3501.6, 168133, 434377
2025/6/27, 00:00:00, 3452.7, 3452.7, 3439.5, 3439.5, 239545, 436022
2025/6/30, 00:00:00, 3459.5, 3459.5, 3459.5, 3459.5, 152610, 434714
2025/7/1, 00:00:00, 3514.6, 3514.6, 3502.4, 3502.4, 186143, 437662
2025/7/2, 00:00:00, 3506.5, 3523.5, 3496.2, 3513.7, 148640, 438709
2025/7/3, 00:00:00, 3524.7, 3526.7, 3481.9, 3497.8, 168196, 440793
2025/7/7, 00:00:00, 3492.4, 3497.7, 3491.0, 3497.7, 255358, 445944
2025/7/8, 00:00:00, 3496.0, 3499.0, 3473.3, 3473.3, 270387, 443144
2025/7/9, 00:00:00, 3476.0, 3476.0, 3473.6, 3475.7, 214079, 440086
2025/7/10, 00:00:00, 3482.9, 3490.8, 3479.4, 3480.8, 217055, 431906
2025/7/11, 00:00:00, 3487.2, 3521.3, 3487.2, 3518.0, 276126, 445777
2025/7/14, 00:00:00, 3539.6, 3542.1, 3509.4, 3515.1, 254763, 453590
2025/7/15, 00:00:00, 3512.5, 3531.7, 3492.5, 3492.5, 212163, 448531
2025/7/16, 00:00:00, 3491.0, 3535.6, 3488.0, 3513.9, 270899, 450862
2025/7/17, 00:00:00, 3502.2, 3502.2, 3479.8, 3500.4, 186824, 444521
2025/7/18, 00:00:00, 3498.3, 3513.9, 3495.7, 3513.4, 134215, 446753
2025/7/21, 00:00:00, 3509.6, 3568.5, 3509.6, 3564.1, 243554, 471321
2025/7/22, 00:00:00, 3567.1, 3604.3, 3556.0, 3604.3, 304186, 489423
2025/7/23, 00:00:00, 3597.3, 3602.7, 3554.6, 3555.0, 356044, 484112
2025/7/24, 00:00:00, 3544.2, 3545.8, 3523.9, 3531.9, 310286, 472144
2025/7/25, 00:00:00, 3530.3, 3530.3, 3490.7, 3490.7, 282014, 461504
2025/7/28, 00:00:00, 3478.4, 3497.9, 3465.1, 3465.5, 292064, 450941
2025/7/29, 00:00:00, 3463.0, 3481.0, 3463.0, 3480.3, 288652, 445246
2025/7/30, 00:00:00, 3468.6, 3468.6, 3444.3, 3451.2, 252423, 442248
2025/7/31, 00:00:00, 3461.0, 3461.0, 3447.9, 3448.1, 185112, 427980
2025/8/1, 00:00:00, 3441.5, 3507.8, 3441.5, 3496.4, 269844, 437777
2025/8/4, 00:00:00, 3517.8, 3527.6, 3499.0, 3522.8, 161438, 444682
2025/8/5, 00:00:00, 3529.5, 3538.5, 3518.3, 3531.8, 172959, 449647
2025/8/6, 00:00:00, 3531.9, 3534.4, 3512.5, 3529.9, 175872, 450807
2025/8/7, 00:00:00, 3539.7, 3571.9, 3537.7, 3546.5, 310456, 463334
2025/8/8, 00:00:00, 3581.7, 3593.0, 3551.9, 3581.1, 414490, 467800
2025/8/11, 00:00:00, 3539.2, 3539.3, 3501.0, 3505.5, 262930, 452687
2025/8/12, 00:00:00, 3501.4, 3502.5, 3491.7, 3498.6, 220255, 446152
2025/8/13, 00:00:00, 3493.9, 3509.0, 3493.5, 3508.0, 155741, 444675
2025/8/14, 00:00:00, 3516.7, 3516.7, 3482.0, 3482.0, 180976, 439709
2025/8/15, 00:00:00, 3478.4, 3488.6, 3477.9, 3480.3, 132215, 440051
2025/8/18, 00:00:00, 3476.2, 3491.0, 3474.0, 3475.2, 129128, 439893
2025/8/19, 00:00:00, 3472.4, 3476.2, 3455.2, 3455.2, 148394, 438541
2025/8/20, 00:00:00, 3453.0, 3488.5, 3453.0, 3486.2, 149905, 437695
2025/8/21, 00:00:00, 3488.4, 3488.4, 3473.4, 3479.5, 135619, 434098
2025/8/22, 00:00:00, 3474.1, 3516.8, 3469.2, 3516.2, 204661, 438806
2025/8/25, 00:00:00, 3511.2, 3515.5, 3505.4, 3515.5, 107537, 442378
2025/8/26, 00:00:00, 3528.1, 3532.6, 3511.0, 3532.6, 194487, 443760
2025/8/27, 00:00:00, 3527.3, 3550.4, 3527.2, 3550.4, 173524, 448189
2025/8/28, 00:00:00, 3574.8, 3574.8, 3574.8, 3574.8, 173462, 456226
2025/8/29, 00:00:00, 3599.5, 3619.9, 3599.3, 3618.1, 207110, 471240
2025/9/2, 00:00:00, 3614.6, 3695.0, 3609.0, 3694.8, 407646, 492908
2025/9/3, 00:00:00, 3710.1, 3739.2, 3697.6, 3739.2, 243321, 494776
2025/9/4, 00:00:00, 3720.0, 3720.9, 3681.7, 3710.3, 254684, 495368
2025/9/5, 00:00:00, 3700.8, 3758.0, 3700.8, 3756.5, 262651, 501157
2025/9/8, 00:00:00, 3730.0, 3783.2, 3728.5, 3779.1, 256986, 503285
2025/9/9, 00:00:00, 3773.5, 3814.3, 3766.1, 3784.0, 290439, 509625
2025/9/10, 00:00:00, 3773.0, 3798.0, 3760.9, 3784.1, 201375, 510076
2025/9/11, 00:00:00, 3786.9, 3788.7, 3759.2, 3775.1, 236381, 510383
2025/9/12, 00:00:00, 3782.0, 3796.3, 3782.0, 3788.9, 174242, 512181
2025/9/15, 00:00:00, 3772.6, 3824.0, 3772.6, 3821.6, 208695, 519611
2025/9/16, 00:00:00, 3825.6, 3839.9, 3814.9, 3828.3, 214622, 516221
2025/9/17, 00:00:00, 3831.6, 3837.8, 3790.0, 3821.4, 279690, 517578
2025/9/18, 00:00:00, 3802.2, 3808.5, 3770.0, 3780.9, 243188, 515612
2025/9/19, 00:00:00, 3773.6, 3820.0, 3767.3, 3809.1, 207987, 522306
2025/9/22, 00:00:00, 3827.1, 3886.1, 3824.7, 3880.0, 248004, 530457
2025/9/23, 00:00:00, 3888.8, 3928.8, 3879.3, 3922.3, 330734, 528789
2025/9/24, 00:00:00, 3908.8, 3916.9, 3859.4, 3875.3, 265431, 526067
2025/9/25, 00:00:00, 3879.4, 3900.0, 3861.5, 3881.1, 299614, 516312
2025/9/26, 00:00:00, 3883.3, 3923.3, 3879.8, 3919.1, 245328, 513156
2025/9/29, 00:00:00, 3906.5, 3974.0, 3906.5, 3968.5, 281594, 517465
2025/9/30, 00:00:00, 3974.0, 4011.5, 3934.3, 3985.8, 336239, 493748
2025/10/1, 00:00:00, 4004.7, 4036.7, 3998.5, 4011.5, 312531, 491059
2025/10/2, 00:00:00, 4001.0, 4032.5, 3964.1, 3980.8, 304647, 484786
2025/10/3, 00:00:00, 3992.9, 4027.2, 3976.0, 4022.1, 230839, 479525
2025/10/6, 00:00:00, 4049.0, 4106.0, 4039.8, 4093.9, 295216, 483672
2025/10/7, 00:00:00, 4112.8, 4134.3, 4085.0, 4124.9, 333332, 485559
2025/10/8, 00:00:00, 4137.2, 4196.7, 4129.0, 4193.8, 383245, 490496
2025/10/9, 00:00:00, 4175.0, 4197.6, 4084.6, 4092.5, 514387, 483650
2025/10/10, 00:00:00, 4110.7, 4154.8, 4090.0, 4119.6, 387955, 482976
2025/10/13, 00:00:00, 4139.3, 4255.6, 4139.3, 4255.0, 333731, 486887
2025/10/14, 00:00:00, 4262.0, 4305.0, 4240.0, 4285.4, 429365, 485788
2025/10/15, 00:00:00, 4297.7, 4357.5, 4297.7, 4324.9, 327800, 487873
2025/10/16, 00:00:00, 4357.3, 4450.7, 4339.6, 4429.8, 403735, 483770
2025/10/17, 00:00:00, 4495.0, 4513.8, 4330.0, 4335.1, 611632, 479971
2025/10/20, 00:00:00, 4375.4, 4522.9, 4357.3, 4485.8, 368326, 475938
2025/10/21, 00:00:00, 4512.3, 4514.0, 4226.0, 4228.6, 577546, 472421
2025/10/22, 00:00:00, 4251.3, 4292.1, 4151.5, 4186.2, 507114, 463789
2025/10/23, 00:00:00, 4215.3, 4278.8, 4215.3, 4268.3, 288886, 464096
2025/10/24, 00:00:00, 4250.5, 4277.5, 4189.6, 4260.5, 313806, 464052
2025/10/27, 00:00:00, 4201.6, 4240.0, 4107.2, 4138.8, 355604, 463706
2025/10/28, 00:00:00, 4119.3, 4147.0, 4021.4, 4100.6, 365142, 457122
2025/10/29, 00:00:00, 4087.5, 4158.8, 4067.5, 4121.1, 312357, 456175
2025/10/30, 00:00:00, 4093.5, 4160.4, 4053.8, 4139.0, 269052, 456333
2025/10/31, 00:00:00, 4175.0, 4175.0, 4105.0, 4118.1, 259051, 449900
2025/11/3, 00:00:00, 4125.9, 4155.0, 4095.7, 4137.9, 247792, 452773
2025/11/4, 00:00:00, 4120.0, 4126.1, 4065.0, 4082.2, 277749, 450399
2025/11/5, 00:00:00, 4076.7, 4120.0, 4066.0, 4116.2, 201342, 453313
2025/11/6, 00:00:00, 4104.9, 4148.5, 4097.7, 4113.5, 222053, 452487
2025/11/7, 00:00:00, 4122.5, 4145.8, 4121.3, 4131.2, 265119, 455161
2025/11/10, 00:00:00, 4147.2, 4246.5, 4147.2, 4246.1, 316099, 459997
2025/11/11, 00:00:00, 4258.6, 4275.0, 4227.9, 4240.3, 326438, 466031
2025/11/12, 00:00:00, 4260.0, 4340.2, 4236.0, 4338.8, 381612, 480255
2025/11/13, 00:00:00, 4310.3, 4362.5, 4285.0, 4322.6, 408927, 480877
2025/11/14, 00:00:00, 4315.0, 4319.0, 4176.2, 4218.6, 404043, 477283
2025/11/17, 00:00:00, 4230.5, 4230.5, 4143.2, 4199.5, 272792, 474390
2025/11/18, 00:00:00, 4144.8, 4201.2, 4126.8, 4190.5, 285182, 471953
2025/11/19, 00:00:00, 4190.0, 4256.5, 4186.2, 4208.0, 289003, 467893
2025/11/20, 00:00:00, 4168.8, 4227.1, 4168.8, 4183.6, 350934, 470585
2025/11/21, 00:00:00, 4190.0, 4219.7, 4152.2, 4201.5, 360559, 470349
2025/11/24, 00:00:00, 4172.0, 4238.9, 4161.6, 4216.3, 348958, 442270
2025/11/25, 00:00:00, 4256.4, 4278.0, 4233.6, 4264.6, 379767, 432191
2025/11/26, 00:00:00, 4284.0, 4294.8, 4260.0, 4291.2, 229978, 431603
2025/11/28, 00:00:00, 4279.7, 4346.0, 4266.0, 4344.5, 167020, 419484
2025/12/1, 00:00:00, 4350.0, 4388.4, 4341.6, 4367.1, 249871, 418697
2025/12/2, 00:00:00, 4329.6, 4352.4, 4288.8, 4313.2, 237238, 418490
2025/12/3, 00:00:00, 4322.7, 4364.4, 4319.9, 4325.0, 193893, 423395
2025/12/4, 00:00:00, 4317.6, 4339.2, 4297.2, 4334.0, 181431, 426136
2025/12/5, 00:00:00, 4323.7, 4380.0, 4316.4, 4335.1, 225349, 426860
2025/12/8, 00:00:00, 4332.0, 4338.0, 4298.4, 4310.4, 168463, 427425
2025/12/9, 00:00:00, 4296.0, 4344.7, 4292.4, 4330.4, 202899, 432569
2025/12/10, 00:00:00, 4340.0, 4360.0, 4304.4, 4318.2, 219896, 440368
2025/12/11, 00:00:00, 4337.3, 4408.8, 4327.2, 4407.1, 258763, 454262
2025/12/12, 00:00:00, 4395.0, 4481.6, 4383.6, 4423.3, 318667, 460191
2025/12/15, 00:00:00, 4448.2, 4477.2, 4413.6, 4430.6, 223993, 466073
2025/12/16, 00:00:00, 4430.2, 4460.4, 4394.0, 4427.2, 232091, 471093
2025/12/17, 00:00:00, 4443.0, 4476.8, 4432.8, 4468.6, 232327, 478188
2025/12/18, 00:00:00, 4460.0, 4502.8, 4431.6, 4458.7, 258811, 484610
2025/12/19, 00:00:00, 4461.7, 4482.3, 4432.8, 4482.3, 181095, 487043
2025/12/22, 00:00:00, 4481.9, 4580.0, 4481.9, 4566.3, 228938, 499192
2025/12/23, 00:00:00, 4579.7, 4626.0, 4557.6, 4603.2, 272816, 492103
2025/12/24, 00:00:00, 4628.9, 4650.0, 4573.2, 4600.3, 166863, 488300
2025/12/26, 00:00:00, 4630.0, 4680.0, 4621.2, 4651.6, 203018, 492660
2025/12/29, 00:00:00, 4667.1, 4672.7, 4411.4, 4439.6, 346811, 479691
2025/12/30, 00:00:00, 4448.8, 4515.6, 4448.4, 4484.7, 228283, 481866
2025/12/31, 00:00:00, 4447.8, 4477.2, 4383.6, 4440.4, 186323, 476471
2026/1/2, 00:00:00, 4440.5, 4512.0, 4419.6, 4427.4, 174245, 482412
2026/1/5, 00:00:00, 4474.0, 4563.6, 4474.0, 4549.7, 249207, 480541
2026/1/6, 00:00:00, 4550.5, 4604.4, 4544.3, 4595.5, 207208, 488116
2026/1/7, 00:00:00, 4603.2, 4603.2, 4532.4, 4561.1, 234813, 489300
2026/1/8, 00:00:00, 4570.0, 4586.4, 4515.6, 4560.0, 279136, 493909
2026/1/9, 00:00:00, 4586.6, 4626.9, 4568.0, 4601.1, 288762, 499546
2026/1/12, 00:00:00, 4627.8, 4741.2, 4627.2, 4716.7, 383200, 525246
2026/1/13, 00:00:00, 4690.0, 4743.6, 4678.8, 4700.8, 345149, 527455
2026/1/14, 00:00:00, 4715.6, 4750.9, 4709.4, 4738.0, 392771, 523548
2026/1/15, 00:00:00, 4729.0, 4730.4, 4686.7, 4725.8, 266268, 521959
2026/1/16, 00:00:00, 4716.0, 4725.6, 4642.8, 4697.5, 284841, 511475
2026/1/20, 00:00:00, 4755.8, 4874.9, 4755.8, 4870.3, 492565, 528004
2026/1/21, 00:00:00, 4872.3, 4994.4, 4864.8, 4944.0, 500520, 532136
2026/1/22, 00:00:00, 4922.2, 5050.8, 4882.8, 5021.9, 357149, 541033
2026/1/23, 00:00:00, 5064.5, 5102.4, 5014.8, 5092.9, 374878, 539164
2026/1/26, 00:00:00, 5113.2, 5220.0, 5104.8, 5201.8, 655762, 525061
2026/1/27, 00:00:00, 5135.2, 5288.9, 5132.0, 5197.5, 536168, 488463
2026/1/28, 00:00:00, 5295.4, 5530.4, 5275.4, 5421.0, 566413, 465112
2026/1/29, 00:00:00, 5555.0, 5706.0, 5220.0, 5436.5, 652473, 451510
2026/1/30, 00:00:00, 5522.0, 5561.0, 4795.1, 4816.6, 585928, 425516
2026/2/2, 00:00:00, 4862.6, 4930.0, 4504.5, 4720.3, 447704, 414776
2026/2/3, 00:00:00, 4790.6, 5092.7, 4790.6, 5007.7, 287492, 409694
2026/2/4, 00:00:00, 5043.2, 5185.0, 4942.0, 5024.3, 286515, 407643
2026/2/5, 00:00:00, 5081.5, 5106.0, 4850.0, 4960.2, 267752, 400952
2026/2/6, 00:00:00, 4870.1, 5066.6, 4773.0, 5054.3, 207979, 401609
2026/2/9, 00:00:00, 5084.7, 5185.9, 5068.4, 5156.1, 153802, 404446
2026/2/10, 00:00:00, 5135.9, 5177.0, 5097.0, 5106.9, 125161, 404391
2026/2/11, 00:00:00, 5130.5, 5219.0, 5120.0, 5175.7, 161587, 408069
2026/2/12, 00:00:00, 5155.2, 5183.2, 4977.0, 5023.8, 188691, 406408
2026/2/13, 00:00:00, 4991.7, 5143.7, 4991.7, 5121.3, 145433, 408683
2026/2/17, 00:00:00, 5108.2, 5122.0, 4929.8, 4978.7, 188205, 407078
2026/2/18, 00:00:00, 4987.1, 5104.0, 4987.1, 5083.7, 113624, 410177
2026/2/19, 00:00:00, 5066.7, 5115.1, 5057.9, 5072.0, 97684, 409585
2026/2/20, 00:00:00, 5092.9, 5205.0, 5082.0, 5157.7, 151822, 416190
2026/2/23, 00:00:00, 5221.0, 5334.0, 5221.0, 5304.5, 155403, 417008
2026/2/24, 00:00:00, 5338.3, 5338.6, 5188.0, 5254.6, 163960, 420182
2026/2/25, 00:00:00, 5250.7, 5316.1, 5245.0, 5305.4, 124389, 404069
2026/2/26, 00:00:00, 5263.7, 5298.0, 5224.0, 5272.8, 148348, 407015
2026/2/27, 00:00:00, 5282.0, 5377.0, 5263.0, 5327.1, 168610, 409142
2026/3/2, 00:00:00, 5460.0, 5514.0, 5361.7, 5391.8, 254002, 409669
2026/3/3, 00:00:00, 5425.4, 5467.0, 5085.5, 5201.0, 316434, 409789
2026/3/4, 00:00:00, 5193.0, 5294.0, 5174.8, 5212.2, 168700, 413734
2026/3/5, 00:00:00, 5252.1, 5280.0, 5138.0, 5155.7, 182546, 411477
2026/3/6, 00:00:00, 5179.3, 5260.0, 5156.2, 5237.1, 209752, 405841
2026/3/9, 00:00:00, 5284.0, 5284.0, 5114.6, 5181.6, 229480, 404829
2026/3/10, 00:00:00, 5236.1, 5326.0, 5206.0, 5321.2, 237025, 413956
2026/3/11, 00:00:00, 5295.0, 5308.9, 5236.0, 5257.8, 194460, 415682
2026/3/12, 00:00:00, 5237.2, 5276.3, 5138.4, 5202.8, 200042, 422948
2026/3/13, 00:00:00, 5160.4, 5207.0, 5092.0, 5137.3, 195280, 419030
2026/3/16, 00:00:00, 5099.5, 5118.0, 5051.0, 5077.6, 212889, 412183
2026/3/17, 00:00:00, 5093.2, 5122.0, 5052.9, 5083.8, 148107, 411388
2026/3/18, 00:00:00, 5080.3, 5095.0, 4886.0, 4970.7, 260784, 412001
2026/3/19, 00:00:00, 4894.7, 4940.0, 4894.7, 4926.6, 15264, 0
