Date, Time, Open, High, Low, Last, Volume, OpenInterest
2024/11/27, 00:00:00, 2856.8, 2856.8, 2856.8, 2856.8, 240544, 468283
2024/11/29, 00:00:00, 2873.9, 2873.9, 2873.9, 2873.9, 197001, 457765
2024/12/2, 00:00:00, 2856.1, 2856.1, 2856.1, 2856.1, 174149, 459383
2024/12/3, 00:00:00, 2863.8, 2863.8, 2863.8, 2863.8, 150833, 462040
2024/12/4, 00:00:00, 2870.9, 2870.9, 2870.9, 2870.9, 189727, 468864
2024/12/5, 00:00:00, 2842.0, 2842.0, 2842.0, 2842.0, 168525, 469491
2024/12/6, 00:00:00, 2851.4, 2851.4, 2851.4, 2851.4, 187663, 467975
2024/12/9, 00:00:00, 2882.0, 2882.0, 2882.0, 2882.0, 203994, 476119
2024/12/10, 00:00:00, 2914.5, 2914.5, 2914.5, 2914.5, 200529, 483346
2024/12/11, 00:00:00, 2950.1, 2950.1, 2950.1, 2950.1, 307167, 495497
2024/12/12, 00:00:00, 2906.8, 2906.8, 2906.8, 2906.8, 245070, 490589
2024/12/13, 00:00:00, 2874.3, 2874.3, 2874.3, 2874.3, 197109, 478067
2024/12/16, 00:00:00, 2868.9, 2868.9, 2868.9, 2868.9, 127295, 471098
2024/12/17, 00:00:00, 2862.1, 2862.1, 2862.1, 2862.1, 159149, 466571
2024/12/18, 00:00:00, 2856.1, 2856.1, 2856.1, 2856.1, 168297, 461876
2024/12/19, 00:00:00, 2814.4, 2814.4, 2814.4, 2814.4, 201177, 457814
2024/12/20, 00:00:00, 2850.4, 2850.4, 2850.4, 2850.4, 163249, 458644
2024/12/23, 00:00:00, 2835.1, 2835.1, 2835.1, 2835.1, 111395, 455558
2024/12/24, 00:00:00, 2845.1, 2845.1, 2845.1, 2845.1, 57816, 454646
2024/12/26, 00:00:00, 2866.6, 2866.6, 2866.6, 2866.6, 85508, 450587
2024/12/27, 00:00:00, 2847.3, 2847.3, 2847.3, 2847.3, 101579, 448451
2024/12/30, 00:00:00, 2839.1, 2839.1, 2839.1, 2839.1, 125657, 450970
2024/12/31, 00:00:00, 2868.8, 2868.8, 2868.8, 2868.8, 111837, 458584
2025/1/2, 00:00:00, 2891.6, 2891.6, 2891.6, 2891.6, 166422, 467335
2025/1/3, 00:00:00, 2873.2, 2873.2, 2873.2, 2873.2, 146382, 467129
2025/1/6, 00:00:00, 2864.5, 2864.5, 2864.5, 2864.5, 196652, 464000
2025/1/7, 00:00:00, 2883.7, 2883.7, 2883.7, 2883.7, 192387, 477043
2025/1/8, 00:00:00, 2892.9, 2892.9, 2892.9, 2892.9, 267403, 481858
2025/1/9, 00:00:00, 2911.3, 2911.3, 2911.3, 2911.3, 220269, 489745
2025/1/10, 00:00:00, 2936.3, 2936.3, 2936.3, 2936.3, 401369, 499105
2025/1/13, 00:00:00, 2896.9, 2896.9, 2896.9, 2896.9, 300008, 504889
2025/1/14, 00:00:00, 2903.6, 2903.6, 2903.6, 2903.6, 262816, 526467
2025/1/15, 00:00:00, 2939.4, 2939.4, 2939.4, 2939.4, 228729, 536035
2025/1/16, 00:00:00, 2974.6, 2974.6, 2974.6, 2974.6, 227416, 552464
2025/1/17, 00:00:00, 2973.4, 2973.4, 2973.4, 2973.4, 198435, 556644
2025/1/21, 00:00:00, 2985.9, 2985.9, 2985.9, 2985.9, 367795, 571387
2025/1/22, 00:00:00, 2998.0, 2998.0, 2998.0, 2998.0, 208748, 581989
2025/1/23, 00:00:00, 2992.5, 2992.5, 2992.5, 2992.5, 262357, 586555
2025/1/24, 00:00:00, 3008.3, 3008.3, 3008.3, 3008.3, 291988, 597295
2025/1/27, 00:00:00, 2969.0, 2969.0, 2969.0, 2969.0, 337585, 582778
2025/1/28, 00:00:00, 3003.0, 3003.0, 3003.0, 3003.0, 320105, 577505
2025/1/29, 00:00:00, 2996.7, 2996.7, 2996.7, 2996.7, 312877, 565845
2025/1/30, 00:00:00, 3048.1, 3048.1, 3048.1, 3048.1, 247938, 574707
2025/1/31, 00:00:00, 3036.2, 3036.2, 3036.2, 3036.2, 179004, 548642
2025/2/3, 00:00:00, 3055.6, 3055.6, 3055.6, 3055.6, 196473, 543681
2025/2/4, 00:00:00, 3076.3, 3076.3, 3076.3, 3076.3, 160979, 542004
2025/2/5, 00:00:00, 3094.7, 3094.7, 3094.7, 3094.7, 187322, 540351
2025/2/6, 00:00:00, 3082.0, 3082.0, 3082.0, 3082.0, 185240, 534054
2025/2/7, 00:00:00, 3097.9, 3097.9, 3097.9, 3097.9, 212904, 530738
2025/2/10, 00:00:00, 3148.6, 3148.6, 3148.6, 3148.6, 188067, 536202
2025/2/11, 00:00:00, 3152.5, 3152.5, 3152.5, 3152.5, 247346, 528719
2025/2/12, 00:00:00, 3152.5, 3152.5, 3152.5, 3152.5, 218896, 528051
2025/2/13, 00:00:00, 3167.8, 3167.8, 3167.8, 3167.8, 195812, 530293
2025/2/14, 00:00:00, 3120.0, 3120.0, 3120.0, 3120.0, 247066, 520641
2025/2/18, 00:00:00, 3168.4, 3168.4, 3168.4, 3168.4, 240880, 522330
2025/2/19, 00:00:00, 3151.1, 3151.1, 3151.1, 3151.1, 180523, 524184
2025/2/20, 00:00:00, 3171.5, 3171.5, 3171.5, 3171.5, 183934, 526625
2025/2/21, 00:00:00, 3167.8, 3167.8, 3167.8, 3167.8, 174706, 525321
2025/2/24, 00:00:00, 3179.9, 3179.9, 3179.9, 3179.9, 174241, 529785
2025/2/25, 00:00:00, 3134.9, 3134.9, 3134.9, 3134.9, 256098, 512179
2025/2/26, 00:00:00, 3145.9, 3145.9, 3145.9, 3145.9, 175151, 512654
2025/2/27, 00:00:00, 3110.9, 3110.9, 3110.9, 3110.9, 221721, 507722
2025/2/28, 00:00:00, 3062.0, 3062.0, 3062.0, 3062.0, 227387, 489629
2025/3/3, 00:00:00, 3116.1, 3116.1, 3116.1, 3116.1, 199653, 488842
2025/3/4, 00:00:00, 3134.9, 3134.9, 3134.9, 3134.9, 209732, 489270
2025/3/5, 00:00:00, 3139.7, 3139.7, 3139.7, 3139.7, 205124, 492353
2025/3/6, 00:00:00, 3140.4, 3140.4, 3140.4, 3140.4, 189924, 493608
2025/3/7, 00:00:00, 3126.3, 3126.3, 3126.3, 3126.3, 309975, 499776
2025/3/10, 00:00:00, 3109.8, 3109.8, 3109.8, 3109.8, 294278, 505149
2025/3/11, 00:00:00, 3132.1, 3132.1, 3132.1, 3132.1, 258254, 511276
2025/3/12, 00:00:00, 3156.8, 3156.8, 3156.8, 3156.8, 283347, 508714
2025/3/13, 00:00:00, 3202.1, 3202.1, 3202.1, 3202.1, 339776, 526145
2025/3/14, 00:00:00, 3211.4, 3211.4, 3211.4, 3211.4, 219862, 532348
2025/3/17, 00:00:00, 3216.6, 3216.6, 3216.6, 3216.6, 163033, 531211
2025/3/18, 00:00:00, 3254.7, 3254.7, 3254.7, 3254.7, 213118, 533566
2025/3/19, 00:00:00, 3255.4, 3255.4, 3255.4, 3255.4, 170965, 537836
2025/3/20, 00:00:00, 3256.8, 3256.8, 3256.8, 3256.8, 176017, 532731
2025/3/21, 00:00:00, 3229.8, 3229.8, 3229.8, 3229.8, 245993, 519140
2025/3/24, 00:00:00, 3223.7, 3223.7, 3223.7, 3223.7, 307601, 506999
2025/3/25, 00:00:00, 3234.7, 3234.7, 3234.7, 3234.7, 274164, 511482
2025/3/26, 00:00:00, 3231.1, 3231.1, 3231.1, 3231.1, 297001, 508083
2025/3/27, 00:00:00, 3270.1, 3270.1, 3270.1, 3270.1, 327369, 512116
2025/3/28, 00:00:00, 3293.9, 3293.9, 3293.9, 3293.9, 250631, 574824
2025/3/31, 00:00:00, 3330.8, 3330.8, 3330.8, 3330.8, 247509, 505772
2025/4/1, 00:00:00, 3326.1, 3326.1, 3326.1, 3326.1, 213871, 498746
2025/4/2, 00:00:00, 3348.1, 3348.1, 3348.1, 3348.1, 250242, 493720
2025/4/3, 00:00:00, 3301.9, 3301.9, 3301.9, 3301.9, 424365, 485008
2025/4/4, 00:00:00, 3210.0, 3210.0, 3210.0, 3210.0, 373167, 467059
2025/4/7, 00:00:00, 3147.9, 3147.9, 3147.9, 3147.9, 357332, 473354
2025/4/8, 00:00:00, 3166.0, 3166.0, 3166.0, 3166.0, 219339, 445468
2025/4/9, 00:00:00, 3263.6, 3263.6, 3263.6, 3263.6, 326082, 449087
2025/4/10, 00:00:00, 3364.0, 3364.0, 3364.0, 3364.0, 259651, 459504
2025/4/11, 00:00:00, 3439.4, 3439.4, 3439.4, 3439.4, 269736, 457803
2025/4/14, 00:00:00, 3419.8, 3419.8, 3419.8, 3419.8, 200492, 454327
2025/4/15, 00:00:00, 3434.4, 3434.4, 3434.4, 3434.4, 133283, 456628
2025/4/16, 00:00:00, 3545.1, 3545.1, 3545.1, 3545.1, 277736, 463490
2025/4/17, 00:00:00, 3526.6, 3526.6, 3526.6, 3526.6, 261675, 458586
2025/4/21, 00:00:00, 3626.3, 3626.3, 3626.3, 3626.3, 263293, 466325
2025/4/22, 00:00:00, 3623.1, 3623.1, 3623.1, 3623.1, 453766, 465351
2025/4/23, 00:00:00, 3495.9, 3495.9, 3495.9, 3495.9, 398663, 458673
2025/4/24, 00:00:00, 3552.5, 3552.5, 3552.5, 3552.5, 255532, 446637
2025/4/25, 00:00:00, 3500.9, 3500.9, 3500.9, 3500.9, 258408, 445548
2025/4/28, 00:00:00, 3550.8, 3550.8, 3550.8, 3550.8, 230154, 448023
2025/4/29, 00:00:00, 3535.5, 3535.5, 3535.5, 3535.5, 180037, 451868
2025/4/30, 00:00:00, 3517.6, 3517.6, 3517.6, 3517.6, 220899, 442851
2025/5/1, 00:00:00, 3418.9, 3418.9, 3418.9, 3418.9, 236137, 439159
2025/5/2, 00:00:00, 3440.9, 3440.9, 3440.9, 3440.9, 231753, 438327
2025/5/5, 00:00:00, 3523.2, 3523.2, 3523.2, 3523.2, 206550, 442137
2025/5/6, 00:00:00, 3626.9, 3626.9, 3626.9, 3626.9, 305227, 452414
2025/5/7, 00:00:00, 3596.8, 3596.8, 3596.8, 3596.8, 389124, 443832
2025/5/8, 00:00:00, 3509.6, 3509.6, 3509.6, 3509.6, 405479, 438431
2025/5/9, 00:00:00, 3547.6, 3547.6, 3547.6, 3547.6, 283747, 438271
2025/5/12, 00:00:00, 3431.6, 3431.6, 3431.6, 3431.6, 381812, 440560
2025/5/13, 00:00:00, 3452.9, 3452.9, 3452.9, 3452.9, 269476, 440842
2025/5/14, 00:00:00, 3390.6, 3390.6, 3390.6, 3390.6, 269028, 441565
2025/5/15, 00:00:00, 3427.5, 3427.5, 3427.5, 3427.5, 289439, 440192
2025/5/16, 00:00:00, 3386.8, 3386.8, 3386.8, 3386.8, 272183, 441666
2025/5/19, 00:00:00, 3435.0, 3435.0, 3435.0, 3435.0, 214727, 442943
2025/5/20, 00:00:00, 3485.2, 3485.2, 3485.2, 3485.2, 261793, 448000
2025/5/21, 00:00:00, 3517.0, 3517.0, 3517.0, 3517.0, 287807, 453340
2025/5/22, 00:00:00, 3499.0, 3499.0, 3499.0, 3499.0, 295020, 452564
2025/5/23, 00:00:00, 3572.4, 3572.4, 3572.4, 3572.4, 328476, 451013
2025/5/27, 00:00:00, 3508.5, 3508.5, 3508.5, 3508.5, 445043, 437538
2025/5/28, 00:00:00, 3501.1, 3501.1, 3501.1, 3501.1, 325056, 429016
2025/5/29, 00:00:00, 3519.2, 3519.2, 3519.2, 3519.2, 264492, 422605
2025/5/30, 00:00:00, 3490.0, 3490.0, 3490.0, 3490.0, 194287, 408787
2025/6/2, 00:00:00, 3574.4, 3574.4, 3574.4, 3574.4, 193512, 416217
2025/6/3, 00:00:00, 3556.9, 3556.9, 3556.9, 3556.9, 183575, 415941
2025/6/4, 00:00:00, 3578.3, 3578.3, 3578.3, 3578.3, 175634, 417254
2025/6/5, 00:00:00, 3552.4, 3552.4, 3552.4, 3552.4, 237681, 418066
2025/6/6, 00:00:00, 3524.1, 3524.1, 3524.1, 3524.1, 199080, 415962
2025/6/9, 00:00:00, 3532.3, 3532.3, 3532.3, 3532.3, 154650, 414493
2025/6/10, 00:00:00, 3520.8, 3520.8, 3520.8, 3520.8, 169829, 417143
2025/6/11, 00:00:00, 3520.1, 3520.1, 3520.1, 3520.1, 214363, 423276
2025/6/12, 00:00:00, 3577.5, 3577.5, 3577.5, 3577.5, 245984, 432310
2025/6/13, 00:00:00, 3630.0, 3630.0, 3630.0, 3630.0, 282363, 439674
2025/6/16, 00:00:00, 3594.2, 3594.2, 3594.2, 3594.2, 200516, 439321
2025/6/17, 00:00:00, 3585.1, 3585.1, 3585.1, 3585.1, 219624, 441214
2025/6/18, 00:00:00, 3585.0, 3585.0, 3585.0, 3585.0, 188377, 442374
2025/6/20, 00:00:00, 3562.7, 3562.7, 3562.7, 3562.7, 294492, 440107
2025/6/23, 00:00:00, 3571.3, 3571.3, 3571.3, 3571.3, 206078, 440905
2025/6/24, 00:00:00, 3509.9, 3509.9, 3509.9, 3509.9, 247265, 434958
2025/6/25, 00:00:00, 3519.5, 3519.5, 3519.5, 3519.5, 139890, 434138
2025/6/26, 00:00:00, 3524.0, 3524.0, 3524.0, 3524.0, 168133, 434377
2025/6/27, 00:00:00, 3461.5, 3461.5, 3461.5, 3461.5, 239545, 436022
2025/6/30, 00:00:00, 3481.5, 3481.5, 3481.5, 3481.5, 152610, 434714
2025/7/1, 00:00:00, 3535.0, 3535.0, 3524.5, 3524.5, 186143, 437662
2025/7/2, 00:00:00, 3530.0, 3535.8, 3530.0, 3535.8, 148640, 438709
2025/7/3, 00:00:00, 3520.0, 3520.0, 3520.0, 3520.0, 168196, 440793
2025/7/7, 00:00:00, 3519.8, 3519.8, 3519.8, 3519.8, 255358, 445944
2025/7/8, 00:00:00, 3495.8, 3495.8, 3495.8, 3495.8, 270387, 443144
2025/7/9, 00:00:00, 3498.1, 3498.1, 3498.1, 3498.1, 214079, 440086
2025/7/10, 00:00:00, 3503.6, 3503.6, 3503.6, 3503.6, 217055, 431906
2025/7/11, 00:00:00, 3540.2, 3540.2, 3540.2, 3540.2, 276126, 445777
2025/7/14, 00:00:00, 3537.6, 3537.6, 3537.6, 3537.6, 254763, 453590
2025/7/15, 00:00:00, 3515.0, 3515.0, 3515.0, 3515.0, 212163, 448531
2025/7/16, 00:00:00, 3536.1, 3536.1, 3536.1, 3536.1, 270899, 450862
2025/7/17, 00:00:00, 3522.7, 3522.7, 3522.7, 3522.7, 186824, 444521
2025/7/18, 00:00:00, 3535.7, 3535.7, 3535.7, 3535.7, 134215, 446753
2025/7/21, 00:00:00, 3586.6, 3586.6, 3586.6, 3586.6, 243554, 471321
2025/7/22, 00:00:00, 3627.0, 3627.0, 3627.0, 3627.0, 304186, 489423
2025/7/23, 00:00:00, 3577.4, 3577.4, 3577.4, 3577.4, 356044, 484112
2025/7/24, 00:00:00, 3540.0, 3554.3, 3540.0, 3554.3, 310286, 472144
2025/7/25, 00:00:00, 3512.7, 3512.7, 3512.7, 3512.7, 282014, 461504
2025/7/28, 00:00:00, 3487.7, 3487.7, 3487.7, 3487.7, 292064, 450941
2025/7/29, 00:00:00, 3502.5, 3502.5, 3502.5, 3502.5, 288652, 445246
2025/7/30, 00:00:00, 3473.4, 3473.4, 3457.3, 3473.4, 252423, 442248
2025/7/31, 00:00:00, 3470.5, 3470.5, 3470.5, 3470.5, 185112, 427980
2025/8/1, 00:00:00, 3470.9, 3518.0, 3470.9, 3518.0, 269844, 437777
2025/8/4, 00:00:00, 3544.2, 3544.2, 3544.2, 3544.2, 161438, 444682
2025/8/5, 00:00:00, 3555.1, 3555.1, 3553.3, 3553.3, 172959, 449647
2025/8/6, 00:00:00, 3551.2, 3551.2, 3551.2, 3551.2, 175872, 450807
2025/8/7, 00:00:00, 3566.6, 3566.6, 3566.6, 3566.6, 310456, 463334
2025/8/8, 00:00:00, 3601.0, 3601.0, 3601.0, 3601.0, 414490, 467800
2025/8/11, 00:00:00, 3528.1, 3528.1, 3528.1, 3528.1, 262930, 452687
2025/8/12, 00:00:00, 3520.8, 3520.8, 3520.8, 3520.8, 220255, 446152
2025/8/13, 00:00:00, 3530.1, 3530.1, 3530.1, 3530.1, 155741, 444675
2025/8/14, 00:00:00, 3504.0, 3504.0, 3504.0, 3504.0, 180976, 439709
2025/8/15, 00:00:00, 3501.9, 3501.9, 3501.9, 3501.9, 132215, 440051
2025/8/18, 00:00:00, 3496.5, 3496.5, 3496.5, 3496.5, 129128, 439893
2025/8/19, 00:00:00, 3476.7, 3476.7, 3476.7, 3476.7, 148394, 438541
2025/8/20, 00:00:00, 3507.8, 3507.8, 3507.8, 3507.8, 149905, 437695
2025/8/21, 00:00:00, 3496.3, 3501.2, 3485.0, 3501.2, 135619, 434098
2025/8/22, 00:00:00, 3498.0, 3537.9, 3488.4, 3537.9, 204661, 438806
2025/8/25, 00:00:00, 3537.2, 3537.2, 3537.2, 3537.2, 107537, 442378
2025/8/26, 00:00:00, 3554.4, 3554.4, 3554.4, 3554.4, 194487, 443760
2025/8/27, 00:00:00, 3572.9, 3572.9, 3572.9, 3572.9, 173524, 448189
2025/8/28, 00:00:00, 3597.1, 3597.1, 3597.1, 3597.1, 173462, 456226
2025/8/29, 00:00:00, 3640.4, 3640.4, 3640.4, 3640.4, 207110, 471240
2025/9/2, 00:00:00, 3676.2, 3717.4, 3676.2, 3717.4, 407646, 492908
2025/9/3, 00:00:00, 3761.8, 3761.8, 3761.8, 3761.8, 243321, 494776
2025/9/4, 00:00:00, 3732.9, 3732.9, 3732.9, 3732.9, 254684, 495368
2025/9/5, 00:00:00, 3779.0, 3779.0, 3779.0, 3779.0, 262651, 501157
2025/9/8, 00:00:00, 3801.1, 3801.1, 3801.1, 3801.1, 256986, 503285
2025/9/9, 00:00:00, 3790.0, 3805.9, 3790.0, 3805.9, 290439, 509625
2025/9/10, 00:00:00, 3806.0, 3806.0, 3806.0, 3806.0, 201375, 510076
2025/9/11, 00:00:00, 3797.1, 3797.1, 3797.1, 3797.1, 236381, 510383
2025/9/12, 00:00:00, 3806.0, 3810.8, 3806.0, 3810.8, 174242, 512181
2025/9/15, 00:00:00, 3843.8, 3843.8, 3843.8, 3843.8, 208695, 519611
2025/9/16, 00:00:00, 3850.0, 3850.5, 3850.0, 3850.5, 214622, 516221
2025/9/17, 00:00:00, 3810.1, 3843.6, 3810.0, 3843.6, 279690, 517578
2025/9/18, 00:00:00, 3802.7, 3802.7, 3802.7, 3802.7, 243188, 515612
2025/9/19, 00:00:00, 3821.0, 3841.5, 3821.0, 3831.0, 207987, 522306
2025/9/22, 00:00:00, 3901.8, 3901.8, 3901.8, 3901.8, 248004, 530457
2025/9/23, 00:00:00, 3944.0, 3944.0, 3944.0, 3944.0, 330734, 528789
2025/9/24, 00:00:00, 3897.4, 3897.4, 3881.0, 3897.4, 265431, 526067
2025/9/25, 00:00:00, 3899.0, 3922.2, 3895.0, 3904.0, 299614, 516312
2025/9/26, 00:00:00, 3937.4, 3942.5, 3928.7, 3942.1, 245328, 513156
2025/9/29, 00:00:00, 3994.6, 3997.5, 3992.3, 3992.3, 281594, 517465
2025/9/30, 00:00:00, 4005.8, 4035.6, 3960.0, 4009.7, 336239, 493748
2025/10/1, 00:00:00, 4033.9, 4041.1, 4025.0, 4036.3, 312531, 491059
2025/10/2, 00:00:00, 4025.5, 4051.5, 3989.0, 4005.5, 304647, 484786
2025/10/3, 00:00:00, 4012.0, 4046.7, 4011.1, 4046.7, 230839, 479525
2025/10/6, 00:00:00, 4070.1, 4123.0, 4070.1, 4119.2, 295216, 483672
2025/10/7, 00:00:00, 4129.8, 4155.1, 4117.0, 4151.3, 333332, 485559
2025/10/8, 00:00:00, 4160.1, 4231.0, 4160.1, 4221.3, 383245, 490496
2025/10/9, 00:00:00, 4208.6, 4212.0, 4113.7, 4119.7, 514387, 483650
2025/10/10, 00:00:00, 4146.0, 4151.4, 4115.5, 4146.3, 387955, 482976
2025/10/13, 00:00:00, 4210.5, 4283.9, 4210.0, 4282.1, 333731, 486887
2025/10/14, 00:00:00, 4284.1, 4336.5, 4265.3, 4312.7, 429365, 485788
2025/10/15, 00:00:00, 4348.0, 4384.7, 4345.8, 4352.4, 327800, 487873
2025/10/16, 00:00:00, 4390.0, 4485.1, 4389.3, 4457.4, 403735, 483770
2025/10/17, 00:00:00, 4509.1, 4539.5, 4361.7, 4361.7, 611632, 479971
2025/10/20, 00:00:00, 4410.0, 4513.6, 4410.0, 4513.6, 368326, 475938
2025/10/21, 00:00:00, 4535.6, 4535.6, 4255.0, 4255.0, 577546, 472421
2025/10/22, 00:00:00, 4250.0, 4311.3, 4195.5, 4212.8, 507114, 463789
2025/10/23, 00:00:00, 4293.2, 4317.5, 4278.0, 4295.4, 288886, 464096
2025/10/24, 00:00:00, 4265.7, 4292.8, 4265.7, 4287.7, 313806, 464052
2025/10/27, 00:00:00, 4230.2, 4230.2, 4138.3, 4165.2, 355604, 463706
2025/10/28, 00:00:00, 4119.3, 4127.1, 4064.6, 4127.1, 365142, 457122
2025/10/29, 00:00:00, 4110.3, 4187.3, 4110.3, 4148.3, 312357, 456175
2025/10/30, 00:00:00, 4123.0, 4180.1, 4119.6, 4167.1, 269052, 456333
2025/10/31, 00:00:00, 4185.2, 4185.9, 4145.0, 4145.8, 259051, 449900
2025/11/3, 00:00:00, 4166.2, 4166.2, 4166.2, 4166.2, 247792, 452773
2025/11/4, 00:00:00, 4155.0, 4160.1, 4110.5, 4110.5, 277749, 450399
2025/11/5, 00:00:00, 4093.6, 4149.5, 4090.8, 4144.8, 201342, 453313
2025/11/6, 00:00:00, 4147.4, 4176.5, 4140.0, 4141.6, 222053, 452487
2025/11/7, 00:00:00, 4146.0, 4182.9, 4146.0, 4158.6, 265119, 455161
2025/11/10, 00:00:00, 4165.4, 4273.5, 4165.4, 4273.5, 316099, 459997
2025/11/11, 00:00:00, 4290.0, 4290.0, 4267.2, 4267.6, 326438, 466031
2025/11/12, 00:00:00, 4265.1, 4365.8, 4265.1, 4365.8, 381612, 480255
2025/11/13, 00:00:00, 4335.7, 4391.1, 4305.5, 4349.4, 408927, 480877
2025/11/14, 00:00:00, 4233.1, 4260.6, 4210.2, 4245.3, 404043, 477283
2025/11/17, 00:00:00, 4252.2, 4252.2, 4193.4, 4226.5, 272792, 474390
2025/11/18, 00:00:00, 4180.1, 4224.5, 4157.4, 4216.7, 285182, 471953
2025/11/19, 00:00:00, 4243.0, 4276.0, 4212.4, 4234.2, 289003, 467893
2025/11/20, 00:00:00, 4250.9, 4251.4, 4209.5, 4209.5, 350934, 470585
2025/11/21, 00:00:00, 4212.3, 4228.3, 4191.0, 4225.9, 360559, 470349
2025/11/24, 00:00:00, 4188.2, 4267.3, 4188.2, 4240.9, 348958, 442270
2025/11/25, 00:00:00, 4285.2, 4289.5, 4279.5, 4289.5, 379767, 432191
2025/11/26, 00:00:00, 4311.0, 4319.1, 4296.1, 4316.4, 229978, 431603
2025/11/28, 00:00:00, 4304.7, 4370.3, 4304.7, 4370.3, 167020, 419484
2025/12/1, 00:00:00, 4393.9, 4414.0, 4382.0, 4393.2, 249871, 418697
2025/12/2, 00:00:00, 4378.6, 4378.6, 4335.9, 4339.4, 237238, 418490
2025/12/3, 00:00:00, 4353.0, 4392.0, 4351.0, 4351.0, 193893, 423395
2025/12/4, 00:00:00, 4335.0, 4360.0, 4329.9, 4359.6, 181431, 426136
2025/12/5, 00:00:00, 4376.0, 4405.0, 4342.0, 4360.5, 225349, 426860
2025/12/8, 00:00:00, 4357.1, 4360.5, 4335.6, 4335.6, 168463, 427425
2025/12/9, 00:00:00, 4354.4, 4368.8, 4350.0, 4355.7, 202899, 432569
2025/12/10, 00:00:00, 4354.0, 4385.1, 4327.2, 4343.5, 219896, 440368
2025/12/11, 00:00:00, 4374.1, 4434.2, 4353.5, 4432.8, 258763, 454262
2025/12/12, 00:00:00, 4421.1, 4505.6, 4416.7, 4449.0, 318667, 460191
2025/12/15, 00:00:00, 4469.5, 4480.3, 4449.8, 4456.8, 223993, 466073
2025/12/16, 00:00:00, 4455.6, 4480.5, 4423.7, 4453.4, 232091, 471093
2025/12/17, 00:00:00, 4472.8, 4502.3, 4464.6, 4495.0, 232327, 478188
2025/12/18, 00:00:00, 4492.0, 4524.5, 4460.1, 4485.2, 258811, 484610
2025/12/19, 00:00:00, 4467.5, 4509.1, 4467.4, 4509.1, 181095, 487043
2025/12/22, 00:00:00, 4511.4, 4607.0, 4511.4, 4593.6, 228938, 499192
2025/12/23, 00:00:00, 4608.3, 4654.0, 4585.0, 4631.0, 272816, 492103
2025/12/24, 00:00:00, 4656.0, 4679.4, 4626.1, 4628.2, 166863, 488300
2025/12/26, 00:00:00, 4679.0, 4701.5, 4657.7, 4680.2, 203018, 492660
2025/12/29, 00:00:00, 4665.0, 4668.5, 4448.5, 4467.2, 346811, 479691
2025/12/30, 00:00:00, 4480.0, 4523.6, 4479.1, 4512.5, 228283, 481866
2025/12/31, 00:00:00, 4500.0, 4500.0, 4443.3, 4468.5, 186323, 476471
2026/1/2, 00:00:00, 4483.2, 4521.0, 4447.7, 4455.5, 174245, 482412
2026/1/5, 00:00:00, 4500.1, 4586.1, 4500.1, 4578.3, 249207, 480541
2026/1/6, 00:00:00, 4604.0, 4632.3, 4586.3, 4625.1, 207208, 488116
2026/1/7, 00:00:00, 4634.7, 4634.7, 4567.1, 4590.3, 234813, 489300
2026/1/8, 00:00:00, 4587.8, 4616.5, 4555.0, 4589.6, 279136, 493909
2026/1/9, 00:00:00, 4604.6, 4645.6, 4604.6, 4630.8, 288762, 499546
2026/1/12, 00:00:00, 4675.0, 4758.4, 4675.0, 4746.8, 383200, 525246
2026/1/13, 00:00:00, 4727.7, 4747.0, 4717.6, 4730.2, 345149, 527455
2026/1/14, 00:00:00, 4758.3, 4781.0, 4756.0, 4768.1, 392771, 523548
2026/1/15, 00:00:00, 4752.9, 4756.3, 4740.0, 4756.3, 266268, 521959
2026/1/16, 00:00:00, 4730.0, 4750.0, 4727.9, 4727.9, 284841, 511475
2026/1/20, 00:00:00, 4767.7, 4904.1, 4767.7, 4901.2, 492565, 528004
2026/1/21, 00:00:00, 5003.9, 5020.6, 4931.1, 4975.5, 500520, 532136
2026/1/22, 00:00:00, 4924.0, 5085.1, 4924.0, 5054.1, 357149, 541033
2026/1/23, 00:00:00, 5094.5, 5134.2, 5046.9, 5126.2, 374878, 539164
2026/1/26, 00:00:00, 5170.0, 5255.0, 5150.0, 5237.0, 655762, 525061
2026/1/27, 00:00:00, 5170.0, 5335.0, 5170.0, 5232.2, 536168, 488463
2026/1/28, 00:00:00, 5313.7, 5568.0, 5313.7, 5457.4, 566413, 465112
2026/1/29, 00:00:00, 5596.4, 5734.4, 5276.6, 5472.3, 652473, 451510
2026/1/30, 00:00:00, 5554.6, 5600.0, 4848.2, 4848.2, 585928, 425516
2026/2/2, 00:00:00, 4900.0, 4980.0, 4593.4, 4750.2, 447704, 414776
2026/2/3, 00:00:00, 4863.0, 5122.8, 4863.0, 5040.0, 287492, 409694
2026/2/4, 00:00:00, 5120.0, 5217.6, 4974.9, 5056.4, 286515, 407643
2026/2/5, 00:00:00, 5135.9, 5135.9, 4881.2, 4991.1, 267752, 400952
2026/2/6, 00:00:00, 4827.6, 5099.2, 4824.7, 5086.9, 207979, 401609
2026/2/9, 00:00:00, 5170.1, 5220.1, 5112.0, 5189.2, 153802, 404446
2026/2/10, 00:00:00, 5169.5, 5209.2, 5130.0, 5139.6, 125161, 404391
2026/2/11, 00:00:00, 5186.1, 5251.2, 5176.9, 5208.8, 161587, 408069
2026/2/12, 00:00:00, 5195.0, 5214.0, 5008.8, 5056.1, 188691, 406408
2026/2/13, 00:00:00, 5022.0, 5152.8, 5022.0, 5152.8, 145433, 408683
2026/2/17, 00:00:00, 5145.0, 5145.0, 4958.8, 5009.1, 188205, 407078
2026/2/18, 00:00:00, 5014.0, 5134.8, 5014.0, 5115.4, 113624, 410177
2026/2/19, 00:00:00, 5078.0, 5146.8, 5078.0, 5103.9, 97684, 409585
2026/2/20, 00:00:00, 5126.9, 5238.0, 5112.9, 5190.5, 151822, 416190
2026/2/23, 00:00:00, 5276.0, 5367.6, 5254.3, 5338.1, 155403, 417008
2026/2/24, 00:00:00, 5366.2, 5366.2, 5223.3, 5288.6, 163960, 420182
2026/2/25, 00:00:00, 5312.0, 5349.0, 5278.8, 5339.8, 124389, 404069
2026/2/26, 00:00:00, 5322.0, 5322.0, 5259.6, 5306.9, 148348, 407015
2026/2/27, 00:00:00, 5307.6, 5410.8, 5296.9, 5361.6, 168610, 409142
2026/3/2, 00:00:00, 5450.4, 5548.8, 5421.5, 5427.0, 254002, 409669
2026/3/3, 00:00:00, 5485.0, 5503.2, 5155.0, 5235.1, 316434, 409789
2026/3/4, 00:00:00, 5270.0, 5328.0, 5233.2, 5246.6, 168700, 413734
2026/3/5, 00:00:00, 5285.0, 5316.0, 5170.9, 5190.3, 182546, 411477
2026/3/6, 00:00:00, 5200.0, 5291.6, 5186.3, 5271.8, 209752, 405841
2026/3/9, 00:00:00, 5318.0, 5318.0, 5131.6, 5216.6, 229480, 404829
2026/3/10, 00:00:00, 5240.4, 5361.6, 5240.4, 5356.8, 237025, 413956
2026/3/11, 00:00:00, 5330.5, 5344.3, 5270.4, 5294.1, 194460, 415682
2026/3/12, 00:00:00, 5288.0, 5311.2, 5175.6, 5239.4, 200042, 422948
2026/3/13, 00:00:00, 5235.0, 5244.0, 5128.8, 5173.7, 195280, 419030
2026/3/16, 00:00:00, 5130.0, 5154.0, 5085.6, 5113.7, 212889, 412183
2026/3/17, 00:00:00, 5138.4, 5160.0, 5088.0, 5120.0, 148107, 411388
2026/3/18, 00:00:00, 5110.0, 5131.2, 4921.2, 5005.9, 260784, 412001
2026/3/19, 00:00:00, 4947.4, 4947.4, 4943.5, 4943.5, 15264, 0
