Date, Time, Open, High, Low, Last, Volume, NumberOfTrades, BidVolume, AskVolume
2026/2/18, 02:00:00, 5014.0, 5025.5, 5014.0, 5025.3, 7, 5, 4, 3
2026/2/18, 03:00:00, 5034.0, 5042.0, 5034.0, 5042.0, 4, 2, 2, 2
2026/2/18, 04:00:00, 5053.5, 5059.1, 5053.4, 5059.1, 5, 5, 2, 3
2026/2/18, 05:00:00, 5058.7, 5058.7, 5057.1, 5057.1, 3, 2, 3, 0
2026/2/18, 06:00:00, 5048.4, 5051.1, 5048.4, 5048.7, 3, 3, 2, 1
2026/2/18, 07:00:00, 5064.0, 5064.0, 5064.0, 5064.0, 1, 1, 0, 1
2026/2/18, 08:00:00, 5048.3, 5048.3, 5048.3, 5048.3, 1, 1, 1, 0
2026/2/18, 09:00:00, 5040.0, 5040.0, 5040.0, 5040.0, 1, 1, 0, 1
2026/2/18, 12:00:00, 5053.2, 5070.0, 5053.2, 5070.0, 2, 2, 0, 2
2026/2/18, 13:00:00, 5083.2, 5090.0, 5080.0, 5090.0, 6, 6, 2, 4
2026/2/18, 14:00:00, 5081.2, 5118.7, 5081.2, 5118.7, 15, 13, 5, 10
2026/2/18, 15:00:00, 5126.4, 5128.2, 5119.2, 5128.1, 6, 6, 5, 1
2026/2/18, 16:00:00, 5127.3, 5127.3, 5127.3, 5127.3, 1, 1, 0, 1
2026/2/18, 18:00:00, 5121.5, 5121.5, 5114.4, 5114.4, 2, 2, 1, 1
2026/2/18, 20:00:00, 5111.0, 5111.0, 5111.0, 5111.0, 2, 1, 2, 0
2026/2/18, 23:00:00, 5078.0, 5092.6, 5078.0, 5092.6, 3, 3, 1, 2
2026/2/19, 02:00:00, 5090.8, 5091.3, 5090.8, 5091.3, 2, 2, 2, 0
2026/2/19, 03:00:00, 5090.7, 5090.7, 5090.7, 5090.7, 1, 1, 1, 0
2026/2/19, 06:00:00, 5140.0, 5140.0, 5137.1, 5137.1, 2, 2, 0, 2
2026/2/19, 09:00:00, 5138.0, 5138.0, 5121.2, 5128.0, 8, 7, 6, 2
2026/2/19, 10:00:00, 5110.7, 5110.7, 5110.7, 5110.7, 1, 1, 1, 0
2026/2/19, 11:00:00, 5112.0, 5112.0, 5112.0, 5112.0, 1, 1, 1, 0
2026/2/19, 12:00:00, 5108.6, 5108.6, 5108.6, 5108.6, 1, 1, 0, 1
2026/2/19, 13:00:00, 5098.8, 5118.7, 5098.8, 5118.7, 3, 3, 2, 1
2026/2/19, 14:00:00, 5100.0, 5100.0, 5095.2, 5095.2, 2, 2, 2, 0
2026/2/19, 15:00:00, 5129.9, 5129.9, 5129.8, 5129.8, 2, 2, 2, 0
2026/2/19, 16:00:00, 5130.0, 5130.0, 5130.0, 5130.0, 1, 1, 1, 0
2026/2/19, 20:00:00, 5120.2, 5120.2, 5120.2, 5120.2, 1, 1, 0, 1
2026/2/20, 02:00:00, 5126.9, 5126.9, 5126.9, 5126.9, 1, 1, 0, 1
2026/2/20, 04:00:00, 5123.0, 5126.9, 5123.0, 5126.9, 4, 3, 0, 4
2026/2/20, 05:00:00, 5129.8, 5129.8, 5129.8, 5129.8, 1, 1, 0, 1
2026/2/20, 10:00:00, 5150.0, 5163.0, 5146.8, 5163.0, 6, 6, 3, 3
2026/2/20, 12:00:00, 5134.8, 5134.8, 5134.8, 5134.8, 1, 1, 1, 0
2026/2/20, 13:00:00, 5172.0, 5172.0, 5172.0, 5172.0, 1, 1, 0, 1
2026/2/20, 14:00:00, 5178.0, 5178.0, 5178.0, 5178.0, 2, 2, 0, 2
2026/2/20, 15:00:00, 5190.0, 5190.0, 5112.9, 5161.2, 20, 20, 15, 5
2026/2/20, 16:00:00, 5181.6, 5193.6, 5181.6, 5193.6, 3, 3, 0, 3
2026/2/20, 17:00:00, 5200.0, 5205.0, 5193.5, 5205.0, 5, 4, 0, 5
2026/2/20, 18:00:00, 5200.8, 5200.8, 5200.8, 5200.8, 1, 1, 0, 1
2026/2/20, 19:00:00, 5212.8, 5212.8, 5212.8, 5212.8, 1, 1, 0, 1
2026/2/20, 20:00:00, 5220.0, 5220.0, 5220.0, 5220.0, 1, 1, 0, 1
2026/2/23, 00:00:00, 5276.0, 5277.9, 5272.2, 5272.2, 3, 3, 0, 3
2026/2/23, 03:00:00, 5297.1, 5297.1, 5289.6, 5289.6, 2, 2, 2, 0
2026/2/23, 06:00:00, 5286.5, 5286.5, 5286.5, 5286.5, 1, 1, 1, 0
2026/2/23, 07:00:00, 5270.0, 5270.0, 5257.2, 5257.2, 3, 3, 3, 0
2026/2/23, 08:00:00, 5254.3, 5254.3, 5254.3, 5254.3, 1, 1, 1, 0
2026/2/23, 10:00:00, 5288.4, 5288.4, 5288.4, 5288.4, 1, 1, 0, 1
2026/2/23, 14:00:00, 5274.0, 5332.4, 5274.0, 5322.0, 12, 10, 7, 5
2026/2/23, 15:00:00, 5333.1, 5333.1, 5333.1, 5333.1, 1, 1, 0, 1
2026/2/23, 16:00:00, 5310.0, 5344.7, 5310.0, 5342.7, 7, 6, 1, 6
2026/2/23, 17:00:00, 5336.4, 5336.4, 5336.4, 5336.4, 1, 1, 1, 0
2026/2/24, 00:00:00, 5366.2, 5366.2, 5363.5, 5363.5, 4, 2, 4, 0
2026/2/24, 06:00:00, 5301.6, 5304.0, 5301.6, 5304.0, 2, 2, 0, 2
2026/2/24, 10:00:00, 5302.8, 5302.8, 5295.5, 5295.5, 2, 2, 2, 0
2026/2/24, 11:00:00, 5306.0, 5307.6, 5306.0, 5307.6, 2, 2, 0, 2
2026/2/24, 12:00:00, 5290.8, 5290.8, 5278.2, 5278.2, 3, 3, 3, 0
2026/2/24, 13:00:00, 5286.0, 5286.0, 5245.2, 5245.2, 5, 5, 4, 1
2026/2/24, 14:00:00, 5246.4, 5246.4, 5223.3, 5232.0, 6, 6, 6, 0
2026/2/24, 15:00:00, 5277.0, 5282.3, 5277.0, 5282.3, 6, 3, 4, 2
2026/2/24, 16:00:00, 5269.2, 5269.2, 5269.2, 5269.2, 1, 1, 1, 0
2026/2/24, 20:00:00, 5298.7, 5298.7, 5298.7, 5298.7, 1, 1, 0, 1
2026/2/25, 02:00:00, 5312.0, 5321.8, 5312.0, 5321.8, 2, 2, 0, 2
2026/2/25, 03:00:00, 5314.3, 5314.3, 5314.2, 5314.2, 2, 2, 2, 0
2026/2/25, 09:00:00, 5308.8, 5317.2, 5308.8, 5317.2, 2, 2, 1, 1
2026/2/25, 10:00:00, 5306.4, 5306.4, 5306.4, 5306.4, 1, 1, 0, 1
2026/2/25, 11:00:00, 5300.4, 5300.4, 5300.4, 5300.4, 1, 1, 1, 0
2026/2/25, 13:00:00, 5313.6, 5316.5, 5312.6, 5316.4, 90, 53, 47, 43
2026/2/25, 14:00:00, 5300.0, 5302.9, 5293.2, 5293.2, 3, 3, 1, 2
2026/2/25, 15:00:00, 5307.6, 5328.5, 5304.0, 5328.5, 3, 3, 2, 1
2026/2/25, 17:00:00, 5349.0, 5349.0, 5345.0, 5345.0, 2, 2, 1, 1
2026/2/25, 20:00:00, 5319.6, 5319.6, 5284.8, 5284.8, 9, 9, 7, 2
2026/2/25, 21:00:00, 5288.7, 5301.1, 5288.7, 5295.6, 3, 3, 2, 1
2026/2/26, 05:00:00, 5322.0, 5322.0, 5322.0, 5322.0, 1, 1, 1, 0
2026/2/26, 07:00:00, 5311.2, 5311.2, 5311.2, 5311.2, 1, 1, 1, 0
2026/2/26, 08:00:00, 5318.8, 5318.8, 5295.6, 5303.0, 5, 5, 3, 2
2026/2/26, 09:00:00, 5310.0, 5310.0, 5310.0, 5310.0, 1, 1, 1, 0
2026/2/26, 14:00:00, 5280.0, 5293.4, 5269.2, 5293.4, 4, 4, 2, 2
2026/2/26, 15:00:00, 5295.3, 5320.1, 5259.6, 5320.1, 5, 5, 3, 2
2026/2/26, 16:00:00, 5306.0, 5306.5, 5306.0, 5306.5, 2, 2, 1, 1
2026/2/26, 17:00:00, 5295.6, 5297.5, 5295.6, 5297.5, 2, 2, 1, 1
2026/2/26, 18:00:00, 5306.4, 5313.6, 5306.4, 5313.6, 2, 2, 2, 0
2026/2/27, 02:00:00, 5307.6, 5307.6, 5307.6, 5307.6, 1, 1, 1, 0
2026/2/27, 10:00:00, 5299.2, 5299.2, 5296.9, 5296.9, 2, 2, 2, 0
2026/2/27, 13:00:00, 5335.2, 5370.0, 5335.2, 5342.4, 6, 6, 1, 5
2026/2/27, 14:00:00, 5360.7, 5367.0, 5347.9, 5355.3, 9, 9, 4, 5
2026/2/27, 15:00:00, 5351.2, 5376.0, 5351.2, 5376.0, 12, 11, 3, 9
2026/2/27, 16:00:00, 5383.2, 5385.9, 5359.2, 5365.8, 7, 7, 3, 4
2026/2/27, 17:00:00, 5364.0, 5364.0, 5359.2, 5364.0, 3, 3, 1, 2
2026/2/27, 18:00:00, 5356.2, 5375.8, 5356.2, 5375.8, 2, 2, 1, 1
2026/2/27, 19:00:00, 5378.0, 5380.2, 5375.1, 5380.2, 4, 4, 3, 1
2026/2/27, 20:00:00, 5388.0, 5395.3, 5388.0, 5395.3, 2, 2, 0, 2
2026/3/1, 23:00:00, 5450.4, 5521.5, 5450.4, 5518.5, 10, 9, 4, 6
2026/3/2, 01:00:00, 5460.0, 5461.0, 5442.0, 5442.0, 4, 4, 0, 4
2026/3/2, 02:00:00, 5470.8, 5478.8, 5470.2, 5478.8, 3, 3, 1, 2
2026/3/2, 03:00:00, 5479.7, 5494.4, 5479.7, 5494.4, 3, 3, 0, 3
2026/3/2, 04:00:00, 5491.2, 5491.2, 5482.8, 5482.8, 2, 2, 1, 1
2026/3/2, 05:00:00, 5494.9, 5494.9, 5494.9, 5494.9, 1, 1, 1, 0
2026/3/2, 06:00:00, 5499.0, 5517.6, 5499.0, 5517.6, 7, 7, 1, 6
2026/3/2, 07:00:00, 5523.6, 5536.5, 5523.6, 5536.5, 5, 5, 1, 4
2026/3/2, 08:00:00, 5543.8, 5543.8, 5543.8, 5543.8, 1, 1, 0, 1
2026/3/2, 09:00:00, 5522.4, 5534.4, 5522.4, 5534.4, 2, 2, 1, 1
2026/3/2, 11:00:00, 5514.0, 5514.0, 5505.6, 5505.6, 2, 2, 2, 0
2026/3/2, 12:00:00, 5523.6, 5526.9, 5523.6, 5526.0, 3, 3, 1, 2
2026/3/2, 13:00:00, 5529.6, 5545.2, 5529.6, 5545.2, 2, 2, 1, 1
2026/3/2, 14:00:00, 5515.2, 5515.2, 5438.6, 5480.0, 22, 20, 20, 2
2026/3/2, 15:00:00, 5465.4, 5465.4, 5440.2, 5440.2, 2, 2, 2, 0
2026/3/2, 16:00:00, 5421.5, 5421.5, 5421.5, 5421.5, 1, 1, 1, 0
2026/3/3, 02:00:00, 5485.0, 5497.5, 5485.0, 5496.9, 6, 6, 1, 5
2026/3/3, 03:00:00, 5498.0, 5499.9, 5498.0, 5499.9, 6, 4, 1, 5
2026/3/3, 05:00:00, 5474.4, 5474.4, 5437.2, 5442.9, 10, 10, 7, 3
2026/3/3, 06:00:00, 5428.8, 5446.8, 5407.3, 5433.0, 13, 13, 6, 7
2026/3/3, 07:00:00, 5442.8, 5461.2, 5442.8, 5461.2, 6, 5, 1, 5
2026/3/3, 08:00:00, 5430.0, 5438.0, 5430.0, 5438.0, 3, 3, 2, 1
2026/3/3, 09:00:00, 5417.4, 5417.4, 5353.4, 5353.4, 12, 12, 11, 1
2026/3/3, 10:00:00, 5396.7, 5396.7, 5396.7, 5396.7, 1, 1, 1, 0
2026/3/3, 11:00:00, 5312.5, 5328.3, 5200.1, 5203.4, 20, 18, 17, 3
2026/3/3, 12:00:00, 5328.0, 5333.9, 5328.0, 5333.9, 2, 2, 1, 1
2026/3/3, 13:00:00, 5288.0, 5291.0, 5271.1, 5289.6, 5, 5, 4, 1
2026/3/3, 14:00:00, 5232.0, 5234.7, 5200.0, 5200.0, 3, 3, 3, 0
2026/3/3, 15:00:00, 5157.6, 5157.6, 5155.0, 5155.0, 2, 2, 2, 0
2026/3/3, 16:00:00, 5212.7, 5234.0, 5212.7, 5234.0, 2, 2, 1, 1
2026/3/3, 17:00:00, 5210.0, 5210.0, 5210.0, 5210.0, 1, 1, 1, 0
2026/3/3, 18:00:00, 5260.0, 5260.0, 5260.0, 5260.0, 5, 1, 0, 5
2026/3/3, 20:00:00, 5240.2, 5240.2, 5240.2, 5240.2, 1, 1, 0, 1
2026/3/3, 21:00:00, 5220.2, 5220.2, 5220.2, 5220.2, 1, 1, 1, 0
2026/3/4, 01:00:00, 5270.0, 5300.0, 5270.0, 5299.0, 10, 10, 5, 5
2026/3/4, 02:00:00, 5304.9, 5304.9, 5289.0, 5289.2, 5, 4, 0, 5
2026/3/4, 03:00:00, 5268.0, 5292.0, 5268.0, 5292.0, 2, 2, 1, 1
2026/3/4, 04:00:00, 5276.6, 5276.6, 5276.6, 5276.6, 1, 1, 1, 0
2026/3/4, 06:00:00, 5267.6, 5275.2, 5244.0, 5275.2, 12, 12, 10, 2
2026/3/4, 07:00:00, 5286.9, 5294.0, 5286.9, 5294.0, 5, 4, 2, 3
2026/3/4, 08:00:00, 5282.0, 5301.8, 5282.0, 5301.8, 6, 4, 2, 4
2026/3/4, 09:00:00, 5287.0, 5306.0, 5285.0, 5306.0, 6, 6, 4, 2
2026/3/4, 10:00:00, 5317.5, 5325.6, 5305.0, 5314.9, 12, 11, 5, 7
2026/3/4, 12:00:00, 5286.0, 5290.0, 5286.0, 5290.0, 2, 2, 2, 0
2026/3/4, 13:00:00, 5307.0, 5318.9, 5306.4, 5306.4, 3, 3, 2, 1
2026/3/4, 14:00:00, 5292.0, 5292.0, 5264.7, 5265.6, 6, 6, 5, 1
2026/3/4, 15:00:00, 5283.6, 5283.6, 5255.5, 5273.0, 9, 9, 7, 2
2026/3/4, 16:00:00, 5281.9, 5281.9, 5275.2, 5275.2, 3, 3, 1, 2
2026/3/4, 17:00:00, 5252.4, 5252.4, 5244.0, 5244.0, 4, 4, 4, 0
2026/3/4, 18:00:00, 5240.4, 5240.4, 5234.4, 5239.2, 3, 3, 3, 0
2026/3/4, 19:00:00, 5256.0, 5263.0, 5256.0, 5263.0, 2, 2, 1, 1
2026/3/4, 23:00:00, 5285.0, 5285.0, 5285.0, 5285.0, 2, 2, 2, 0
2026/3/5, 00:00:00, 5296.0, 5304.0, 5296.0, 5300.5, 5, 5, 0, 5
2026/3/5, 01:00:00, 5305.0, 5305.0, 5293.0, 5299.0, 6, 5, 4, 2
2026/3/5, 02:00:00, 5305.0, 5310.9, 5305.0, 5310.9, 3, 2, 0, 3
2026/3/5, 03:00:00, 5315.0, 5316.0, 5311.0, 5311.0, 3, 3, 3, 0
2026/3/5, 04:00:00, 5290.5, 5295.0, 5290.5, 5295.0, 4, 3, 1, 3
2026/3/5, 05:00:00, 5296.0, 5296.0, 5296.0, 5296.0, 2, 2, 2, 0
2026/3/5, 06:00:00, 5254.8, 5254.8, 5248.6, 5248.6, 3, 3, 3, 0
2026/3/5, 07:00:00, 5288.4, 5292.5, 5288.4, 5292.5, 4, 4, 2, 2
2026/3/5, 08:00:00, 5274.0, 5288.0, 5258.9, 5288.0, 13, 12, 8, 5
2026/3/5, 09:00:00, 5296.0, 5305.7, 5276.2, 5286.1, 27, 23, 15, 12
2026/3/5, 10:00:00, 5276.0, 5288.4, 5272.7, 5286.5, 8, 7, 4, 4
2026/3/5, 11:00:00, 5286.0, 5287.2, 5283.1, 5287.2, 3, 3, 3, 0
2026/3/5, 12:00:00, 5293.0, 5294.0, 5293.0, 5294.0, 3, 3, 3, 0
2026/3/5, 13:00:00, 5275.1, 5275.1, 5217.6, 5246.0, 31, 26, 18, 13
2026/3/5, 14:00:00, 5240.0, 5245.9, 5221.2, 5221.2, 10, 9, 8, 2
2026/3/5, 15:00:00, 5204.4, 5204.4, 5198.0, 5198.0, 3, 3, 3, 0
2026/3/5, 16:00:00, 5199.6, 5199.6, 5184.3, 5184.3, 2, 2, 2, 0
2026/3/5, 17:00:00, 5178.0, 5178.0, 5178.0, 5178.0, 1, 1, 1, 0
2026/3/5, 18:00:00, 5170.9, 5198.4, 5170.9, 5198.4, 2, 2, 1, 1
2026/3/5, 19:00:00, 5186.7, 5186.7, 5186.7, 5186.7, 1, 1, 1, 0
2026/3/5, 20:00:00, 5212.8, 5212.8, 5199.6, 5199.6, 2, 2, 1, 1
2026/3/6, 00:00:00, 5200.0, 5200.0, 5200.0, 5200.0, 2, 2, 2, 0
2026/3/6, 01:00:00, 5197.0, 5259.0, 5197.0, 5258.0, 10, 8, 5, 5
2026/3/6, 02:00:00, 5258.2, 5258.2, 5242.9, 5245.0, 5, 5, 4, 1
2026/3/6, 03:00:00, 5255.9, 5261.3, 5255.9, 5261.3, 6, 5, 0, 6
2026/3/6, 04:00:00, 5252.0, 5254.0, 5252.0, 5254.0, 2, 2, 2, 0
2026/3/6, 05:00:00, 5248.0, 5248.0, 5248.0, 5248.0, 1, 1, 1, 0
2026/3/6, 09:00:00, 5224.8, 5224.8, 5204.4, 5204.4, 11, 9, 11, 0
2026/3/6, 10:00:00, 5202.2, 5208.1, 5202.2, 5208.1, 3, 3, 0, 3
2026/3/6, 11:00:00, 5186.3, 5186.3, 5186.3, 5186.3, 1, 1, 1, 0
2026/3/6, 13:00:00, 5238.0, 5245.2, 5228.4, 5228.4, 5, 5, 1, 4
2026/3/6, 14:00:00, 5222.0, 5226.8, 5208.5, 5218.0, 13, 12, 6, 7
2026/3/6, 15:00:00, 5255.0, 5277.4, 5255.0, 5277.4, 3, 3, 0, 3
2026/3/6, 16:00:00, 5253.0, 5253.0, 5253.0, 5253.0, 1, 1, 1, 0
2026/3/6, 17:00:00, 5271.0, 5271.0, 5271.0, 5271.0, 1, 1, 0, 1
2026/3/6, 18:00:00, 5272.1, 5274.9, 5271.1, 5274.9, 15, 11, 13, 2
2026/3/6, 21:00:00, 5291.6, 5291.6, 5291.6, 5291.6, 1, 1, 0, 1
2026/3/8, 22:00:00, 5318.0, 5318.0, 5240.0, 5240.0, 9, 9, 6, 3
2026/3/8, 23:00:00, 5210.0, 5210.0, 5210.0, 5210.0, 1, 1, 1, 0
2026/3/9, 00:00:00, 5160.0, 5163.6, 5155.0, 5157.1, 4, 4, 2, 2
2026/3/9, 01:00:00, 5131.6, 5169.9, 5131.6, 5169.9, 11, 6, 11, 0
2026/3/9, 06:00:00, 5225.7, 5226.2, 5225.7, 5226.2, 5, 5, 0, 5
2026/3/9, 07:00:00, 5217.8, 5217.8, 5217.8, 5217.8, 1, 1, 1, 0
2026/3/9, 08:00:00, 5211.3, 5211.3, 5211.2, 5211.2, 2, 2, 2, 0
2026/3/9, 09:00:00, 5229.6, 5229.6, 5229.6, 5229.6, 1, 1, 0, 1
2026/3/9, 10:00:00, 5221.6, 5221.6, 5215.0, 5215.3, 4, 4, 2, 2
2026/3/9, 14:00:00, 5179.2, 5235.6, 5179.2, 5233.9, 6, 6, 4, 2
2026/3/9, 15:00:00, 5200.8, 5200.8, 5200.8, 5200.8, 1, 1, 1, 0
2026/3/9, 17:00:00, 5215.1, 5217.2, 5212.0, 5212.0, 3, 3, 2, 1
2026/3/9, 18:00:00, 5231.1, 5231.1, 5231.1, 5231.1, 1, 1, 0, 1
2026/3/9, 19:00:00, 5249.9, 5266.8, 5249.9, 5266.8, 2, 2, 0, 2
2026/3/9, 22:00:00, 5240.4, 5240.4, 5240.4, 5240.4, 1, 1, 1, 0
2026/3/10, 01:00:00, 5263.9, 5302.0, 5263.9, 5302.0, 7, 6, 1, 6
2026/3/10, 02:00:00, 5307.0, 5307.0, 5307.0, 5307.0, 1, 1, 1, 0
2026/3/10, 03:00:00, 5285.0, 5285.0, 5285.0, 5285.0, 1, 1, 1, 0
2026/3/10, 07:00:00, 5298.5, 5298.5, 5298.0, 5298.0, 2, 2, 1, 1
2026/3/10, 08:00:00, 5307.9, 5317.2, 5302.8, 5315.0, 7, 7, 2, 5
2026/3/10, 09:00:00, 5308.0, 5308.0, 5305.4, 5305.4, 2, 2, 1, 1
2026/3/10, 10:00:00, 5298.0, 5301.3, 5281.2, 5285.0, 4, 4, 2, 2
2026/3/10, 11:00:00, 5304.0, 5313.2, 5304.0, 5308.5, 7, 7, 0, 7
2026/3/10, 12:00:00, 5292.0, 5299.8, 5292.0, 5299.8, 4, 4, 2, 2
2026/3/10, 13:00:00, 5313.6, 5347.2, 5313.6, 5330.4, 17, 17, 7, 10
2026/3/10, 14:00:00, 5328.0, 5332.8, 5310.0, 5332.8, 19, 19, 10, 9
2026/3/10, 15:00:00, 5344.8, 5348.4, 5344.8, 5348.4, 2, 2, 0, 2
2026/3/10, 17:00:00, 5356.8, 5357.3, 5356.8, 5356.9, 12, 9, 1, 11
2026/3/10, 18:00:00, 5341.2, 5341.2, 5290.0, 5326.6, 10, 9, 7, 3
2026/3/10, 20:00:00, 5314.3, 5314.3, 5314.3, 5314.3, 1, 1, 1, 0
2026/3/11, 00:00:00, 5330.5, 5336.0, 5330.5, 5336.0, 3, 2, 2, 1
2026/3/11, 01:00:00, 5341.4, 5341.4, 5330.5, 5330.5, 2, 2, 1, 1
2026/3/11, 02:00:00, 5318.0, 5339.5, 5317.4, 5339.5, 4, 3, 2, 2
2026/3/11, 03:00:00, 5327.9, 5327.9, 5325.3, 5325.3, 2, 2, 1, 1
2026/3/11, 04:00:00, 5326.0, 5326.0, 5323.0, 5323.0, 3, 3, 3, 0
2026/3/11, 05:00:00, 5318.4, 5326.6, 5312.4, 5318.0, 8, 8, 6, 2
2026/3/11, 06:00:00, 5322.0, 5326.0, 5317.0, 5317.0, 4, 4, 2, 2
2026/3/11, 07:00:00, 5323.0, 5323.0, 5314.8, 5314.8, 5, 5, 1, 4
2026/3/11, 08:00:00, 5308.0, 5309.9, 5301.0, 5309.9, 4, 4, 1, 3
2026/3/11, 09:00:00, 5305.5, 5310.0, 5301.8, 5310.0, 4, 4, 2, 2
2026/3/11, 10:00:00, 5316.3, 5316.3, 5305.0, 5310.0, 6, 6, 4, 2
2026/3/11, 11:00:00, 5305.0, 5310.0, 5305.0, 5305.0, 5, 4, 2, 3
2026/3/11, 12:00:00, 5310.0, 5316.0, 5287.2, 5287.2, 7, 7, 5, 2
2026/3/11, 13:00:00, 5299.6, 5299.6, 5270.4, 5270.4, 6, 6, 6, 0
2026/3/11, 14:00:00, 5300.0, 5315.1, 5300.0, 5315.1, 3, 3, 0, 3
2026/3/11, 15:00:00, 5290.5, 5292.5, 5286.0, 5292.5, 3, 3, 3, 0
2026/3/11, 16:00:00, 5288.9, 5296.0, 5286.6, 5296.0, 5, 5, 3, 2
2026/3/11, 17:00:00, 5299.8, 5299.8, 5273.9, 5287.0, 12, 11, 10, 2
2026/3/11, 18:00:00, 5293.0, 5293.0, 5293.0, 5293.0, 1, 1, 0, 1
2026/3/11, 19:00:00, 5298.1, 5298.1, 5298.1, 5298.1, 1, 1, 1, 0
2026/3/11, 22:00:00, 5288.0, 5288.0, 5282.0, 5282.0, 4, 3, 3, 1
2026/3/11, 23:00:00, 5269.3, 5269.3, 5269.3, 5269.3, 1, 1, 0, 1
2026/3/12, 00:00:00, 5259.1, 5259.1, 5259.1, 5259.1, 1, 1, 1, 0
2026/3/12, 01:00:00, 5281.5, 5293.2, 5271.6, 5293.2, 6, 6, 3, 3
2026/3/12, 02:00:00, 5285.1, 5285.1, 5270.0, 5270.0, 6, 6, 3, 3
2026/3/12, 05:00:00, 5262.0, 5267.2, 5258.2, 5258.2, 4, 4, 3, 1
2026/3/12, 06:00:00, 5288.9, 5288.9, 5288.9, 5288.9, 1, 1, 1, 0
2026/3/12, 07:00:00, 5286.6, 5303.0, 5286.6, 5303.0, 6, 6, 3, 3
2026/3/12, 08:00:00, 5310.0, 5310.0, 5300.6, 5300.6, 2, 2, 1, 1
2026/3/12, 09:00:00, 5299.2, 5307.6, 5299.2, 5307.6, 2, 2, 0, 2
2026/3/12, 11:00:00, 5298.0, 5298.0, 5298.0, 5298.0, 1, 1, 1, 0
2026/3/12, 12:00:00, 5292.0, 5299.5, 5284.8, 5299.5, 4, 3, 2, 2
2026/3/12, 13:00:00, 5271.8, 5271.8, 5271.3, 5271.3, 2, 2, 2, 0
2026/3/12, 15:00:00, 5260.8, 5260.8, 5229.6, 5248.2, 15, 10, 15, 0
2026/3/12, 16:00:00, 5243.5, 5243.5, 5243.5, 5243.5, 1, 1, 1, 0
2026/3/12, 17:00:00, 5228.1, 5228.1, 5228.1, 5228.1, 1, 1, 1, 0
2026/3/12, 18:00:00, 5217.6, 5217.6, 5210.0, 5210.0, 3, 3, 3, 0
2026/3/12, 19:00:00, 5210.0, 5214.6, 5198.4, 5206.8, 8, 7, 6, 2
2026/3/12, 20:00:00, 5200.0, 5200.0, 5175.6, 5196.3, 9, 9, 6, 3
2026/3/13, 01:00:00, 5235.0, 5237.0, 5226.5, 5226.5, 10, 10, 5, 5
2026/3/13, 02:00:00, 5235.1, 5235.1, 5232.5, 5232.5, 2, 2, 2, 0
2026/3/13, 05:00:00, 5223.0, 5223.0, 5222.6, 5222.6, 4, 3, 0, 4
2026/3/13, 06:00:00, 5221.1, 5221.1, 5205.1, 5211.6, 5, 5, 1, 4
2026/3/13, 07:00:00, 5207.8, 5207.8, 5207.8, 5207.8, 1, 1, 1, 0
2026/3/13, 08:00:00, 5195.0, 5199.0, 5195.0, 5198.9, 3, 3, 3, 0
2026/3/13, 09:00:00, 5205.1, 5210.0, 5205.1, 5210.0, 2, 2, 1, 1
2026/3/13, 10:00:00, 5207.0, 5214.1, 5204.4, 5214.1, 5, 4, 1, 4
2026/3/13, 11:00:00, 5212.0, 5222.7, 5212.0, 5222.7, 2, 2, 0, 2
2026/3/13, 12:00:00, 5226.9, 5232.0, 5226.9, 5231.0, 3, 3, 0, 3
2026/3/13, 13:00:00, 5228.4, 5233.9, 5224.0, 5224.0, 3, 3, 3, 0
2026/3/13, 14:00:00, 5210.1, 5210.1, 5154.3, 5154.3, 14, 14, 11, 3
2026/3/13, 15:00:00, 5175.6, 5180.3, 5146.8, 5146.8, 10, 10, 7, 3
2026/3/13, 16:00:00, 5147.2, 5162.0, 5134.8, 5162.0, 7, 7, 5, 2
2026/3/13, 17:00:00, 5174.0, 5177.8, 5172.7, 5173.0, 6, 6, 3, 3
2026/3/13, 18:00:00, 5160.2, 5160.2, 5160.2, 5160.2, 1, 1, 1, 0
2026/3/13, 19:00:00, 5163.0, 5163.0, 5130.0, 5130.0, 5, 5, 3, 2
2026/3/13, 20:00:00, 5134.1, 5135.1, 5134.1, 5135.1, 2, 2, 2, 0
2026/3/15, 22:00:00, 5130.0, 5140.0, 5123.3, 5140.0, 5, 5, 1, 4
2026/3/15, 23:00:00, 5100.0, 5100.0, 5100.0, 5100.0, 3, 3, 1, 2
2026/3/16, 01:00:00, 5096.4, 5096.4, 5096.4, 5096.4, 1, 1, 1, 0
2026/3/16, 02:00:00, 5130.0, 5130.0, 5127.4, 5127.4, 2, 2, 2, 0
2026/3/16, 04:00:00, 5140.0, 5140.0, 5140.0, 5140.0, 1, 1, 0, 1
2026/3/16, 05:00:00, 5125.8, 5134.5, 5125.8, 5132.6, 4, 4, 2, 2
2026/3/16, 06:00:00, 5140.0, 5140.0, 5121.6, 5124.2, 5, 5, 3, 2
2026/3/16, 07:00:00, 5116.8, 5116.8, 5106.0, 5106.0, 2, 2, 2, 0
2026/3/16, 08:00:00, 5103.6, 5103.6, 5103.6, 5103.6, 1, 1, 1, 0
2026/3/16, 09:00:00, 5098.5, 5098.5, 5098.5, 5098.5, 1, 1, 1, 0
2026/3/16, 10:00:00, 5086.0, 5102.4, 5086.0, 5102.4, 3, 2, 2, 1
2026/3/16, 11:00:00, 5111.9, 5133.9, 5107.2, 5107.2, 7, 7, 4, 3
2026/3/16, 12:00:00, 5130.0, 5143.2, 5127.6, 5127.6, 7, 7, 4, 3
2026/3/16, 13:00:00, 5143.0, 5151.6, 5143.0, 5146.6, 8, 8, 1, 7
2026/3/16, 14:00:00, 5130.0, 5130.0, 5119.1, 5119.1, 6, 6, 5, 1
2026/3/16, 15:00:00, 5101.2, 5115.4, 5101.2, 5115.3, 4, 4, 3, 1
2026/3/16, 16:00:00, 5096.4, 5108.4, 5096.4, 5108.4, 2, 2, 1, 1
2026/3/16, 17:00:00, 5109.6, 5112.7, 5109.6, 5112.7, 2, 2, 0, 2
2026/3/16, 18:00:00, 5123.5, 5130.0, 5121.6, 5130.0, 3, 3, 1, 2
2026/3/16, 20:00:00, 5134.2, 5140.5, 5131.6, 5131.6, 5, 5, 1, 4
2026/3/17, 01:00:00, 5138.4, 5138.4, 5138.4, 5138.4, 1, 1, 0, 1
2026/3/17, 03:00:00, 5144.7, 5144.7, 5144.6, 5144.6, 2, 2, 1, 1
2026/3/17, 04:00:00, 5152.8, 5156.4, 5151.3, 5156.4, 4, 4, 2, 2
2026/3/17, 05:00:00, 5160.0, 5160.0, 5145.0, 5145.0, 2, 2, 0, 2
2026/3/17, 06:00:00, 5130.0, 5130.0, 5128.0, 5128.0, 2, 2, 1, 1
2026/3/17, 07:00:00, 5137.2, 5137.2, 5137.2, 5137.2, 1, 1, 0, 1
2026/3/17, 08:00:00, 5139.1, 5139.1, 5139.1, 5139.1, 1, 1, 0, 1
2026/3/17, 10:00:00, 5118.6, 5118.6, 5109.6, 5115.9, 4, 4, 3, 1
2026/3/17, 12:00:00, 5128.6, 5128.6, 5128.5, 5128.5, 5, 3, 5, 0
2026/3/17, 13:00:00, 5137.2, 5143.2, 5137.2, 5143.2, 2, 2, 0, 2
2026/3/17, 14:00:00, 5126.7, 5126.7, 5126.7, 5126.7, 2, 1, 2, 0
2026/3/17, 15:00:00, 5118.0, 5118.0, 5088.0, 5106.9, 8, 8, 7, 1
2026/3/17, 16:00:00, 5120.0, 5120.4, 5120.0, 5120.4, 2, 2, 0, 2
2026/3/17, 17:00:00, 5123.3, 5123.3, 5123.3, 5123.3, 1, 1, 1, 0
2026/3/17, 18:00:00, 5115.6, 5115.6, 5115.6, 5115.6, 1, 1, 1, 0
2026/3/17, 20:00:00, 5118.4, 5118.4, 5118.4, 5118.4, 1, 1, 0, 1
2026/3/17, 22:00:00, 5110.0, 5110.0, 5110.0, 5110.0, 1, 1, 1, 0
2026/3/18, 00:00:00, 5120.0, 5120.0, 5120.0, 5120.0, 1, 1, 0, 1
2026/3/18, 01:00:00, 5123.0, 5129.0, 5123.0, 5129.0, 2, 2, 0, 2
2026/3/18, 02:00:00, 5110.3, 5110.3, 5110.3, 5110.3, 1, 1, 1, 0
2026/3/18, 03:00:00, 5105.6, 5105.6, 5103.9, 5103.9, 3, 3, 1, 2
2026/3/18, 04:00:00, 5096.0, 5096.0, 5096.0, 5096.0, 2, 2, 2, 0
2026/3/18, 05:00:00, 5105.0, 5105.6, 5105.0, 5105.6, 3, 2, 1, 2
2026/3/18, 06:00:00, 5120.0, 5124.1, 5120.0, 5124.1, 2, 2, 0, 2
2026/3/18, 07:00:00, 5111.5, 5111.5, 5111.5, 5111.5, 1, 1, 1, 0
2026/3/18, 08:00:00, 5105.6, 5105.6, 5100.0, 5100.0, 4, 3, 4, 0
2026/3/18, 10:00:00, 5090.4, 5090.4, 5078.4, 5079.6, 9, 9, 7, 2
2026/3/18, 11:00:00, 5074.8, 5086.4, 5041.2, 5041.2, 15, 14, 9, 6
2026/3/18, 12:00:00, 5036.0, 5045.8, 4987.6, 4994.4, 27, 24, 13, 14
2026/3/18, 13:00:00, 4976.4, 4976.4, 4956.0, 4969.2, 19, 19, 11, 8
2026/3/18, 14:00:00, 4980.0, 4980.0, 4980.0, 4980.0, 1, 1, 1, 0
2026/3/18, 15:00:00, 4984.8, 4985.8, 4975.0, 4976.4, 7, 6, 3, 4
2026/3/18, 16:00:00, 4994.6, 4994.6, 4993.7, 4993.7, 2, 2, 1, 1
2026/3/18, 17:00:00, 5006.4, 5006.4, 5006.4, 5006.4, 1, 1, 1, 0
2026/3/18, 18:00:00, 5011.0, 5011.0, 4971.6, 4971.6, 18, 15, 6, 12
2026/3/18, 19:00:00, 4958.4, 4977.6, 4958.4, 4977.6, 5, 4, 1, 4
2026/3/18, 20:00:00, 4946.4, 4946.4, 4926.0, 4926.0, 3, 3, 2, 1
2026/3/18, 22:00:00, 4947.4, 4947.4, 4947.4, 4947.4, 1, 1, 0, 1
2026/3/19, 01:00:00, 4943.5, 4943.5, 4943.5, 4943.5, 1, 1, 1, 0
