Date, Time, Open, High, Low, Last, Volume, NumberOfTrades, BidVolume, AskVolume
2026/2/18, 02:00:00, 5014.0, 5014.0, 5014.0, 5014.0, 1, 1, 0, 1
2026/2/18, 02:05:00, 5019.2, 5019.2, 5019.2, 5019.2, 1, 1, 0, 1
2026/2/18, 02:10:00, 5020.0, 5020.0, 5020.0, 5020.0, 2, 1, 2, 0
2026/2/18, 02:30:00, 5025.5, 5025.5, 5025.5, 5025.5, 1, 1, 0, 1
2026/2/18, 02:55:00, 5025.3, 5025.3, 5025.3, 5025.3, 2, 1, 2, 0
2026/2/18, 03:10:00, 5034.0, 5034.0, 5034.0, 5034.0, 2, 1, 2, 0
2026/2/18, 03:45:00, 5042.0, 5042.0, 5042.0, 5042.0, 2, 1, 0, 2
2026/2/18, 04:10:00, 5053.5, 5053.5, 5053.4, 5053.4, 2, 2, 0, 2
2026/2/18, 04:40:00, 5055.0, 5055.0, 5055.0, 5055.0, 2, 2, 2, 0
2026/2/18, 04:45:00, 5059.1, 5059.1, 5059.1, 5059.1, 1, 1, 0, 1
2026/2/18, 05:35:00, 5058.7, 5058.7, 5058.7, 5058.7, 2, 1, 2, 0
2026/2/18, 05:45:00, 5057.1, 5057.1, 5057.1, 5057.1, 1, 1, 1, 0
2026/2/18, 06:05:00, 5048.4, 5048.4, 5048.4, 5048.4, 1, 1, 1, 0
2026/2/18, 06:10:00, 5051.1, 5051.1, 5048.7, 5048.7, 2, 2, 1, 1
2026/2/18, 07:25:00, 5064.0, 5064.0, 5064.0, 5064.0, 1, 1, 0, 1
2026/2/18, 08:15:00, 5048.3, 5048.3, 5048.3, 5048.3, 1, 1, 1, 0
2026/2/18, 09:15:00, 5040.0, 5040.0, 5040.0, 5040.0, 1, 1, 0, 1
2026/2/18, 12:20:00, 5053.2, 5053.2, 5053.2, 5053.2, 1, 1, 0, 1
2026/2/18, 12:55:00, 5070.0, 5070.0, 5070.0, 5070.0, 1, 1, 0, 1
2026/2/18, 13:05:00, 5083.2, 5084.4, 5083.2, 5084.4, 2, 2, 0, 2
2026/2/18, 13:30:00, 5080.0, 5080.0, 5080.0, 5080.0, 2, 2, 2, 0
2026/2/18, 13:35:00, 5086.8, 5090.0, 5086.8, 5090.0, 2, 2, 0, 2
2026/2/18, 14:00:00, 5081.2, 5085.2, 5081.2, 5083.8, 4, 3, 3, 1
2026/2/18, 14:30:00, 5100.0, 5101.2, 5100.0, 5101.2, 2, 2, 0, 2
2026/2/18, 14:35:00, 5106.0, 5108.3, 5106.0, 5108.3, 2, 2, 0, 2
2026/2/18, 14:40:00, 5110.0, 5110.0, 5110.0, 5110.0, 1, 1, 0, 1
2026/2/18, 14:50:00, 5113.9, 5118.7, 5113.9, 5118.7, 6, 5, 2, 4
2026/2/18, 15:00:00, 5126.4, 5126.4, 5126.4, 5126.4, 1, 1, 0, 1
2026/2/18, 15:05:00, 5128.0, 5128.0, 5119.2, 5119.2, 3, 3, 3, 0
2026/2/18, 15:20:00, 5128.2, 5128.2, 5128.1, 5128.1, 2, 2, 2, 0
2026/2/18, 16:55:00, 5127.3, 5127.3, 5127.3, 5127.3, 1, 1, 0, 1
2026/2/18, 18:20:00, 5121.5, 5121.5, 5121.5, 5121.5, 1, 1, 1, 0
2026/2/18, 18:30:00, 5114.4, 5114.4, 5114.4, 5114.4, 1, 1, 0, 1
2026/2/18, 20:45:00, 5111.0, 5111.0, 5111.0, 5111.0, 2, 1, 2, 0
2026/2/18, 23:00:00, 5078.0, 5092.6, 5078.0, 5092.6, 3, 3, 1, 2
2026/2/19, 02:15:00, 5090.8, 5090.8, 5090.8, 5090.8, 1, 1, 1, 0
2026/2/19, 02:55:00, 5091.3, 5091.3, 5091.3, 5091.3, 1, 1, 1, 0
2026/2/19, 03:00:00, 5090.7, 5090.7, 5090.7, 5090.7, 1, 1, 1, 0
2026/2/19, 06:45:00, 5140.0, 5140.0, 5137.1, 5137.1, 2, 2, 0, 2
2026/2/19, 09:20:00, 5138.0, 5138.0, 5138.0, 5138.0, 2, 1, 2, 0
2026/2/19, 09:25:00, 5127.4, 5127.4, 5126.4, 5126.4, 2, 2, 2, 0
2026/2/19, 09:35:00, 5121.2, 5121.2, 5121.2, 5121.2, 1, 1, 1, 0
2026/2/19, 09:40:00, 5127.7, 5127.7, 5127.7, 5127.7, 1, 1, 1, 0
2026/2/19, 09:50:00, 5127.9, 5128.0, 5127.9, 5128.0, 2, 2, 0, 2
2026/2/19, 10:10:00, 5110.7, 5110.7, 5110.7, 5110.7, 1, 1, 1, 0
2026/2/19, 11:15:00, 5112.0, 5112.0, 5112.0, 5112.0, 1, 1, 1, 0
2026/2/19, 12:00:00, 5108.6, 5108.6, 5108.6, 5108.6, 1, 1, 0, 1
2026/2/19, 13:30:00, 5098.8, 5098.8, 5098.8, 5098.8, 1, 1, 1, 0
2026/2/19, 13:35:00, 5117.5, 5117.5, 5117.5, 5117.5, 1, 1, 0, 1
2026/2/19, 13:45:00, 5118.7, 5118.7, 5118.7, 5118.7, 1, 1, 1, 0
2026/2/19, 14:10:00, 5100.0, 5100.0, 5100.0, 5100.0, 1, 1, 1, 0
2026/2/19, 14:30:00, 5095.2, 5095.2, 5095.2, 5095.2, 1, 1, 1, 0
2026/2/19, 15:20:00, 5129.9, 5129.9, 5129.8, 5129.8, 2, 2, 2, 0
2026/2/19, 16:05:00, 5130.0, 5130.0, 5130.0, 5130.0, 1, 1, 1, 0
2026/2/19, 20:15:00, 5120.2, 5120.2, 5120.2, 5120.2, 1, 1, 0, 1
2026/2/20, 02:00:00, 5126.9, 5126.9, 5126.9, 5126.9, 1, 1, 0, 1
2026/2/20, 04:40:00, 5123.0, 5126.9, 5123.0, 5126.9, 4, 3, 0, 4
2026/2/20, 05:45:00, 5129.8, 5129.8, 5129.8, 5129.8, 1, 1, 0, 1
2026/2/20, 10:10:00, 5150.0, 5150.0, 5146.8, 5146.8, 3, 3, 1, 2
2026/2/20, 10:45:00, 5155.0, 5155.0, 5155.0, 5155.0, 2, 2, 2, 0
2026/2/20, 10:50:00, 5163.0, 5163.0, 5163.0, 5163.0, 1, 1, 0, 1
2026/2/20, 12:30:00, 5134.8, 5134.8, 5134.8, 5134.8, 1, 1, 1, 0
2026/2/20, 13:50:00, 5172.0, 5172.0, 5172.0, 5172.0, 1, 1, 0, 1
2026/2/20, 14:35:00, 5178.0, 5178.0, 5178.0, 5178.0, 1, 1, 0, 1
2026/2/20, 14:40:00, 5178.0, 5178.0, 5178.0, 5178.0, 1, 1, 0, 1
2026/2/20, 15:00:00, 5190.0, 5190.0, 5149.7, 5155.2, 8, 8, 6, 2
2026/2/20, 15:05:00, 5139.6, 5143.2, 5112.9, 5143.2, 10, 10, 8, 2
2026/2/20, 15:10:00, 5145.6, 5145.6, 5145.6, 5145.6, 1, 1, 1, 0
2026/2/20, 15:35:00, 5161.2, 5161.2, 5161.2, 5161.2, 1, 1, 0, 1
2026/2/20, 16:05:00, 5181.6, 5181.6, 5181.6, 5181.6, 1, 1, 0, 1
2026/2/20, 16:10:00, 5182.8, 5182.8, 5182.8, 5182.8, 1, 1, 0, 1
2026/2/20, 16:50:00, 5193.6, 5193.6, 5193.6, 5193.6, 1, 1, 0, 1
2026/2/20, 17:05:00, 5200.0, 5200.0, 5200.0, 5200.0, 1, 1, 0, 1
2026/2/20, 17:10:00, 5198.4, 5198.4, 5198.4, 5198.4, 1, 1, 0, 1
2026/2/20, 17:30:00, 5193.5, 5193.5, 5193.5, 5193.5, 1, 1, 0, 1
2026/2/20, 17:50:00, 5205.0, 5205.0, 5205.0, 5205.0, 2, 1, 0, 2
2026/2/20, 18:35:00, 5200.8, 5200.8, 5200.8, 5200.8, 1, 1, 0, 1
2026/2/20, 19:55:00, 5212.8, 5212.8, 5212.8, 5212.8, 1, 1, 0, 1
2026/2/20, 20:20:00, 5220.0, 5220.0, 5220.0, 5220.0, 1, 1, 0, 1
2026/2/23, 00:05:00, 5276.0, 5276.0, 5276.0, 5276.0, 1, 1, 0, 1
2026/2/23, 00:10:00, 5277.9, 5277.9, 5277.9, 5277.9, 1, 1, 0, 1
2026/2/23, 00:45:00, 5272.2, 5272.2, 5272.2, 5272.2, 1, 1, 0, 1
2026/2/23, 03:05:00, 5297.1, 5297.1, 5297.1, 5297.1, 1, 1, 1, 0
2026/2/23, 03:10:00, 5289.6, 5289.6, 5289.6, 5289.6, 1, 1, 1, 0
2026/2/23, 06:35:00, 5286.5, 5286.5, 5286.5, 5286.5, 1, 1, 1, 0
2026/2/23, 07:20:00, 5270.0, 5270.0, 5270.0, 5270.0, 1, 1, 1, 0
2026/2/23, 07:25:00, 5259.6, 5259.6, 5257.2, 5257.2, 2, 2, 2, 0
2026/2/23, 08:25:00, 5254.3, 5254.3, 5254.3, 5254.3, 1, 1, 1, 0
2026/2/23, 10:20:00, 5288.4, 5288.4, 5288.4, 5288.4, 1, 1, 0, 1
2026/2/23, 14:00:00, 5274.0, 5274.0, 5274.0, 5274.0, 1, 1, 1, 0
2026/2/23, 14:35:00, 5305.6, 5316.2, 5305.6, 5316.2, 5, 4, 1, 4
2026/2/23, 14:45:00, 5328.0, 5328.0, 5328.0, 5328.0, 1, 1, 0, 1
2026/2/23, 14:55:00, 5332.4, 5332.4, 5322.0, 5322.0, 5, 4, 5, 0
2026/2/23, 15:25:00, 5333.1, 5333.1, 5333.1, 5333.1, 1, 1, 0, 1
2026/2/23, 16:00:00, 5310.0, 5310.0, 5310.0, 5310.0, 1, 1, 1, 0
2026/2/23, 16:15:00, 5336.4, 5336.4, 5336.4, 5336.4, 1, 1, 0, 1
2026/2/23, 16:35:00, 5344.7, 5344.7, 5344.7, 5344.7, 1, 1, 0, 1
2026/2/23, 16:55:00, 5342.4, 5342.7, 5342.4, 5342.7, 4, 3, 0, 4
2026/2/23, 17:40:00, 5336.4, 5336.4, 5336.4, 5336.4, 1, 1, 1, 0
2026/2/24, 00:15:00, 5366.2, 5366.2, 5363.5, 5363.5, 4, 2, 4, 0
2026/2/24, 06:35:00, 5301.6, 5304.0, 5301.6, 5304.0, 2, 2, 0, 2
2026/2/24, 10:30:00, 5302.8, 5302.8, 5302.8, 5302.8, 1, 1, 1, 0
2026/2/24, 10:35:00, 5295.5, 5295.5, 5295.5, 5295.5, 1, 1, 1, 0
2026/2/24, 11:00:00, 5306.0, 5306.0, 5306.0, 5306.0, 1, 1, 0, 1
2026/2/24, 11:45:00, 5307.6, 5307.6, 5307.6, 5307.6, 1, 1, 0, 1
2026/2/24, 12:15:00, 5290.8, 5290.8, 5287.2, 5287.2, 2, 2, 2, 0
2026/2/24, 12:50:00, 5278.2, 5278.2, 5278.2, 5278.2, 1, 1, 1, 0
2026/2/24, 13:20:00, 5286.0, 5286.0, 5286.0, 5286.0, 1, 1, 0, 1
2026/2/24, 13:35:00, 5270.4, 5270.4, 5266.8, 5266.8, 2, 2, 2, 0
2026/2/24, 13:45:00, 5259.6, 5259.6, 5259.6, 5259.6, 1, 1, 1, 0
2026/2/24, 13:55:00, 5245.2, 5245.2, 5245.2, 5245.2, 1, 1, 1, 0
2026/2/24, 14:00:00, 5246.4, 5246.4, 5246.4, 5246.4, 1, 1, 1, 0
2026/2/24, 14:10:00, 5235.6, 5235.6, 5223.3, 5223.3, 4, 4, 4, 0
2026/2/24, 14:15:00, 5232.0, 5232.0, 5232.0, 5232.0, 1, 1, 1, 0
2026/2/24, 15:40:00, 5277.0, 5277.0, 5277.0, 5277.0, 5, 2, 4, 1
2026/2/24, 15:45:00, 5282.3, 5282.3, 5282.3, 5282.3, 1, 1, 0, 1
2026/2/24, 16:45:00, 5269.2, 5269.2, 5269.2, 5269.2, 1, 1, 1, 0
2026/2/24, 20:25:00, 5298.7, 5298.7, 5298.7, 5298.7, 1, 1, 0, 1
2026/2/25, 02:00:00, 5312.0, 5312.0, 5312.0, 5312.0, 1, 1, 0, 1
2026/2/25, 02:15:00, 5321.8, 5321.8, 5321.8, 5321.8, 1, 1, 0, 1
2026/2/25, 03:05:00, 5314.3, 5314.3, 5314.2, 5314.2, 2, 2, 2, 0
2026/2/25, 09:00:00, 5308.8, 5308.8, 5308.8, 5308.8, 1, 1, 1, 0
2026/2/25, 09:05:00, 5317.2, 5317.2, 5317.2, 5317.2, 1, 1, 0, 1
2026/2/25, 10:30:00, 5306.4, 5306.4, 5306.4, 5306.4, 1, 1, 0, 1
2026/2/25, 11:30:00, 5300.4, 5300.4, 5300.4, 5300.4, 1, 1, 1, 0
2026/2/25, 13:00:00, 5313.6, 5316.5, 5312.6, 5316.5, 88, 52, 47, 41
2026/2/25, 13:05:00, 5316.4, 5316.4, 5316.4, 5316.4, 2, 1, 0, 2
2026/2/25, 14:35:00, 5300.0, 5302.9, 5293.2, 5293.2, 3, 3, 1, 2
2026/2/25, 15:25:00, 5307.6, 5307.6, 5307.6, 5307.6, 1, 1, 1, 0
2026/2/25, 15:30:00, 5304.0, 5304.0, 5304.0, 5304.0, 1, 1, 1, 0
2026/2/25, 15:45:00, 5328.5, 5328.5, 5328.5, 5328.5, 1, 1, 0, 1
2026/2/25, 17:10:00, 5349.0, 5349.0, 5349.0, 5349.0, 1, 1, 0, 1
2026/2/25, 17:20:00, 5345.0, 5345.0, 5345.0, 5345.0, 1, 1, 1, 0
2026/2/25, 20:15:00, 5319.6, 5319.6, 5319.6, 5319.6, 1, 1, 1, 0
2026/2/25, 20:40:00, 5306.4, 5313.6, 5306.4, 5313.6, 2, 2, 1, 1
2026/2/25, 20:45:00, 5307.6, 5307.6, 5296.9, 5305.3, 5, 5, 4, 1
2026/2/25, 20:55:00, 5284.8, 5284.8, 5284.8, 5284.8, 1, 1, 1, 0
2026/2/25, 21:05:00, 5288.7, 5288.7, 5288.7, 5288.7, 1, 1, 0, 1
2026/2/25, 21:35:00, 5301.1, 5301.1, 5301.1, 5301.1, 1, 1, 1, 0
2026/2/25, 21:55:00, 5295.6, 5295.6, 5295.6, 5295.6, 1, 1, 1, 0
2026/2/26, 05:45:00, 5322.0, 5322.0, 5322.0, 5322.0, 1, 1, 1, 0
2026/2/26, 07:05:00, 5311.2, 5311.2, 5311.2, 5311.2, 1, 1, 1, 0
2026/2/26, 08:10:00, 5318.8, 5318.8, 5318.8, 5318.8, 1, 1, 0, 1
2026/2/26, 08:25:00, 5315.3, 5315.3, 5306.0, 5306.0, 2, 2, 2, 0
2026/2/26, 08:45:00, 5295.6, 5303.0, 5295.6, 5303.0, 2, 2, 1, 1
2026/2/26, 09:35:00, 5310.0, 5310.0, 5310.0, 5310.0, 1, 1, 1, 0
2026/2/26, 14:30:00, 5280.0, 5285.0, 5269.2, 5285.0, 3, 3, 2, 1
2026/2/26, 14:35:00, 5293.4, 5293.4, 5293.4, 5293.4, 1, 1, 0, 1
2026/2/26, 15:05:00, 5295.3, 5295.3, 5295.3, 5295.3, 1, 1, 0, 1
2026/2/26, 15:25:00, 5275.2, 5275.2, 5259.6, 5259.6, 3, 3, 3, 0
2026/2/26, 15:55:00, 5320.1, 5320.1, 5320.1, 5320.1, 1, 1, 0, 1
2026/2/26, 16:10:00, 5306.0, 5306.0, 5306.0, 5306.0, 1, 1, 0, 1
2026/2/26, 16:55:00, 5306.5, 5306.5, 5306.5, 5306.5, 1, 1, 1, 0
2026/2/26, 17:45:00, 5295.6, 5295.6, 5295.6, 5295.6, 1, 1, 1, 0
2026/2/26, 17:55:00, 5297.5, 5297.5, 5297.5, 5297.5, 1, 1, 0, 1
2026/2/26, 18:30:00, 5306.4, 5306.4, 5306.4, 5306.4, 1, 1, 1, 0
2026/2/26, 18:50:00, 5313.6, 5313.6, 5313.6, 5313.6, 1, 1, 1, 0
2026/2/27, 02:35:00, 5307.6, 5307.6, 5307.6, 5307.6, 1, 1, 1, 0
2026/2/27, 10:10:00, 5299.2, 5299.2, 5296.9, 5296.9, 2, 2, 2, 0
2026/2/27, 13:05:00, 5335.2, 5335.2, 5335.2, 5335.2, 1, 1, 0, 1
2026/2/27, 13:15:00, 5349.6, 5349.6, 5349.6, 5349.6, 1, 1, 0, 1
2026/2/27, 13:25:00, 5370.0, 5370.0, 5370.0, 5370.0, 1, 1, 0, 1
2026/2/27, 13:30:00, 5358.2, 5358.3, 5358.2, 5358.3, 2, 2, 0, 2
2026/2/27, 13:40:00, 5342.4, 5342.4, 5342.4, 5342.4, 1, 1, 1, 0
2026/2/27, 14:20:00, 5360.7, 5367.0, 5360.7, 5367.0, 2, 2, 1, 1
2026/2/27, 14:25:00, 5358.0, 5358.0, 5358.0, 5358.0, 1, 1, 1, 0
2026/2/27, 14:35:00, 5357.5, 5357.5, 5357.5, 5357.5, 1, 1, 1, 0
2026/2/27, 14:40:00, 5347.9, 5347.9, 5347.9, 5347.9, 1, 1, 0, 1
2026/2/27, 14:45:00, 5350.8, 5350.8, 5350.8, 5350.8, 1, 1, 1, 0
2026/2/27, 14:50:00, 5359.4, 5359.4, 5359.4, 5359.4, 1, 1, 0, 1
2026/2/27, 14:55:00, 5356.0, 5356.0, 5355.3, 5355.3, 2, 2, 0, 2
2026/2/27, 15:00:00, 5351.2, 5351.2, 5351.2, 5351.2, 1, 1, 0, 1
2026/2/27, 15:05:00, 5357.0, 5364.8, 5356.9, 5364.8, 6, 5, 2, 4
2026/2/27, 15:10:00, 5369.0, 5369.0, 5369.0, 5369.0, 1, 1, 0, 1
2026/2/27, 15:35:00, 5367.6, 5367.6, 5367.6, 5367.6, 1, 1, 0, 1
2026/2/27, 15:40:00, 5362.0, 5364.4, 5362.0, 5364.4, 2, 2, 1, 1
2026/2/27, 15:55:00, 5376.0, 5376.0, 5376.0, 5376.0, 1, 1, 0, 1
2026/2/27, 16:10:00, 5383.2, 5385.9, 5383.2, 5385.9, 4, 4, 1, 3
2026/2/27, 16:20:00, 5367.6, 5367.6, 5359.2, 5359.2, 2, 2, 2, 0
2026/2/27, 16:25:00, 5365.8, 5365.8, 5365.8, 5365.8, 1, 1, 0, 1
2026/2/27, 17:05:00, 5364.0, 5364.0, 5364.0, 5364.0, 1, 1, 0, 1
2026/2/27, 17:30:00, 5359.2, 5359.2, 5359.2, 5359.2, 1, 1, 1, 0
2026/2/27, 17:40:00, 5364.0, 5364.0, 5364.0, 5364.0, 1, 1, 0, 1
2026/2/27, 18:25:00, 5356.2, 5356.2, 5356.2, 5356.2, 1, 1, 1, 0
2026/2/27, 18:55:00, 5375.8, 5375.8, 5375.8, 5375.8, 1, 1, 0, 1
2026/2/27, 19:00:00, 5378.0, 5379.1, 5378.0, 5379.1, 2, 2, 1, 1
2026/2/27, 19:10:00, 5375.1, 5375.1, 5375.1, 5375.1, 1, 1, 1, 0
2026/2/27, 19:30:00, 5380.2, 5380.2, 5380.2, 5380.2, 1, 1, 1, 0
2026/2/27, 20:15:00, 5388.0, 5388.0, 5388.0, 5388.0, 1, 1, 0, 1
2026/2/27, 20:55:00, 5395.3, 5395.3, 5395.3, 5395.3, 1, 1, 0, 1
2026/3/1, 23:00:00, 5450.4, 5450.4, 5450.4, 5450.4, 1, 1, 1, 0
2026/3/1, 23:05:00, 5469.7, 5476.7, 5469.7, 5476.7, 2, 2, 1, 1
2026/3/1, 23:15:00, 5481.0, 5483.9, 5481.0, 5483.9, 2, 2, 2, 0
2026/3/1, 23:50:00, 5517.1, 5521.5, 5517.1, 5521.5, 3, 3, 0, 3
2026/3/1, 23:55:00, 5518.5, 5518.5, 5518.5, 5518.5, 2, 1, 0, 2
2026/3/2, 01:00:00, 5460.0, 5461.0, 5460.0, 5461.0, 2, 2, 0, 2
2026/3/2, 01:05:00, 5458.5, 5458.5, 5458.5, 5458.5, 1, 1, 0, 1
2026/3/2, 01:30:00, 5442.0, 5442.0, 5442.0, 5442.0, 1, 1, 0, 1
2026/3/2, 02:35:00, 5470.8, 5470.8, 5470.2, 5470.2, 2, 2, 1, 1
2026/3/2, 02:40:00, 5478.8, 5478.8, 5478.8, 5478.8, 1, 1, 0, 1
2026/3/2, 03:00:00, 5479.7, 5481.6, 5479.7, 5481.6, 2, 2, 0, 2
2026/3/2, 03:55:00, 5494.4, 5494.4, 5494.4, 5494.4, 1, 1, 0, 1
2026/3/2, 04:15:00, 5491.2, 5491.2, 5491.2, 5491.2, 1, 1, 0, 1
2026/3/2, 04:35:00, 5482.8, 5482.8, 5482.8, 5482.8, 1, 1, 1, 0
2026/3/2, 05:50:00, 5494.9, 5494.9, 5494.9, 5494.9, 1, 1, 1, 0
2026/3/2, 06:05:00, 5499.0, 5505.0, 5499.0, 5505.0, 3, 3, 0, 3
2026/3/2, 06:15:00, 5506.6, 5507.1, 5506.6, 5507.1, 2, 2, 0, 2
2026/3/2, 06:25:00, 5511.0, 5511.0, 5511.0, 5511.0, 1, 1, 0, 1
2026/3/2, 06:55:00, 5517.6, 5517.6, 5517.6, 5517.6, 1, 1, 1, 0
2026/3/2, 07:05:00, 5523.6, 5530.0, 5523.6, 5529.0, 3, 3, 0, 3
2026/3/2, 07:10:00, 5530.2, 5536.5, 5530.2, 5536.5, 2, 2, 1, 1
2026/3/2, 08:00:00, 5543.8, 5543.8, 5543.8, 5543.8, 1, 1, 0, 1
2026/3/2, 09:10:00, 5522.4, 5522.4, 5522.4, 5522.4, 1, 1, 1, 0
2026/3/2, 09:30:00, 5534.4, 5534.4, 5534.4, 5534.4, 1, 1, 0, 1
2026/3/2, 11:45:00, 5514.0, 5514.0, 5505.6, 5505.6, 2, 2, 2, 0
2026/3/2, 12:05:00, 5523.6, 5526.9, 5523.6, 5526.9, 2, 2, 0, 2
2026/3/2, 12:40:00, 5526.0, 5526.0, 5526.0, 5526.0, 1, 1, 1, 0
2026/3/2, 13:20:00, 5529.6, 5529.6, 5529.6, 5529.6, 1, 1, 0, 1
2026/3/2, 13:30:00, 5545.2, 5545.2, 5545.2, 5545.2, 1, 1, 1, 0
2026/3/2, 14:00:00, 5515.2, 5515.2, 5508.5, 5508.5, 4, 4, 4, 0
2026/3/2, 14:20:00, 5490.0, 5490.0, 5474.4, 5474.4, 4, 4, 4, 0
2026/3/2, 14:25:00, 5467.2, 5467.2, 5446.8, 5448.2, 9, 7, 9, 0
2026/3/2, 14:30:00, 5443.6, 5449.0, 5438.6, 5449.0, 4, 4, 2, 2
2026/3/2, 14:40:00, 5480.0, 5480.0, 5480.0, 5480.0, 1, 1, 1, 0
2026/3/2, 15:45:00, 5465.4, 5465.4, 5465.4, 5465.4, 1, 1, 1, 0
2026/3/2, 15:55:00, 5440.2, 5440.2, 5440.2, 5440.2, 1, 1, 1, 0
2026/3/2, 16:15:00, 5421.5, 5421.5, 5421.5, 5421.5, 1, 1, 1, 0
2026/3/3, 02:20:00, 5485.0, 5485.0, 5485.0, 5485.0, 1, 1, 0, 1
2026/3/3, 02:35:00, 5494.3, 5494.3, 5494.3, 5494.3, 1, 1, 0, 1
2026/3/3, 02:45:00, 5497.0, 5497.0, 5497.0, 5497.0, 1, 1, 0, 1
2026/3/3, 02:50:00, 5494.0, 5494.0, 5494.0, 5494.0, 1, 1, 0, 1
2026/3/3, 02:55:00, 5497.5, 5497.5, 5496.9, 5496.9, 2, 2, 1, 1
2026/3/3, 03:00:00, 5498.0, 5499.9, 5498.0, 5499.9, 6, 4, 1, 5
2026/3/3, 05:30:00, 5474.4, 5474.4, 5474.4, 5474.4, 1, 1, 1, 0
2026/3/3, 05:35:00, 5471.8, 5471.8, 5463.6, 5463.6, 2, 2, 2, 0
2026/3/3, 05:45:00, 5466.9, 5466.9, 5454.0, 5454.0, 3, 3, 1, 2
2026/3/3, 05:50:00, 5443.2, 5443.2, 5437.2, 5442.9, 4, 4, 3, 1
2026/3/3, 06:10:00, 5428.8, 5428.8, 5407.3, 5416.9, 6, 6, 5, 1
2026/3/3, 06:15:00, 5426.0, 5427.6, 5426.0, 5427.6, 2, 2, 0, 2
2026/3/3, 06:20:00, 5436.7, 5436.7, 5436.7, 5436.7, 1, 1, 0, 1
2026/3/3, 06:25:00, 5446.8, 5446.8, 5446.8, 5446.8, 1, 1, 0, 1
2026/3/3, 06:35:00, 5436.0, 5436.0, 5436.0, 5436.0, 1, 1, 1, 0
2026/3/3, 06:40:00, 5439.4, 5439.4, 5439.4, 5439.4, 1, 1, 0, 1
2026/3/3, 06:55:00, 5433.0, 5433.0, 5433.0, 5433.0, 1, 1, 0, 1
2026/3/3, 07:05:00, 5442.8, 5442.8, 5442.8, 5442.8, 1, 1, 0, 1
2026/3/3, 07:15:00, 5446.0, 5446.0, 5446.0, 5446.0, 1, 1, 1, 0
2026/3/3, 07:25:00, 5446.8, 5446.8, 5446.8, 5446.8, 1, 1, 0, 1
2026/3/3, 07:40:00, 5455.9, 5455.9, 5455.9, 5455.9, 2, 1, 0, 2
2026/3/3, 07:50:00, 5461.2, 5461.2, 5461.2, 5461.2, 1, 1, 0, 1
2026/3/3, 08:30:00, 5430.0, 5430.0, 5430.0, 5430.0, 1, 1, 1, 0
2026/3/3, 08:35:00, 5434.9, 5438.0, 5434.9, 5438.0, 2, 2, 1, 1
2026/3/3, 09:00:00, 5417.4, 5417.4, 5417.4, 5417.4, 1, 1, 1, 0
2026/3/3, 09:05:00, 5413.2, 5414.4, 5413.2, 5414.4, 2, 2, 1, 1
2026/3/3, 09:20:00, 5409.2, 5409.2, 5409.2, 5409.2, 1, 1, 1, 0
2026/3/3, 09:25:00, 5400.0, 5400.0, 5353.4, 5353.4, 8, 8, 8, 0
2026/3/3, 10:05:00, 5396.7, 5396.7, 5396.7, 5396.7, 1, 1, 1, 0
2026/3/3, 11:05:00, 5312.5, 5312.5, 5312.5, 5312.5, 2, 2, 0, 2
2026/3/3, 11:10:00, 5328.3, 5328.3, 5328.2, 5328.2, 4, 4, 3, 1
2026/3/3, 11:30:00, 5232.1, 5232.1, 5200.1, 5203.4, 14, 12, 14, 0
2026/3/3, 12:30:00, 5328.0, 5328.0, 5328.0, 5328.0, 1, 1, 1, 0
2026/3/3, 12:40:00, 5333.9, 5333.9, 5333.9, 5333.9, 1, 1, 0, 1
2026/3/3, 13:05:00, 5288.0, 5288.0, 5287.4, 5287.4, 2, 2, 2, 0
2026/3/3, 13:10:00, 5271.1, 5271.1, 5271.1, 5271.1, 1, 1, 1, 0
2026/3/3, 13:35:00, 5291.0, 5291.0, 5289.6, 5289.6, 2, 2, 1, 1
2026/3/3, 14:35:00, 5232.0, 5234.7, 5232.0, 5234.7, 2, 2, 2, 0
2026/3/3, 14:40:00, 5200.0, 5200.0, 5200.0, 5200.0, 1, 1, 1, 0
2026/3/3, 15:10:00, 5157.6, 5157.6, 5155.0, 5155.0, 2, 2, 2, 0
2026/3/3, 16:00:00, 5212.7, 5212.7, 5212.7, 5212.7, 1, 1, 1, 0
2026/3/3, 16:45:00, 5234.0, 5234.0, 5234.0, 5234.0, 1, 1, 0, 1
2026/3/3, 17:25:00, 5210.0, 5210.0, 5210.0, 5210.0, 1, 1, 1, 0
2026/3/3, 18:35:00, 5260.0, 5260.0, 5260.0, 5260.0, 5, 1, 0, 5
2026/3/3, 20:15:00, 5240.2, 5240.2, 5240.2, 5240.2, 1, 1, 0, 1
2026/3/3, 21:25:00, 5220.2, 5220.2, 5220.2, 5220.2, 1, 1, 1, 0
2026/3/4, 01:05:00, 5270.0, 5273.0, 5270.0, 5273.0, 2, 2, 2, 0
2026/3/4, 01:15:00, 5282.9, 5282.9, 5282.9, 5282.9, 2, 2, 0, 2
2026/3/4, 01:35:00, 5275.0, 5275.0, 5275.0, 5275.0, 1, 1, 1, 0
2026/3/4, 01:40:00, 5280.5, 5280.5, 5280.5, 5280.5, 1, 1, 0, 1
2026/3/4, 01:45:00, 5287.0, 5287.0, 5287.0, 5287.0, 1, 1, 0, 1
2026/3/4, 01:50:00, 5295.0, 5300.0, 5295.0, 5299.0, 3, 3, 2, 1
2026/3/4, 02:10:00, 5304.9, 5304.9, 5304.9, 5304.9, 2, 1, 0, 2
2026/3/4, 02:25:00, 5302.8, 5302.8, 5302.8, 5302.8, 1, 1, 0, 1
2026/3/4, 02:45:00, 5289.0, 5289.2, 5289.0, 5289.2, 2, 2, 0, 2
2026/3/4, 03:00:00, 5268.0, 5268.0, 5268.0, 5268.0, 1, 1, 1, 0
2026/3/4, 03:50:00, 5292.0, 5292.0, 5292.0, 5292.0, 1, 1, 0, 1
2026/3/4, 04:45:00, 5276.6, 5276.6, 5276.6, 5276.6, 1, 1, 1, 0
2026/3/4, 06:00:00, 5267.6, 5267.6, 5267.6, 5267.6, 1, 1, 1, 0
2026/3/4, 06:05:00, 5253.6, 5259.6, 5244.0, 5259.6, 5, 5, 5, 0
2026/3/4, 06:10:00, 5263.0, 5270.4, 5263.0, 5270.4, 2, 2, 1, 1
2026/3/4, 06:20:00, 5253.1, 5253.1, 5251.2, 5253.0, 3, 3, 3, 0
2026/3/4, 06:40:00, 5275.2, 5275.2, 5275.2, 5275.2, 1, 1, 0, 1
2026/3/4, 07:00:00, 5286.9, 5286.9, 5286.9, 5286.9, 3, 2, 0, 3
2026/3/4, 07:50:00, 5294.0, 5294.0, 5294.0, 5294.0, 2, 2, 2, 0
2026/3/4, 08:05:00, 5282.0, 5282.0, 5282.0, 5282.0, 1, 1, 1, 0
2026/3/4, 08:35:00, 5288.0, 5288.0, 5288.0, 5288.0, 3, 1, 0, 3
2026/3/4, 08:40:00, 5298.0, 5298.0, 5298.0, 5298.0, 1, 1, 1, 0
2026/3/4, 08:50:00, 5301.8, 5301.8, 5301.8, 5301.8, 1, 1, 0, 1
2026/3/4, 09:00:00, 5287.0, 5287.0, 5287.0, 5287.0, 1, 1, 1, 0
2026/3/4, 09:05:00, 5285.0, 5285.0, 5285.0, 5285.0, 1, 1, 1, 0
2026/3/4, 09:10:00, 5291.5, 5291.5, 5291.5, 5291.5, 2, 2, 0, 2
2026/3/4, 09:40:00, 5305.0, 5306.0, 5305.0, 5306.0, 2, 2, 2, 0
2026/3/4, 10:05:00, 5317.5, 5317.5, 5317.5, 5317.5, 1, 1, 0, 1
2026/3/4, 10:10:00, 5315.9, 5315.9, 5315.9, 5315.9, 2, 2, 0, 2
2026/3/4, 10:15:00, 5325.6, 5325.6, 5317.2, 5317.2, 2, 2, 1, 1
2026/3/4, 10:20:00, 5313.0, 5313.0, 5313.0, 5313.0, 1, 1, 1, 0
2026/3/4, 10:25:00, 5313.0, 5313.0, 5313.0, 5313.0, 1, 1, 1, 0
2026/3/4, 10:30:00, 5308.8, 5308.8, 5308.8, 5308.8, 1, 1, 1, 0
2026/3/4, 10:35:00, 5305.0, 5305.0, 5305.0, 5305.0, 1, 1, 1, 0
2026/3/4, 10:55:00, 5314.9, 5314.9, 5314.9, 5314.9, 3, 2, 0, 3
2026/3/4, 12:40:00, 5286.0, 5286.0, 5286.0, 5286.0, 1, 1, 1, 0
2026/3/4, 12:55:00, 5290.0, 5290.0, 5290.0, 5290.0, 1, 1, 1, 0
2026/3/4, 13:05:00, 5307.0, 5307.0, 5307.0, 5307.0, 1, 1, 1, 0
2026/3/4, 13:10:00, 5318.9, 5318.9, 5318.9, 5318.9, 1, 1, 0, 1
2026/3/4, 13:20:00, 5306.4, 5306.4, 5306.4, 5306.4, 1, 1, 1, 0
2026/3/4, 14:15:00, 5292.0, 5292.0, 5292.0, 5292.0, 1, 1, 1, 0
2026/3/4, 14:45:00, 5284.8, 5284.8, 5264.7, 5265.6, 5, 5, 4, 1
2026/3/4, 15:00:00, 5283.6, 5283.6, 5283.6, 5283.6, 1, 1, 0, 1
2026/3/4, 15:10:00, 5266.8, 5266.8, 5255.5, 5258.4, 4, 4, 4, 0
2026/3/4, 15:15:00, 5259.6, 5259.6, 5259.6, 5259.6, 1, 1, 0, 1
2026/3/4, 15:30:00, 5282.0, 5282.0, 5282.0, 5282.0, 1, 1, 1, 0
2026/3/4, 15:35:00, 5278.8, 5278.8, 5278.8, 5278.8, 1, 1, 1, 0
2026/3/4, 15:40:00, 5273.0, 5273.0, 5273.0, 5273.0, 1, 1, 1, 0
2026/3/4, 16:00:00, 5281.9, 5281.9, 5281.9, 5281.9, 2, 2, 0, 2
2026/3/4, 16:40:00, 5275.2, 5275.2, 5275.2, 5275.2, 1, 1, 1, 0
2026/3/4, 17:20:00, 5252.4, 5252.4, 5244.0, 5244.0, 4, 4, 4, 0
2026/3/4, 18:10:00, 5240.4, 5240.4, 5240.4, 5240.4, 1, 1, 1, 0
2026/3/4, 18:20:00, 5234.4, 5234.4, 5234.4, 5234.4, 1, 1, 1, 0
2026/3/4, 18:35:00, 5239.2, 5239.2, 5239.2, 5239.2, 1, 1, 1, 0
2026/3/4, 19:00:00, 5256.0, 5256.0, 5256.0, 5256.0, 1, 1, 1, 0
2026/3/4, 19:55:00, 5263.0, 5263.0, 5263.0, 5263.0, 1, 1, 0, 1
2026/3/4, 23:45:00, 5285.0, 5285.0, 5285.0, 5285.0, 2, 2, 2, 0
2026/3/5, 00:15:00, 5296.0, 5296.0, 5296.0, 5296.0, 2, 2, 0, 2
2026/3/5, 00:20:00, 5304.0, 5304.0, 5303.0, 5303.0, 2, 2, 0, 2
2026/3/5, 00:40:00, 5300.5, 5300.5, 5300.5, 5300.5, 1, 1, 0, 1
2026/3/5, 01:10:00, 5305.0, 5305.0, 5305.0, 5305.0, 1, 1, 1, 0
2026/3/5, 01:15:00, 5301.0, 5301.0, 5301.0, 5301.0, 1, 1, 1, 0
2026/3/5, 01:40:00, 5298.0, 5298.0, 5298.0, 5298.0, 2, 1, 0, 2
2026/3/5, 01:45:00, 5293.0, 5293.0, 5293.0, 5293.0, 1, 1, 1, 0
2026/3/5, 01:50:00, 5299.0, 5299.0, 5299.0, 5299.0, 1, 1, 1, 0
2026/3/5, 02:15:00, 5305.0, 5305.0, 5305.0, 5305.0, 1, 1, 0, 1
2026/3/5, 02:20:00, 5310.9, 5310.9, 5310.9, 5310.9, 2, 1, 0, 2
2026/3/5, 03:00:00, 5315.0, 5315.0, 5315.0, 5315.0, 1, 1, 1, 0
2026/3/5, 03:05:00, 5316.0, 5316.0, 5316.0, 5316.0, 1, 1, 1, 0
2026/3/5, 03:15:00, 5311.0, 5311.0, 5311.0, 5311.0, 1, 1, 1, 0
2026/3/5, 04:50:00, 5290.5, 5290.5, 5290.5, 5290.5, 3, 2, 0, 3
2026/3/5, 04:55:00, 5295.0, 5295.0, 5295.0, 5295.0, 1, 1, 1, 0
2026/3/5, 05:00:00, 5296.0, 5296.0, 5296.0, 5296.0, 1, 1, 1, 0
2026/3/5, 05:05:00, 5296.0, 5296.0, 5296.0, 5296.0, 1, 1, 1, 0
2026/3/5, 06:05:00, 5254.8, 5254.8, 5254.8, 5254.8, 1, 1, 1, 0
2026/3/5, 06:10:00, 5251.2, 5251.2, 5248.6, 5248.6, 2, 2, 2, 0
2026/3/5, 07:25:00, 5288.4, 5292.5, 5288.4, 5292.5, 4, 4, 2, 2
2026/3/5, 08:05:00, 5274.0, 5274.0, 5274.0, 5274.0, 1, 1, 1, 0
2026/3/5, 08:15:00, 5264.0, 5264.0, 5263.8, 5263.8, 4, 4, 1, 3
2026/3/5, 08:20:00, 5258.9, 5268.0, 5258.9, 5268.0, 2, 2, 2, 0
2026/3/5, 08:25:00, 5264.0, 5264.0, 5264.0, 5264.0, 1, 1, 1, 0
2026/3/5, 08:35:00, 5282.8, 5282.8, 5282.8, 5282.8, 2, 2, 0, 2
2026/3/5, 08:40:00, 5283.0, 5283.0, 5283.0, 5283.0, 1, 1, 1, 0
2026/3/5, 08:45:00, 5288.0, 5288.0, 5288.0, 5288.0, 2, 1, 2, 0
2026/3/5, 09:05:00, 5296.0, 5296.0, 5296.0, 5296.0, 3, 3, 0, 3
2026/3/5, 09:10:00, 5302.9, 5303.0, 5302.9, 5303.0, 2, 2, 0, 2
2026/3/5, 09:15:00, 5300.0, 5305.7, 5297.0, 5297.0, 7, 7, 6, 1
2026/3/5, 09:35:00, 5283.2, 5283.2, 5276.2, 5276.2, 5, 4, 3, 2
2026/3/5, 09:40:00, 5287.2, 5290.0, 5287.2, 5288.0, 6, 4, 3, 3
2026/3/5, 09:50:00, 5285.0, 5286.2, 5285.0, 5286.1, 4, 3, 3, 1
2026/3/5, 10:10:00, 5276.0, 5277.0, 5276.0, 5277.0, 3, 3, 3, 0
2026/3/5, 10:35:00, 5272.7, 5272.7, 5272.7, 5272.7, 1, 1, 1, 0
2026/3/5, 10:50:00, 5288.4, 5288.4, 5286.5, 5286.5, 4, 3, 0, 4
2026/3/5, 11:15:00, 5286.0, 5286.0, 5283.1, 5283.1, 2, 2, 2, 0
2026/3/5, 11:20:00, 5287.2, 5287.2, 5287.2, 5287.2, 1, 1, 1, 0
2026/3/5, 12:05:00, 5293.0, 5293.0, 5293.0, 5293.0, 1, 1, 1, 0
2026/3/5, 12:10:00, 5294.0, 5294.0, 5294.0, 5294.0, 2, 2, 2, 0
2026/3/5, 13:10:00, 5275.1, 5275.1, 5274.4, 5274.4, 3, 2, 0, 3
2026/3/5, 13:15:00, 5274.0, 5274.0, 5248.8, 5253.3, 16, 14, 10, 6
2026/3/5, 13:20:00, 5230.8, 5230.8, 5217.6, 5217.6, 4, 4, 4, 0
2026/3/5, 13:35:00, 5250.0, 5250.0, 5250.0, 5250.0, 2, 2, 2, 0
2026/3/5, 13:45:00, 5250.0, 5250.0, 5250.0, 5250.0, 2, 1, 0, 2
2026/3/5, 13:50:00, 5241.0, 5246.0, 5241.0, 5246.0, 4, 3, 2, 2
2026/3/5, 14:00:00, 5240.0, 5245.9, 5240.0, 5245.9, 4, 3, 2, 2
2026/3/5, 14:35:00, 5222.0, 5222.0, 5222.0, 5222.0, 1, 1, 1, 0
2026/3/5, 14:50:00, 5224.2, 5224.2, 5223.9, 5223.9, 4, 4, 4, 0
2026/3/5, 14:55:00, 5221.2, 5221.2, 5221.2, 5221.2, 1, 1, 1, 0
2026/3/5, 15:05:00, 5204.4, 5204.4, 5198.0, 5198.0, 3, 3, 3, 0
2026/3/5, 16:05:00, 5199.6, 5199.6, 5199.6, 5199.6, 1, 1, 1, 0
2026/3/5, 16:30:00, 5184.3, 5184.3, 5184.3, 5184.3, 1, 1, 1, 0
2026/3/5, 17:35:00, 5178.0, 5178.0, 5178.0, 5178.0, 1, 1, 1, 0
2026/3/5, 18:00:00, 5170.9, 5170.9, 5170.9, 5170.9, 1, 1, 1, 0
2026/3/5, 18:30:00, 5198.4, 5198.4, 5198.4, 5198.4, 1, 1, 0, 1
2026/3/5, 19:15:00, 5186.7, 5186.7, 5186.7, 5186.7, 1, 1, 1, 0
2026/3/5, 20:15:00, 5212.8, 5212.8, 5212.8, 5212.8, 1, 1, 0, 1
2026/3/5, 20:20:00, 5199.6, 5199.6, 5199.6, 5199.6, 1, 1, 1, 0
2026/3/6, 00:00:00, 5200.0, 5200.0, 5200.0, 5200.0, 2, 2, 2, 0
2026/3/6, 01:10:00, 5197.0, 5197.0, 5197.0, 5197.0, 1, 1, 1, 0
2026/3/6, 01:30:00, 5207.9, 5207.9, 5207.9, 5207.9, 1, 1, 0, 1
2026/3/6, 01:40:00, 5239.0, 5239.0, 5239.0, 5239.0, 1, 1, 1, 0
2026/3/6, 01:45:00, 5240.0, 5240.0, 5240.0, 5240.0, 1, 1, 1, 0
2026/3/6, 01:50:00, 5250.0, 5255.9, 5250.0, 5255.9, 4, 2, 0, 4
2026/3/6, 01:55:00, 5259.0, 5259.0, 5258.0, 5258.0, 2, 2, 2, 0
2026/3/6, 02:00:00, 5258.2, 5258.2, 5256.3, 5256.3, 3, 3, 2, 1
2026/3/6, 02:50:00, 5242.9, 5245.0, 5242.9, 5245.0, 2, 2, 2, 0
2026/3/6, 03:15:00, 5255.9, 5255.9, 5255.9, 5255.9, 1, 1, 0, 1
2026/3/6, 03:20:00, 5260.9, 5260.9, 5257.0, 5260.7, 4, 3, 0, 4
2026/3/6, 03:25:00, 5261.3, 5261.3, 5261.3, 5261.3, 1, 1, 0, 1
2026/3/6, 04:30:00, 5252.0, 5254.0, 5252.0, 5254.0, 2, 2, 2, 0
2026/3/6, 05:00:00, 5248.0, 5248.0, 5248.0, 5248.0, 1, 1, 1, 0
2026/3/6, 09:05:00, 5224.8, 5224.8, 5223.1, 5223.1, 2, 2, 2, 0
2026/3/6, 09:35:00, 5210.4, 5210.4, 5206.7, 5206.7, 3, 3, 3, 0
2026/3/6, 09:50:00, 5206.2, 5206.2, 5206.1, 5206.1, 3, 2, 3, 0
2026/3/6, 09:55:00, 5211.0, 5211.0, 5204.4, 5204.4, 3, 2, 3, 0
2026/3/6, 10:15:00, 5202.2, 5202.2, 5202.2, 5202.2, 2, 2, 0, 2
2026/3/6, 10:35:00, 5208.1, 5208.1, 5208.1, 5208.1, 1, 1, 0, 1
2026/3/6, 11:55:00, 5186.3, 5186.3, 5186.3, 5186.3, 1, 1, 1, 0
2026/3/6, 13:30:00, 5238.0, 5245.2, 5228.4, 5228.4, 5, 5, 1, 4
2026/3/6, 14:00:00, 5222.0, 5222.0, 5215.9, 5215.9, 2, 2, 2, 0
2026/3/6, 14:10:00, 5216.1, 5216.1, 5216.1, 5216.1, 1, 1, 1, 0
2026/3/6, 14:15:00, 5209.8, 5209.8, 5209.8, 5209.8, 1, 1, 1, 0
2026/3/6, 14:20:00, 5216.7, 5216.7, 5216.7, 5216.7, 1, 1, 0, 1
2026/3/6, 14:25:00, 5226.8, 5226.8, 5226.8, 5226.8, 1, 1, 0, 1
2026/3/6, 14:35:00, 5216.3, 5216.3, 5208.5, 5210.3, 3, 3, 2, 1
2026/3/6, 14:45:00, 5218.0, 5218.0, 5210.1, 5210.1, 3, 2, 0, 3
2026/3/6, 14:50:00, 5218.0, 5218.0, 5218.0, 5218.0, 1, 1, 0, 1
2026/3/6, 15:00:00, 5255.0, 5255.0, 5255.0, 5255.0, 1, 1, 0, 1
2026/3/6, 15:05:00, 5273.7, 5273.7, 5273.7, 5273.7, 1, 1, 0, 1
2026/3/6, 15:20:00, 5277.4, 5277.4, 5277.4, 5277.4, 1, 1, 0, 1
2026/3/6, 16:35:00, 5253.0, 5253.0, 5253.0, 5253.0, 1, 1, 1, 0
2026/3/6, 17:30:00, 5271.0, 5271.0, 5271.0, 5271.0, 1, 1, 0, 1
2026/3/6, 18:25:00, 5272.1, 5272.1, 5271.1, 5271.8, 14, 10, 13, 1
2026/3/6, 18:35:00, 5274.9, 5274.9, 5274.9, 5274.9, 1, 1, 0, 1
2026/3/6, 21:35:00, 5291.6, 5291.6, 5291.6, 5291.6, 1, 1, 0, 1
2026/3/8, 22:00:00, 5318.0, 5318.0, 5318.0, 5318.0, 1, 1, 0, 1
2026/3/8, 22:15:00, 5258.2, 5258.2, 5258.2, 5258.2, 1, 1, 1, 0
2026/3/8, 22:20:00, 5275.0, 5275.0, 5275.0, 5275.0, 1, 1, 1, 0
2026/3/8, 22:30:00, 5285.9, 5285.9, 5280.0, 5280.0, 3, 3, 2, 1
2026/3/8, 22:40:00, 5245.0, 5245.0, 5240.0, 5240.0, 3, 3, 2, 1
2026/3/8, 23:10:00, 5210.0, 5210.0, 5210.0, 5210.0, 1, 1, 1, 0
2026/3/9, 00:15:00, 5160.0, 5160.0, 5155.0, 5155.0, 2, 2, 1, 1
2026/3/9, 00:45:00, 5163.6, 5163.6, 5163.6, 5163.6, 1, 1, 0, 1
2026/3/9, 00:50:00, 5157.1, 5157.1, 5157.1, 5157.1, 1, 1, 1, 0
2026/3/9, 01:00:00, 5131.6, 5131.6, 5131.6, 5131.6, 1, 1, 1, 0
2026/3/9, 01:05:00, 5169.9, 5169.9, 5169.9, 5169.9, 10, 5, 10, 0
2026/3/9, 06:45:00, 5225.7, 5226.2, 5225.7, 5226.2, 5, 5, 0, 5
2026/3/9, 07:10:00, 5217.8, 5217.8, 5217.8, 5217.8, 1, 1, 1, 0
2026/3/9, 08:25:00, 5211.3, 5211.3, 5211.2, 5211.2, 2, 2, 2, 0
2026/3/9, 09:05:00, 5229.6, 5229.6, 5229.6, 5229.6, 1, 1, 0, 1
2026/3/9, 10:25:00, 5221.6, 5221.6, 5221.6, 5221.6, 1, 1, 1, 0
2026/3/9, 10:30:00, 5216.4, 5216.4, 5216.4, 5216.4, 1, 1, 0, 1
2026/3/9, 10:35:00, 5215.0, 5215.0, 5215.0, 5215.0, 1, 1, 0, 1
2026/3/9, 10:40:00, 5215.3, 5215.3, 5215.3, 5215.3, 1, 1, 1, 0
2026/3/9, 14:10:00, 5179.2, 5179.2, 5179.2, 5179.2, 1, 1, 1, 0
2026/3/9, 14:15:00, 5198.4, 5198.7, 5198.4, 5198.7, 2, 2, 1, 1
2026/3/9, 14:40:00, 5221.5, 5235.6, 5221.5, 5233.9, 3, 3, 2, 1
2026/3/9, 15:05:00, 5200.8, 5200.8, 5200.8, 5200.8, 1, 1, 1, 0
2026/3/9, 17:25:00, 5215.1, 5217.2, 5215.1, 5217.2, 2, 2, 1, 1
2026/3/9, 17:40:00, 5212.0, 5212.0, 5212.0, 5212.0, 1, 1, 1, 0
2026/3/9, 18:30:00, 5231.1, 5231.1, 5231.1, 5231.1, 1, 1, 0, 1
2026/3/9, 19:00:00, 5249.9, 5249.9, 5249.9, 5249.9, 1, 1, 0, 1
2026/3/9, 19:20:00, 5266.8, 5266.8, 5266.8, 5266.8, 1, 1, 0, 1
2026/3/9, 22:20:00, 5240.4, 5240.4, 5240.4, 5240.4, 1, 1, 1, 0
2026/3/10, 01:00:00, 5263.9, 5263.9, 5263.9, 5263.9, 1, 1, 0, 1
2026/3/10, 01:05:00, 5270.0, 5270.0, 5270.0, 5270.0, 1, 1, 0, 1
2026/3/10, 01:40:00, 5289.3, 5289.3, 5289.3, 5289.3, 1, 1, 0, 1
2026/3/10, 01:50:00, 5292.9, 5292.9, 5292.9, 5292.9, 2, 1, 0, 2
2026/3/10, 01:55:00, 5298.0, 5302.0, 5298.0, 5302.0, 2, 2, 1, 1
2026/3/10, 02:00:00, 5307.0, 5307.0, 5307.0, 5307.0, 1, 1, 1, 0
2026/3/10, 03:25:00, 5285.0, 5285.0, 5285.0, 5285.0, 1, 1, 1, 0
2026/3/10, 07:00:00, 5298.5, 5298.5, 5298.5, 5298.5, 1, 1, 1, 0
2026/3/10, 07:40:00, 5298.0, 5298.0, 5298.0, 5298.0, 1, 1, 0, 1
2026/3/10, 08:00:00, 5307.9, 5307.9, 5307.9, 5307.9, 1, 1, 0, 1
2026/3/10, 08:05:00, 5302.8, 5302.8, 5302.8, 5302.8, 1, 1, 0, 1
2026/3/10, 08:10:00, 5305.9, 5305.9, 5305.9, 5305.9, 2, 2, 0, 2
2026/3/10, 08:40:00, 5317.2, 5317.2, 5315.0, 5315.0, 3, 3, 2, 1
2026/3/10, 09:25:00, 5308.0, 5308.0, 5308.0, 5308.0, 1, 1, 0, 1
2026/3/10, 09:35:00, 5305.4, 5305.4, 5305.4, 5305.4, 1, 1, 1, 0
2026/3/10, 10:05:00, 5298.0, 5298.0, 5298.0, 5298.0, 1, 1, 1, 0
2026/3/10, 10:15:00, 5301.3, 5301.3, 5301.3, 5301.3, 1, 1, 0, 1
2026/3/10, 10:35:00, 5281.2, 5285.0, 5281.2, 5285.0, 2, 2, 1, 1
2026/3/10, 11:00:00, 5304.0, 5304.0, 5304.0, 5304.0, 1, 1, 0, 1
2026/3/10, 11:05:00, 5311.5, 5313.2, 5311.5, 5313.2, 3, 3, 0, 3
2026/3/10, 11:15:00, 5306.1, 5306.1, 5306.1, 5306.1, 1, 1, 0, 1
2026/3/10, 11:20:00, 5312.0, 5312.0, 5312.0, 5312.0, 1, 1, 0, 1
2026/3/10, 11:25:00, 5308.5, 5308.5, 5308.5, 5308.5, 1, 1, 0, 1
2026/3/10, 12:10:00, 5292.0, 5292.0, 5292.0, 5292.0, 1, 1, 1, 0
2026/3/10, 12:15:00, 5293.0, 5293.0, 5293.0, 5293.0, 1, 1, 1, 0
2026/3/10, 12:20:00, 5299.8, 5299.8, 5299.8, 5299.8, 2, 2, 0, 2
2026/3/10, 13:00:00, 5313.6, 5326.8, 5313.6, 5326.8, 4, 4, 0, 4
2026/3/10, 13:10:00, 5325.0, 5325.0, 5325.0, 5325.0, 1, 1, 1, 0
2026/3/10, 13:15:00, 5328.9, 5328.9, 5328.9, 5328.9, 1, 1, 0, 1
2026/3/10, 13:20:00, 5345.0, 5345.0, 5345.0, 5345.0, 1, 1, 0, 1
2026/3/10, 13:25:00, 5347.2, 5347.2, 5347.2, 5347.2, 1, 1, 0, 1
2026/3/10, 13:40:00, 5337.0, 5337.0, 5337.0, 5337.0, 1, 1, 1, 0
2026/3/10, 13:45:00, 5320.8, 5325.0, 5320.8, 5325.0, 3, 3, 3, 0
2026/3/10, 13:55:00, 5338.0, 5338.0, 5330.4, 5330.4, 5, 5, 2, 3
2026/3/10, 14:00:00, 5328.0, 5331.6, 5324.4, 5325.6, 5, 5, 4, 1
2026/3/10, 14:05:00, 5325.6, 5325.6, 5311.2, 5311.2, 4, 4, 4, 0
2026/3/10, 14:10:00, 5311.2, 5311.2, 5310.0, 5310.0, 2, 2, 2, 0
2026/3/10, 14:15:00, 5320.8, 5332.8, 5320.8, 5332.8, 8, 8, 0, 8
2026/3/10, 15:10:00, 5344.8, 5348.4, 5344.8, 5348.4, 2, 2, 0, 2
2026/3/10, 17:25:00, 5356.8, 5357.3, 5356.8, 5356.9, 12, 9, 1, 11
2026/3/10, 18:00:00, 5341.2, 5341.2, 5341.2, 5341.2, 1, 1, 1, 0
2026/3/10, 18:15:00, 5324.4, 5324.4, 5290.0, 5290.0, 7, 7, 6, 1
2026/3/10, 18:25:00, 5326.6, 5326.6, 5326.6, 5326.6, 2, 1, 0, 2
2026/3/10, 20:20:00, 5314.3, 5314.3, 5314.3, 5314.3, 1, 1, 1, 0
2026/3/11, 00:25:00, 5330.5, 5336.0, 5330.5, 5336.0, 3, 2, 2, 1
2026/3/11, 01:00:00, 5341.4, 5341.4, 5341.4, 5341.4, 1, 1, 0, 1
2026/3/11, 01:55:00, 5330.5, 5330.5, 5330.5, 5330.5, 1, 1, 1, 0
2026/3/11, 02:10:00, 5318.0, 5318.0, 5317.4, 5317.4, 2, 2, 2, 0
2026/3/11, 02:55:00, 5339.5, 5339.5, 5339.5, 5339.5, 2, 1, 0, 2
2026/3/11, 03:25:00, 5327.9, 5327.9, 5327.9, 5327.9, 1, 1, 1, 0
2026/3/11, 03:50:00, 5325.3, 5325.3, 5325.3, 5325.3, 1, 1, 0, 1
2026/3/11, 04:00:00, 5326.0, 5326.0, 5323.0, 5323.0, 3, 3, 3, 0
2026/3/11, 05:30:00, 5318.4, 5319.6, 5312.4, 5312.4, 4, 4, 3, 1
2026/3/11, 05:40:00, 5326.6, 5326.6, 5322.7, 5322.7, 2, 2, 1, 1
2026/3/11, 05:45:00, 5320.8, 5320.8, 5318.0, 5318.0, 2, 2, 2, 0
2026/3/11, 06:00:00, 5322.0, 5322.0, 5322.0, 5322.0, 1, 1, 0, 1
2026/3/11, 06:05:00, 5326.0, 5326.0, 5326.0, 5326.0, 1, 1, 0, 1
2026/3/11, 06:40:00, 5317.0, 5317.0, 5317.0, 5317.0, 2, 2, 2, 0
2026/3/11, 07:00:00, 5323.0, 5323.0, 5323.0, 5323.0, 1, 1, 0, 1
2026/3/11, 07:25:00, 5319.0, 5319.0, 5319.0, 5319.0, 1, 1, 0, 1
2026/3/11, 07:30:00, 5315.2, 5315.5, 5315.2, 5315.5, 2, 2, 1, 1
2026/3/11, 07:40:00, 5314.8, 5314.8, 5314.8, 5314.8, 1, 1, 0, 1
2026/3/11, 08:35:00, 5308.0, 5308.0, 5301.0, 5301.0, 2, 2, 1, 1
2026/3/11, 08:45:00, 5306.0, 5306.0, 5306.0, 5306.0, 1, 1, 0, 1
2026/3/11, 08:55:00, 5309.9, 5309.9, 5309.9, 5309.9, 1, 1, 0, 1
2026/3/11, 09:05:00, 5305.5, 5305.5, 5301.8, 5301.8, 2, 2, 2, 0
2026/3/11, 09:15:00, 5310.0, 5310.0, 5310.0, 5310.0, 2, 2, 0, 2
2026/3/11, 10:20:00, 5316.3, 5316.3, 5316.3, 5316.3, 1, 1, 1, 0
2026/3/11, 10:35:00, 5305.0, 5305.0, 5305.0, 5305.0, 2, 2, 2, 0
2026/3/11, 10:45:00, 5306.5, 5306.5, 5306.5, 5306.5, 1, 1, 1, 0
2026/3/11, 10:50:00, 5310.0, 5310.0, 5310.0, 5310.0, 2, 2, 0, 2
2026/3/11, 11:15:00, 5305.0, 5305.0, 5305.0, 5305.0, 1, 1, 1, 0
2026/3/11, 11:25:00, 5305.4, 5305.4, 5305.4, 5305.4, 1, 1, 0, 1
2026/3/11, 11:35:00, 5310.0, 5310.0, 5310.0, 5310.0, 2, 1, 0, 2
2026/3/11, 11:50:00, 5305.0, 5305.0, 5305.0, 5305.0, 1, 1, 1, 0
2026/3/11, 12:05:00, 5310.0, 5310.0, 5310.0, 5310.0, 1, 1, 0, 1
2026/3/11, 12:15:00, 5316.0, 5316.0, 5316.0, 5316.0, 1, 1, 0, 1
2026/3/11, 12:30:00, 5307.0, 5307.0, 5307.0, 5307.0, 2, 2, 2, 0
2026/3/11, 12:40:00, 5298.8, 5298.8, 5298.8, 5298.8, 1, 1, 1, 0
2026/3/11, 12:55:00, 5292.0, 5292.0, 5287.2, 5287.2, 2, 2, 2, 0
2026/3/11, 13:05:00, 5299.6, 5299.6, 5299.6, 5299.6, 1, 1, 1, 0
2026/3/11, 13:30:00, 5294.0, 5294.0, 5294.0, 5294.0, 1, 1, 1, 0
2026/3/11, 13:45:00, 5281.2, 5281.2, 5280.3, 5280.3, 2, 2, 2, 0
2026/3/11, 13:50:00, 5275.2, 5275.2, 5270.4, 5270.4, 2, 2, 2, 0
2026/3/11, 14:00:00, 5300.0, 5307.0, 5300.0, 5307.0, 2, 2, 0, 2
2026/3/11, 14:25:00, 5315.1, 5315.1, 5315.1, 5315.1, 1, 1, 0, 1
2026/3/11, 15:30:00, 5290.5, 5290.5, 5290.5, 5290.5, 1, 1, 1, 0
2026/3/11, 15:45:00, 5286.0, 5286.0, 5286.0, 5286.0, 1, 1, 1, 0
2026/3/11, 15:55:00, 5292.5, 5292.5, 5292.5, 5292.5, 1, 1, 1, 0
2026/3/11, 16:00:00, 5288.9, 5288.9, 5288.9, 5288.9, 1, 1, 1, 0
2026/3/11, 16:05:00, 5289.8, 5289.8, 5286.6, 5286.6, 2, 2, 2, 0
2026/3/11, 16:10:00, 5292.0, 5292.0, 5292.0, 5292.0, 1, 1, 0, 1
2026/3/11, 16:35:00, 5296.0, 5296.0, 5296.0, 5296.0, 1, 1, 0, 1
2026/3/11, 17:15:00, 5299.8, 5299.8, 5299.8, 5299.8, 1, 1, 1, 0
2026/3/11, 17:35:00, 5286.0, 5286.0, 5278.5, 5278.5, 7, 6, 7, 0
2026/3/11, 17:40:00, 5278.8, 5278.8, 5273.9, 5278.8, 3, 3, 2, 1
2026/3/11, 17:45:00, 5287.0, 5287.0, 5287.0, 5287.0, 1, 1, 0, 1
2026/3/11, 18:00:00, 5293.0, 5293.0, 5293.0, 5293.0, 1, 1, 0, 1
2026/3/11, 19:30:00, 5298.1, 5298.1, 5298.1, 5298.1, 1, 1, 1, 0
2026/3/11, 22:05:00, 5288.0, 5288.0, 5288.0, 5288.0, 2, 1, 2, 0
2026/3/11, 22:35:00, 5285.0, 5285.0, 5285.0, 5285.0, 1, 1, 1, 0
2026/3/11, 22:45:00, 5282.0, 5282.0, 5282.0, 5282.0, 1, 1, 0, 1
2026/3/11, 23:05:00, 5269.3, 5269.3, 5269.3, 5269.3, 1, 1, 0, 1
2026/3/12, 00:10:00, 5259.1, 5259.1, 5259.1, 5259.1, 1, 1, 1, 0
2026/3/12, 01:00:00, 5281.5, 5284.9, 5281.5, 5284.9, 3, 3, 2, 1
2026/3/12, 01:05:00, 5271.6, 5271.6, 5271.6, 5271.6, 1, 1, 1, 0
2026/3/12, 01:35:00, 5283.0, 5283.0, 5283.0, 5283.0, 1, 1, 0, 1
2026/3/12, 01:45:00, 5293.2, 5293.2, 5293.2, 5293.2, 1, 1, 0, 1
2026/3/12, 02:30:00, 5285.1, 5285.1, 5285.1, 5285.1, 1, 1, 1, 0
2026/3/12, 02:35:00, 5280.3, 5280.3, 5280.3, 5280.3, 1, 1, 1, 0
2026/3/12, 02:40:00, 5275.7, 5275.7, 5275.7, 5275.7, 1, 1, 1, 0
2026/3/12, 02:45:00, 5275.6, 5275.6, 5273.2, 5273.2, 2, 2, 0, 2
2026/3/12, 02:50:00, 5270.0, 5270.0, 5270.0, 5270.0, 1, 1, 0, 1
2026/3/12, 05:00:00, 5262.0, 5263.7, 5262.0, 5263.7, 2, 2, 2, 0
2026/3/12, 05:10:00, 5267.2, 5267.2, 5267.2, 5267.2, 1, 1, 0, 1
2026/3/12, 05:25:00, 5258.2, 5258.2, 5258.2, 5258.2, 1, 1, 1, 0
2026/3/12, 06:40:00, 5288.9, 5288.9, 5288.9, 5288.9, 1, 1, 1, 0
2026/3/12, 07:00:00, 5286.6, 5286.6, 5286.6, 5286.6, 1, 1, 1, 0
2026/3/12, 07:05:00, 5287.2, 5287.2, 5287.2, 5287.2, 1, 1, 1, 0
2026/3/12, 07:10:00, 5288.2, 5288.2, 5288.2, 5288.2, 1, 1, 1, 0
2026/3/12, 07:25:00, 5290.2, 5290.2, 5290.2, 5290.2, 1, 1, 0, 1
2026/3/12, 07:45:00, 5303.0, 5303.0, 5303.0, 5303.0, 2, 2, 0, 2
2026/3/12, 08:10:00, 5310.0, 5310.0, 5310.0, 5310.0, 1, 1, 0, 1
2026/3/12, 08:20:00, 5300.6, 5300.6, 5300.6, 5300.6, 1, 1, 1, 0
2026/3/12, 09:25:00, 5299.2, 5299.2, 5299.2, 5299.2, 1, 1, 0, 1
2026/3/12, 09:35:00, 5307.6, 5307.6, 5307.6, 5307.6, 1, 1, 0, 1
2026/3/12, 11:15:00, 5298.0, 5298.0, 5298.0, 5298.0, 1, 1, 1, 0
2026/3/12, 12:05:00, 5292.0, 5292.0, 5292.0, 5292.0, 1, 1, 1, 0
2026/3/12, 12:20:00, 5284.8, 5284.8, 5284.8, 5284.8, 1, 1, 1, 0
2026/3/12, 12:45:00, 5299.5, 5299.5, 5299.5, 5299.5, 2, 1, 0, 2
2026/3/12, 13:50:00, 5271.8, 5271.8, 5271.8, 5271.8, 1, 1, 1, 0
2026/3/12, 13:55:00, 5271.3, 5271.3, 5271.3, 5271.3, 1, 1, 1, 0
2026/3/12, 15:00:00, 5260.8, 5260.8, 5260.8, 5260.8, 1, 1, 1, 0
2026/3/12, 15:10:00, 5245.2, 5245.2, 5229.6, 5242.0, 13, 8, 13, 0
2026/3/12, 15:45:00, 5248.2, 5248.2, 5248.2, 5248.2, 1, 1, 1, 0
2026/3/12, 16:55:00, 5243.5, 5243.5, 5243.5, 5243.5, 1, 1, 1, 0
2026/3/12, 17:50:00, 5228.1, 5228.1, 5228.1, 5228.1, 1, 1, 1, 0
2026/3/12, 18:35:00, 5217.6, 5217.6, 5217.6, 5217.6, 1, 1, 1, 0
2026/3/12, 18:45:00, 5215.0, 5215.0, 5210.0, 5210.0, 2, 2, 2, 0
2026/3/12, 19:00:00, 5210.0, 5210.0, 5198.4, 5207.4, 5, 4, 5, 0
2026/3/12, 19:05:00, 5210.0, 5210.0, 5210.0, 5210.0, 1, 1, 0, 1
2026/3/12, 19:35:00, 5214.6, 5214.6, 5214.6, 5214.6, 1, 1, 0, 1
2026/3/12, 19:55:00, 5206.8, 5206.8, 5206.8, 5206.8, 1, 1, 1, 0
2026/3/12, 20:20:00, 5200.0, 5200.0, 5200.0, 5200.0, 1, 1, 1, 0
2026/3/12, 20:25:00, 5197.2, 5197.2, 5192.4, 5192.4, 2, 2, 2, 0
2026/3/12, 20:30:00, 5181.6, 5181.6, 5175.6, 5175.6, 3, 3, 3, 0
2026/3/12, 20:35:00, 5188.1, 5188.1, 5188.1, 5188.1, 1, 1, 0, 1
2026/3/12, 20:55:00, 5195.7, 5196.3, 5195.7, 5196.3, 2, 2, 0, 2
2026/3/13, 01:00:00, 5235.0, 5237.0, 5235.0, 5237.0, 7, 7, 2, 5
2026/3/13, 01:40:00, 5229.5, 5229.5, 5228.4, 5228.4, 2, 2, 2, 0
2026/3/13, 01:45:00, 5226.5, 5226.5, 5226.5, 5226.5, 1, 1, 1, 0
2026/3/13, 02:35:00, 5235.1, 5235.1, 5235.1, 5235.1, 1, 1, 1, 0
2026/3/13, 02:45:00, 5232.5, 5232.5, 5232.5, 5232.5, 1, 1, 1, 0
2026/3/13, 05:10:00, 5223.0, 5223.0, 5223.0, 5223.0, 2, 2, 0, 2
2026/3/13, 05:25:00, 5222.6, 5222.6, 5222.6, 5222.6, 2, 1, 0, 2
2026/3/13, 06:10:00, 5221.1, 5221.1, 5221.1, 5221.1, 1, 1, 0, 1
2026/3/13, 06:25:00, 5207.0, 5207.0, 5207.0, 5207.0, 2, 2, 0, 2
2026/3/13, 06:35:00, 5205.1, 5205.1, 5205.1, 5205.1, 1, 1, 1, 0
2026/3/13, 06:40:00, 5211.6, 5211.6, 5211.6, 5211.6, 1, 1, 0, 1
2026/3/13, 07:10:00, 5207.8, 5207.8, 5207.8, 5207.8, 1, 1, 1, 0
2026/3/13, 08:00:00, 5195.0, 5195.0, 5195.0, 5195.0, 1, 1, 1, 0
2026/3/13, 08:40:00, 5199.0, 5199.0, 5198.9, 5198.9, 2, 2, 2, 0
2026/3/13, 09:45:00, 5205.1, 5205.1, 5205.1, 5205.1, 1, 1, 1, 0
2026/3/13, 09:50:00, 5210.0, 5210.0, 5210.0, 5210.0, 1, 1, 0, 1
2026/3/13, 10:00:00, 5207.0, 5207.0, 5207.0, 5207.0, 1, 1, 0, 1
2026/3/13, 10:10:00, 5210.0, 5210.0, 5210.0, 5210.0, 1, 1, 0, 1
2026/3/13, 10:30:00, 5204.4, 5204.4, 5204.4, 5204.4, 2, 1, 0, 2
2026/3/13, 10:55:00, 5214.1, 5214.1, 5214.1, 5214.1, 1, 1, 1, 0
2026/3/13, 11:40:00, 5212.0, 5212.0, 5212.0, 5212.0, 1, 1, 0, 1
2026/3/13, 11:55:00, 5222.7, 5222.7, 5222.7, 5222.7, 1, 1, 0, 1
2026/3/13, 12:10:00, 5226.9, 5226.9, 5226.9, 5226.9, 1, 1, 0, 1
2026/3/13, 12:35:00, 5232.0, 5232.0, 5232.0, 5232.0, 1, 1, 0, 1
2026/3/13, 12:45:00, 5231.0, 5231.0, 5231.0, 5231.0, 1, 1, 0, 1
2026/3/13, 13:40:00, 5228.4, 5228.4, 5228.4, 5228.4, 1, 1, 1, 0
2026/3/13, 13:45:00, 5233.9, 5233.9, 5233.9, 5233.9, 1, 1, 1, 0
2026/3/13, 13:55:00, 5224.0, 5224.0, 5224.0, 5224.0, 1, 1, 1, 0
2026/3/13, 14:15:00, 5210.1, 5210.1, 5205.7, 5205.7, 4, 4, 1, 3
2026/3/13, 14:40:00, 5193.6, 5193.6, 5193.6, 5193.6, 1, 1, 1, 0
2026/3/13, 14:45:00, 5191.2, 5191.2, 5191.2, 5191.2, 1, 1, 1, 0
2026/3/13, 14:55:00, 5169.6, 5169.6, 5154.3, 5154.3, 8, 8, 8, 0
2026/3/13, 15:05:00, 5175.6, 5175.6, 5175.6, 5175.6, 1, 1, 0, 1
2026/3/13, 15:25:00, 5174.4, 5174.4, 5174.4, 5174.4, 1, 1, 0, 1
2026/3/13, 15:35:00, 5180.3, 5180.3, 5178.4, 5178.4, 3, 3, 3, 0
2026/3/13, 15:40:00, 5168.4, 5168.4, 5168.4, 5168.4, 1, 1, 1, 0
2026/3/13, 15:45:00, 5164.1, 5164.1, 5164.1, 5164.1, 1, 1, 0, 1
2026/3/13, 15:50:00, 5158.8, 5158.8, 5152.8, 5152.8, 2, 2, 2, 0
2026/3/13, 15:55:00, 5146.8, 5146.8, 5146.8, 5146.8, 1, 1, 1, 0
2026/3/13, 16:00:00, 5147.2, 5147.2, 5147.2, 5147.2, 1, 1, 0, 1
2026/3/13, 16:05:00, 5136.0, 5145.3, 5134.8, 5145.3, 3, 3, 2, 1
2026/3/13, 16:25:00, 5155.5, 5155.5, 5155.3, 5155.3, 2, 2, 2, 0
2026/3/13, 16:35:00, 5162.0, 5162.0, 5162.0, 5162.0, 1, 1, 1, 0
2026/3/13, 17:15:00, 5174.0, 5177.8, 5174.0, 5177.8, 2, 2, 0, 2
2026/3/13, 17:25:00, 5175.5, 5175.5, 5172.7, 5172.9, 3, 3, 2, 1
2026/3/13, 17:30:00, 5173.0, 5173.0, 5173.0, 5173.0, 1, 1, 1, 0
2026/3/13, 18:15:00, 5160.2, 5160.2, 5160.2, 5160.2, 1, 1, 1, 0
2026/3/13, 19:00:00, 5163.0, 5163.0, 5163.0, 5163.0, 1, 1, 0, 1
2026/3/13, 19:35:00, 5149.0, 5149.0, 5149.0, 5149.0, 1, 1, 0, 1
2026/3/13, 19:45:00, 5133.6, 5133.6, 5130.0, 5130.0, 3, 3, 3, 0
2026/3/13, 20:05:00, 5134.1, 5134.1, 5134.1, 5134.1, 1, 1, 1, 0
2026/3/13, 20:50:00, 5135.1, 5135.1, 5135.1, 5135.1, 1, 1, 1, 0
2026/3/15, 22:00:00, 5130.0, 5130.0, 5130.0, 5130.0, 1, 1, 0, 1
2026/3/15, 22:05:00, 5140.0, 5140.0, 5140.0, 5140.0, 1, 1, 0, 1
2026/3/15, 22:15:00, 5130.0, 5130.0, 5130.0, 5130.0, 1, 1, 1, 0
2026/3/15, 22:40:00, 5123.3, 5123.3, 5123.3, 5123.3, 1, 1, 0, 1
2026/3/15, 22:55:00, 5140.0, 5140.0, 5140.0, 5140.0, 1, 1, 0, 1
2026/3/15, 23:20:00, 5100.0, 5100.0, 5100.0, 5100.0, 1, 1, 1, 0
2026/3/15, 23:35:00, 5100.0, 5100.0, 5100.0, 5100.0, 2, 2, 0, 2
2026/3/16, 01:30:00, 5096.4, 5096.4, 5096.4, 5096.4, 1, 1, 1, 0
2026/3/16, 02:05:00, 5130.0, 5130.0, 5130.0, 5130.0, 1, 1, 1, 0
2026/3/16, 02:25:00, 5127.4, 5127.4, 5127.4, 5127.4, 1, 1, 1, 0
2026/3/16, 04:00:00, 5140.0, 5140.0, 5140.0, 5140.0, 1, 1, 0, 1
2026/3/16, 05:25:00, 5125.8, 5125.8, 5125.8, 5125.8, 1, 1, 0, 1
2026/3/16, 05:40:00, 5131.2, 5131.2, 5131.2, 5131.2, 1, 1, 0, 1
2026/3/16, 05:55:00, 5134.5, 5134.5, 5132.6, 5132.6, 2, 2, 2, 0
2026/3/16, 06:10:00, 5140.0, 5140.0, 5140.0, 5140.0, 1, 1, 0, 1
2026/3/16, 06:45:00, 5127.0, 5127.0, 5127.0, 5127.0, 2, 2, 2, 0
2026/3/16, 06:50:00, 5121.6, 5124.2, 5121.6, 5124.2, 2, 2, 1, 1
2026/3/16, 07:35:00, 5116.8, 5116.8, 5106.0, 5106.0, 2, 2, 2, 0
2026/3/16, 08:10:00, 5103.6, 5103.6, 5103.6, 5103.6, 1, 1, 1, 0
2026/3/16, 09:50:00, 5098.5, 5098.5, 5098.5, 5098.5, 1, 1, 1, 0
2026/3/16, 10:00:00, 5086.0, 5086.0, 5086.0, 5086.0, 2, 1, 2, 0
2026/3/16, 10:30:00, 5102.4, 5102.4, 5102.4, 5102.4, 1, 1, 0, 1
2026/3/16, 11:00:00, 5111.9, 5111.9, 5111.9, 5111.9, 1, 1, 1, 0
2026/3/16, 11:05:00, 5112.4, 5112.4, 5112.4, 5112.4, 1, 1, 1, 0
2026/3/16, 11:10:00, 5119.2, 5119.2, 5119.2, 5119.2, 1, 1, 0, 1
2026/3/16, 11:25:00, 5133.9, 5133.9, 5133.9, 5133.9, 1, 1, 0, 1
2026/3/16, 11:30:00, 5131.8, 5131.8, 5131.8, 5131.8, 1, 1, 0, 1
2026/3/16, 11:50:00, 5121.0, 5121.0, 5121.0, 5121.0, 1, 1, 1, 0
2026/3/16, 11:55:00, 5107.2, 5107.2, 5107.2, 5107.2, 1, 1, 1, 0
2026/3/16, 12:20:00, 5130.0, 5130.0, 5130.0, 5130.0, 2, 2, 1, 1
2026/3/16, 12:25:00, 5140.0, 5140.0, 5140.0, 5140.0, 1, 1, 0, 1
2026/3/16, 12:30:00, 5143.2, 5143.2, 5140.7, 5140.7, 2, 2, 1, 1
2026/3/16, 12:45:00, 5136.0, 5136.0, 5136.0, 5136.0, 1, 1, 1, 0
2026/3/16, 12:50:00, 5127.6, 5127.6, 5127.6, 5127.6, 1, 1, 1, 0
2026/3/16, 13:20:00, 5143.0, 5143.0, 5143.0, 5143.0, 1, 1, 1, 0
2026/3/16, 13:30:00, 5145.0, 5145.0, 5145.0, 5145.0, 2, 2, 0, 2
2026/3/16, 13:35:00, 5146.0, 5151.6, 5146.0, 5151.6, 3, 3, 0, 3
2026/3/16, 13:40:00, 5143.0, 5146.6, 5143.0, 5146.6, 2, 2, 0, 2
2026/3/16, 14:30:00, 5130.0, 5130.0, 5125.0, 5125.0, 3, 3, 3, 0
2026/3/16, 14:40:00, 5124.1, 5124.1, 5119.1, 5119.1, 3, 3, 2, 1
2026/3/16, 15:25:00, 5101.2, 5101.2, 5101.2, 5101.2, 1, 1, 1, 0
2026/3/16, 15:30:00, 5111.1, 5111.1, 5111.1, 5111.1, 1, 1, 0, 1
2026/3/16, 15:35:00, 5115.4, 5115.4, 5115.3, 5115.3, 2, 2, 2, 0
2026/3/16, 16:25:00, 5096.4, 5096.4, 5096.4, 5096.4, 1, 1, 1, 0
2026/3/16, 16:50:00, 5108.4, 5108.4, 5108.4, 5108.4, 1, 1, 0, 1
2026/3/16, 17:00:00, 5109.6, 5109.6, 5109.6, 5109.6, 1, 1, 0, 1
2026/3/16, 17:05:00, 5112.7, 5112.7, 5112.7, 5112.7, 1, 1, 0, 1
2026/3/16, 18:25:00, 5123.5, 5123.5, 5123.5, 5123.5, 1, 1, 0, 1
2026/3/16, 18:30:00, 5121.6, 5121.6, 5121.6, 5121.6, 1, 1, 1, 0
2026/3/16, 18:35:00, 5130.0, 5130.0, 5130.0, 5130.0, 1, 1, 0, 1
2026/3/16, 20:05:00, 5134.2, 5140.5, 5134.2, 5137.0, 4, 4, 0, 4
2026/3/16, 20:30:00, 5131.6, 5131.6, 5131.6, 5131.6, 1, 1, 1, 0
2026/3/17, 01:45:00, 5138.4, 5138.4, 5138.4, 5138.4, 1, 1, 0, 1
2026/3/17, 03:50:00, 5144.7, 5144.7, 5144.6, 5144.6, 2, 2, 1, 1
2026/3/17, 04:30:00, 5152.8, 5152.8, 5151.3, 5151.3, 3, 3, 2, 1
2026/3/17, 04:40:00, 5156.4, 5156.4, 5156.4, 5156.4, 1, 1, 0, 1
2026/3/17, 05:15:00, 5160.0, 5160.0, 5160.0, 5160.0, 1, 1, 0, 1
2026/3/17, 05:50:00, 5145.0, 5145.0, 5145.0, 5145.0, 1, 1, 0, 1
2026/3/17, 06:00:00, 5130.0, 5130.0, 5130.0, 5130.0, 1, 1, 1, 0
2026/3/17, 06:25:00, 5128.0, 5128.0, 5128.0, 5128.0, 1, 1, 0, 1
2026/3/17, 07:30:00, 5137.2, 5137.2, 5137.2, 5137.2, 1, 1, 0, 1
2026/3/17, 08:15:00, 5139.1, 5139.1, 5139.1, 5139.1, 1, 1, 0, 1
2026/3/17, 10:35:00, 5118.6, 5118.6, 5118.6, 5118.6, 1, 1, 0, 1
2026/3/17, 10:40:00, 5109.6, 5109.6, 5109.6, 5109.6, 1, 1, 1, 0
2026/3/17, 10:45:00, 5112.0, 5115.9, 5112.0, 5115.9, 2, 2, 2, 0
2026/3/17, 12:15:00, 5128.6, 5128.6, 5128.5, 5128.5, 4, 2, 4, 0
2026/3/17, 12:45:00, 5128.5, 5128.5, 5128.5, 5128.5, 1, 1, 1, 0
2026/3/17, 13:30:00, 5137.2, 5137.2, 5137.2, 5137.2, 1, 1, 0, 1
2026/3/17, 13:35:00, 5143.2, 5143.2, 5143.2, 5143.2, 1, 1, 0, 1
2026/3/17, 14:25:00, 5126.7, 5126.7, 5126.7, 5126.7, 2, 1, 2, 0
2026/3/17, 15:25:00, 5118.0, 5118.0, 5110.0, 5110.0, 2, 2, 2, 0
2026/3/17, 15:35:00, 5110.8, 5110.8, 5098.8, 5098.8, 4, 4, 3, 1
2026/3/17, 15:40:00, 5088.0, 5088.0, 5088.0, 5088.0, 1, 1, 1, 0
2026/3/17, 15:45:00, 5106.9, 5106.9, 5106.9, 5106.9, 1, 1, 1, 0
2026/3/17, 16:25:00, 5120.0, 5120.4, 5120.0, 5120.4, 2, 2, 0, 2
2026/3/17, 17:25:00, 5123.3, 5123.3, 5123.3, 5123.3, 1, 1, 1, 0
2026/3/17, 18:30:00, 5115.6, 5115.6, 5115.6, 5115.6, 1, 1, 1, 0
2026/3/17, 20:00:00, 5118.4, 5118.4, 5118.4, 5118.4, 1, 1, 0, 1
2026/3/17, 22:45:00, 5110.0, 5110.0, 5110.0, 5110.0, 1, 1, 1, 0
2026/3/18, 00:00:00, 5120.0, 5120.0, 5120.0, 5120.0, 1, 1, 0, 1
2026/3/18, 01:00:00, 5123.0, 5123.0, 5123.0, 5123.0, 1, 1, 0, 1
2026/3/18, 01:05:00, 5129.0, 5129.0, 5129.0, 5129.0, 1, 1, 0, 1
2026/3/18, 02:50:00, 5110.3, 5110.3, 5110.3, 5110.3, 1, 1, 1, 0
2026/3/18, 03:00:00, 5105.6, 5105.6, 5103.9, 5103.9, 3, 3, 1, 2
2026/3/18, 04:40:00, 5096.0, 5096.0, 5096.0, 5096.0, 2, 2, 2, 0
2026/3/18, 05:05:00, 5105.0, 5105.0, 5105.0, 5105.0, 2, 1, 0, 2
2026/3/18, 05:10:00, 5105.6, 5105.6, 5105.6, 5105.6, 1, 1, 1, 0
2026/3/18, 06:10:00, 5120.0, 5120.0, 5120.0, 5120.0, 1, 1, 0, 1
2026/3/18, 06:15:00, 5124.1, 5124.1, 5124.1, 5124.1, 1, 1, 0, 1
2026/3/18, 07:45:00, 5111.5, 5111.5, 5111.5, 5111.5, 1, 1, 1, 0
2026/3/18, 08:05:00, 5105.6, 5105.6, 5105.6, 5105.6, 3, 2, 3, 0
2026/3/18, 08:20:00, 5100.0, 5100.0, 5100.0, 5100.0, 1, 1, 1, 0
2026/3/18, 10:35:00, 5090.4, 5090.4, 5078.4, 5084.7, 8, 8, 6, 2
2026/3/18, 10:55:00, 5079.6, 5079.6, 5079.6, 5079.6, 1, 1, 1, 0
2026/3/18, 11:00:00, 5074.8, 5074.8, 5074.8, 5074.8, 1, 1, 1, 0
2026/3/18, 11:05:00, 5070.0, 5070.0, 5066.4, 5067.0, 4, 3, 2, 2
2026/3/18, 11:10:00, 5072.2, 5072.2, 5072.1, 5072.1, 2, 2, 1, 1
2026/3/18, 11:20:00, 5086.4, 5086.4, 5085.5, 5085.5, 2, 2, 1, 1
2026/3/18, 11:40:00, 5059.2, 5059.2, 5055.4, 5056.7, 4, 4, 3, 1
2026/3/18, 11:45:00, 5056.8, 5056.8, 5056.8, 5056.8, 1, 1, 0, 1
2026/3/18, 11:55:00, 5041.2, 5041.2, 5041.2, 5041.2, 1, 1, 1, 0
2026/3/18, 12:00:00, 5036.0, 5036.0, 5036.0, 5036.0, 2, 2, 2, 0
2026/3/18, 12:05:00, 5045.8, 5045.8, 5045.2, 5045.2, 2, 2, 0, 2
2026/3/18, 12:15:00, 5015.4, 5016.2, 5015.4, 5016.2, 2, 2, 1, 1
2026/3/18, 12:20:00, 5016.2, 5016.2, 5016.2, 5016.2, 2, 1, 0, 2
2026/3/18, 12:25:00, 5009.0, 5016.0, 5009.0, 5016.0, 4, 3, 2, 2
2026/3/18, 12:30:00, 5008.0, 5010.0, 4998.0, 4998.0, 5, 5, 4, 1
2026/3/18, 12:40:00, 4998.0, 4998.0, 4987.6, 4990.1, 5, 4, 3, 2
2026/3/18, 12:50:00, 4995.0, 4999.8, 4995.0, 4999.8, 4, 4, 0, 4
2026/3/18, 12:55:00, 4994.4, 4994.4, 4994.4, 4994.4, 1, 1, 1, 0
2026/3/18, 13:00:00, 4976.4, 4976.4, 4964.4, 4964.4, 7, 7, 6, 1
2026/3/18, 13:10:00, 4960.8, 4975.0, 4960.8, 4975.0, 3, 3, 1, 2
2026/3/18, 13:15:00, 4968.0, 4968.0, 4956.0, 4962.0, 6, 6, 4, 2
2026/3/18, 13:20:00, 4970.8, 4970.9, 4970.8, 4970.9, 2, 2, 0, 2
2026/3/18, 13:30:00, 4969.2, 4969.2, 4969.2, 4969.2, 1, 1, 0, 1
2026/3/18, 14:20:00, 4980.0, 4980.0, 4980.0, 4980.0, 1, 1, 1, 0
2026/3/18, 15:10:00, 4984.8, 4985.8, 4984.8, 4985.8, 2, 2, 2, 0
2026/3/18, 15:20:00, 4983.6, 4983.6, 4983.6, 4983.6, 1, 1, 1, 0
2026/3/18, 15:45:00, 4975.0, 4975.0, 4975.0, 4975.0, 2, 1, 0, 2
2026/3/18, 15:55:00, 4976.3, 4976.4, 4976.3, 4976.4, 2, 2, 0, 2
2026/3/18, 16:25:00, 4994.6, 4994.6, 4993.7, 4993.7, 2, 2, 1, 1
2026/3/18, 17:40:00, 5006.4, 5006.4, 5006.4, 5006.4, 1, 1, 1, 0
2026/3/18, 18:00:00, 5011.0, 5011.0, 5003.0, 5003.0, 6, 5, 2, 4
2026/3/18, 18:05:00, 4999.2, 4999.3, 4999.2, 4999.3, 2, 2, 0, 2
2026/3/18, 18:15:00, 4993.7, 5004.0, 4993.7, 5000.0, 6, 4, 2, 4
2026/3/18, 18:30:00, 4990.0, 4990.0, 4990.0, 4990.0, 2, 2, 0, 2
2026/3/18, 18:35:00, 4991.4, 4991.4, 4991.4, 4991.4, 1, 1, 1, 0
2026/3/18, 18:55:00, 4971.6, 4971.6, 4971.6, 4971.6, 1, 1, 1, 0
2026/3/18, 19:00:00, 4958.4, 4966.8, 4958.4, 4966.8, 2, 2, 1, 1
2026/3/18, 19:10:00, 4972.6, 4972.6, 4972.6, 4972.6, 2, 1, 0, 2
2026/3/18, 19:15:00, 4977.6, 4977.6, 4977.6, 4977.6, 1, 1, 0, 1
2026/3/18, 20:10:00, 4946.4, 4946.4, 4946.4, 4946.4, 1, 1, 1, 0
2026/3/18, 20:15:00, 4936.3, 4936.3, 4936.3, 4936.3, 1, 1, 0, 1
2026/3/18, 20:25:00, 4926.0, 4926.0, 4926.0, 4926.0, 1, 1, 1, 0
2026/3/18, 22:45:00, 4947.4, 4947.4, 4947.4, 4947.4, 1, 1, 0, 1
2026/3/19, 01:20:00, 4943.5, 4943.5, 4943.5, 4943.5, 1, 1, 1, 0
