Date, Time, Open, High, Low, Last, Volume, NumberOfTrades, BidVolume, AskVolume
2026/2/17, 23:00:00, 5025.1, 5025.1, 5025.1, 5025.1, 1, 1, 0, 1
2026/2/18, 00:00:00, 5012.2, 5031.0, 5012.2, 5031.0, 6, 5, 0, 6
2026/2/18, 02:00:00, 5043.0, 5055.8, 5043.0, 5055.8, 6, 6, 2, 4
2026/2/18, 06:00:00, 5080.4, 5080.4, 5079.6, 5079.6, 2, 2, 1, 1
2026/2/18, 08:00:00, 5078.6, 5078.6, 5073.1, 5073.1, 3, 3, 2, 1
2026/2/18, 09:00:00, 5070.9, 5070.9, 5070.9, 5070.9, 1, 1, 0, 1
2026/2/18, 12:00:00, 5084.2, 5084.2, 5084.2, 5084.2, 1, 1, 0, 1
2026/2/18, 13:00:00, 5117.7, 5118.3, 5107.7, 5110.2, 6, 5, 0, 6
2026/2/18, 14:00:00, 5112.5, 5112.6, 5112.5, 5112.6, 3, 3, 2, 1
2026/2/18, 16:00:00, 5150.9, 5157.2, 5150.9, 5157.2, 7, 5, 1, 6
2026/2/18, 18:00:00, 5147.5, 5149.1, 5147.5, 5148.1, 5, 5, 2, 3
2026/2/18, 19:00:00, 5148.8, 5148.8, 5134.4, 5134.4, 4, 4, 2, 2
2026/2/18, 20:00:00, 5138.3, 5141.2, 5138.3, 5141.2, 2, 2, 2, 0
2026/2/18, 23:00:00, 5136.3, 5136.3, 5136.3, 5136.3, 1, 1, 1, 0
2026/2/19, 02:00:00, 5129.3, 5130.2, 5124.6, 5124.6, 5, 5, 2, 3
2026/2/19, 03:00:00, 5136.9, 5136.9, 5136.9, 5136.9, 1, 1, 1, 0
2026/2/19, 05:00:00, 5147.0, 5147.0, 5147.0, 5147.0, 2, 1, 0, 2
2026/2/19, 06:00:00, 5161.0, 5161.0, 5161.0, 5161.0, 1, 1, 0, 1
2026/2/19, 07:00:00, 5174.0, 5174.0, 5168.2, 5168.2, 4, 4, 3, 1
2026/2/19, 08:00:00, 5166.7, 5166.7, 5166.7, 5166.7, 2, 1, 2, 0
2026/2/19, 09:00:00, 5171.2, 5171.2, 5152.3, 5152.3, 7, 6, 5, 2
2026/2/19, 14:00:00, 5134.5, 5134.5, 5132.8, 5132.8, 2, 2, 0, 2
2026/2/19, 15:00:00, 5165.0, 5180.0, 5165.0, 5173.5, 12, 10, 8, 4
2026/2/19, 16:00:00, 5156.6, 5158.2, 5147.2, 5152.8, 16, 14, 15, 1
2026/2/19, 17:00:00, 5149.3, 5149.3, 5145.7, 5145.7, 3, 3, 2, 1
2026/2/19, 18:00:00, 5144.6, 5144.6, 5135.5, 5135.5, 5, 5, 3, 2
2026/2/19, 19:00:00, 5146.8, 5148.1, 5142.9, 5144.2, 12, 10, 6, 6
2026/2/19, 20:00:00, 5147.3, 5147.3, 5147.3, 5147.3, 1, 1, 0, 1
2026/2/20, 02:00:00, 5150.4, 5164.5, 5150.4, 5160.5, 8, 8, 6, 2
2026/2/20, 04:00:00, 5148.4, 5152.5, 5148.2, 5152.5, 4, 3, 3, 1
2026/2/20, 06:00:00, 5174.5, 5187.0, 5174.5, 5187.0, 4, 4, 1, 3
2026/2/20, 07:00:00, 5177.0, 5184.7, 5169.1, 5169.1, 7, 6, 4, 3
2026/2/20, 08:00:00, 5183.9, 5183.9, 5183.9, 5183.9, 1, 1, 1, 0
2026/2/20, 09:00:00, 5194.2, 5197.1, 5191.5, 5191.5, 23, 15, 8, 15
2026/2/20, 10:00:00, 5182.9, 5188.0, 5182.9, 5188.0, 5, 4, 5, 0
2026/2/20, 11:00:00, 5192.4, 5192.4, 5175.4, 5181.2, 11, 8, 8, 3
2026/2/20, 12:00:00, 5173.0, 5180.4, 5173.0, 5180.4, 5, 5, 3, 2
2026/2/20, 13:00:00, 5177.2, 5208.1, 5177.2, 5208.1, 6, 5, 1, 5
2026/2/20, 14:00:00, 5206.2, 5220.0, 5200.0, 5220.0, 11, 11, 3, 8
2026/2/20, 15:00:00, 5200.0, 5200.0, 5151.7, 5193.8, 22, 18, 11, 11
2026/2/20, 16:00:00, 5208.8, 5228.9, 5208.8, 5228.9, 4, 3, 2, 2
2026/2/20, 17:00:00, 5228.1, 5235.0, 5223.2, 5235.0, 6, 5, 4, 2
2026/2/20, 18:00:00, 5225.9, 5226.5, 5222.6, 5222.6, 10, 10, 2, 8
2026/2/20, 19:00:00, 5238.0, 5238.0, 5238.0, 5238.0, 1, 1, 0, 1
2026/2/20, 21:00:00, 5265.0, 5265.0, 5258.3, 5264.0, 17, 14, 8, 9
2026/2/22, 23:00:00, 5293.3, 5332.8, 5293.3, 5332.8, 7, 7, 4, 3
2026/2/23, 00:00:00, 5320.8, 5325.0, 5300.0, 5321.2, 17, 15, 11, 6
2026/2/23, 01:00:00, 5318.3, 5324.7, 5318.3, 5324.0, 3, 3, 1, 2
2026/2/23, 02:00:00, 5334.6, 5335.6, 5327.2, 5335.6, 4, 4, 1, 3
2026/2/23, 03:00:00, 5326.2, 5337.5, 5322.3, 5336.3, 15, 13, 11, 4
2026/2/23, 04:00:00, 5322.5, 5323.7, 5322.5, 5323.7, 2, 2, 1, 1
2026/2/23, 05:00:00, 5322.9, 5326.1, 5319.0, 5326.1, 4, 4, 3, 1
2026/2/23, 06:00:00, 5312.9, 5312.9, 5312.9, 5312.9, 2, 2, 2, 0
2026/2/23, 07:00:00, 5305.2, 5316.9, 5292.4, 5293.1, 14, 14, 4, 10
2026/2/23, 08:00:00, 5292.8, 5292.8, 5292.8, 5292.8, 1, 1, 1, 0
2026/2/23, 09:00:00, 5314.4, 5315.3, 5309.7, 5314.6, 5, 4, 2, 3
2026/2/23, 10:00:00, 5313.6, 5318.7, 5313.6, 5318.4, 7, 5, 6, 1
2026/2/23, 11:00:00, 5313.6, 5313.6, 5313.6, 5313.6, 1, 1, 1, 0
2026/2/23, 12:00:00, 5315.5, 5330.4, 5315.5, 5330.4, 4, 4, 0, 4
2026/2/23, 14:00:00, 5323.7, 5368.1, 5323.7, 5361.8, 55, 35, 30, 25
2026/2/23, 15:00:00, 5353.3, 5370.7, 5353.3, 5362.2, 26, 21, 23, 3
2026/2/23, 16:00:00, 5350.5, 5385.0, 5347.7, 5375.8, 53, 43, 15, 38
2026/2/23, 17:00:00, 5369.6, 5369.6, 5361.1, 5361.1, 2, 2, 2, 0
2026/2/23, 18:00:00, 5376.3, 5377.7, 5371.4, 5377.7, 4, 4, 1, 3
2026/2/23, 19:00:00, 5379.4, 5379.9, 5378.1, 5378.1, 44, 33, 36, 8
2026/2/23, 20:00:00, 5387.3, 5396.3, 5387.3, 5393.5, 6, 5, 3, 3
2026/2/23, 21:00:00, 5401.0, 5401.8, 5394.0, 5397.4, 10, 9, 4, 6
2026/2/23, 23:00:00, 5406.4, 5412.0, 5406.3, 5412.0, 3, 3, 2, 1
2026/2/24, 00:00:00, 5400.0, 5401.0, 5384.8, 5401.0, 4, 4, 3, 1
2026/2/24, 01:00:00, 5377.0, 5379.5, 5319.8, 5337.1, 49, 43, 43, 6
2026/2/24, 02:00:00, 5338.7, 5338.7, 5332.9, 5332.9, 3, 3, 2, 1
2026/2/24, 03:00:00, 5348.8, 5350.3, 5340.0, 5340.0, 3, 3, 3, 0
2026/2/24, 04:00:00, 5337.2, 5337.2, 5336.4, 5336.4, 2, 2, 1, 1
2026/2/24, 05:00:00, 5334.7, 5334.7, 5334.7, 5334.7, 1, 1, 0, 1
2026/2/24, 06:00:00, 5350.1, 5350.1, 5334.2, 5339.1, 17, 11, 8, 9
2026/2/24, 07:00:00, 5332.5, 5336.0, 5332.5, 5336.0, 14, 9, 13, 1
2026/2/24, 08:00:00, 5339.8, 5340.3, 5331.9, 5338.9, 12, 12, 8, 4
2026/2/24, 09:00:00, 5338.2, 5338.2, 5333.1, 5333.1, 2, 2, 2, 0
2026/2/24, 10:00:00, 5334.2, 5334.2, 5328.4, 5328.4, 7, 5, 7, 0
2026/2/24, 12:00:00, 5320.0, 5322.5, 5308.8, 5316.5, 8, 8, 3, 5
2026/2/24, 13:00:00, 5315.7, 5326.6, 5290.5, 5290.5, 66, 61, 8, 58
2026/2/24, 14:00:00, 5275.0, 5300.0, 5260.0, 5300.0, 28, 25, 6, 22
2026/2/24, 15:00:00, 5293.6, 5315.2, 5283.6, 5315.2, 15, 10, 7, 8
2026/2/24, 16:00:00, 5317.1, 5317.1, 5314.3, 5314.3, 4, 4, 0, 4
2026/2/24, 17:00:00, 5325.0, 5328.1, 5325.0, 5328.1, 2, 2, 0, 2
2026/2/24, 18:00:00, 5329.8, 5329.8, 5321.9, 5325.6, 33, 27, 3, 30
2026/2/24, 19:00:00, 5318.0, 5321.4, 5318.0, 5320.7, 6, 5, 4, 2
2026/2/24, 20:00:00, 5323.9, 5330.0, 5323.9, 5326.3, 15, 13, 12, 3
2026/2/24, 21:00:00, 5323.3, 5323.3, 5323.3, 5323.3, 1, 1, 0, 1
2026/2/24, 23:00:00, 5300.0, 5314.8, 5295.0, 5314.8, 11, 11, 4, 7
2026/2/25, 00:00:00, 5305.2, 5320.3, 5305.2, 5320.3, 3, 3, 0, 3
2026/2/25, 01:00:00, 5318.1, 5352.7, 5315.5, 5352.7, 12, 11, 0, 12
2026/2/25, 02:00:00, 5345.8, 5358.0, 5345.8, 5358.0, 6, 6, 1, 5
2026/2/25, 03:00:00, 5353.3, 5354.3, 5345.3, 5345.3, 7, 7, 5, 2
2026/2/25, 05:00:00, 5360.9, 5373.3, 5360.9, 5368.3, 18, 15, 8, 10
2026/2/25, 06:00:00, 5359.6, 5359.6, 5358.8, 5358.8, 2, 2, 1, 1
2026/2/25, 07:00:00, 5353.2, 5353.2, 5349.1, 5349.1, 5, 5, 4, 1
2026/2/25, 08:00:00, 5354.9, 5355.0, 5354.9, 5355.0, 2, 2, 0, 2
2026/2/25, 09:00:00, 5342.0, 5356.6, 5341.9, 5356.6, 15, 9, 11, 4
2026/2/25, 10:00:00, 5361.3, 5361.3, 5338.2, 5339.0, 10, 8, 3, 7
2026/2/25, 11:00:00, 5334.4, 5347.0, 5330.0, 5345.6, 42, 36, 14, 28
2026/2/25, 12:00:00, 5345.6, 5350.4, 5342.1, 5342.1, 34, 29, 10, 24
2026/2/25, 13:00:00, 5347.0, 5354.6, 5347.0, 5353.7, 4, 4, 2, 2
2026/2/25, 14:00:00, 5341.0, 5346.2, 5332.1, 5346.2, 10, 10, 6, 4
2026/2/25, 15:00:00, 5362.1, 5362.1, 5343.0, 5343.0, 9, 9, 7, 2
2026/2/25, 16:00:00, 5370.0, 5379.0, 5369.7, 5379.0, 11, 10, 5, 6
2026/2/25, 17:00:00, 5379.0, 5385.1, 5373.9, 5374.2, 20, 17, 6, 14
2026/2/25, 19:00:00, 5369.6, 5375.3, 5369.6, 5374.2, 6, 6, 2, 4
2026/2/25, 20:00:00, 5360.0, 5360.0, 5317.5, 5317.6, 4, 4, 1, 3
2026/2/25, 21:00:00, 5321.0, 5335.1, 5321.0, 5335.1, 5, 5, 4, 1
2026/2/25, 23:00:00, 5338.2, 5339.2, 5330.4, 5330.4, 4, 4, 2, 2
2026/2/26, 00:00:00, 5323.8, 5345.9, 5323.8, 5342.9, 4, 4, 3, 1
2026/2/26, 01:00:00, 5346.3, 5350.9, 5346.3, 5350.9, 3, 3, 0, 3
2026/2/26, 02:00:00, 5356.0, 5356.7, 5337.2, 5338.6, 10, 10, 4, 6
2026/2/26, 03:00:00, 5349.2, 5353.4, 5349.2, 5353.4, 2, 2, 0, 2
2026/2/26, 05:00:00, 5368.0, 5368.0, 5355.8, 5355.8, 3, 3, 1, 2
2026/2/26, 08:00:00, 5350.0, 5350.3, 5334.3, 5343.4, 9, 9, 6, 3
2026/2/26, 09:00:00, 5336.9, 5344.0, 5336.9, 5344.0, 3, 3, 3, 0
2026/2/26, 10:00:00, 5352.6, 5352.6, 5329.3, 5329.3, 20, 14, 4, 16
2026/2/26, 11:00:00, 5329.6, 5329.6, 5323.2, 5323.2, 3, 3, 2, 1
2026/2/26, 12:00:00, 5326.2, 5334.0, 5326.2, 5334.0, 2, 2, 1, 1
2026/2/26, 14:00:00, 5313.7, 5337.4, 5300.0, 5332.1, 26, 21, 16, 10
2026/2/26, 15:00:00, 5324.3, 5347.3, 5292.9, 5345.9, 56, 36, 32, 24
2026/2/26, 16:00:00, 5340.6, 5342.1, 5340.4, 5342.1, 8, 6, 2, 6
2026/2/26, 18:00:00, 5332.0, 5344.2, 5332.0, 5344.2, 23, 20, 16, 7
2026/2/26, 19:00:00, 5349.0, 5349.0, 5349.0, 5349.0, 1, 1, 0, 1
2026/2/26, 20:00:00, 5358.9, 5359.3, 5358.9, 5359.3, 4, 3, 4, 0
2026/2/26, 21:00:00, 5364.1, 5364.1, 5364.1, 5364.1, 1, 1, 0, 1
2026/2/26, 23:00:00, 5347.1, 5352.0, 5347.1, 5352.0, 3, 3, 3, 0
2026/2/27, 01:00:00, 5335.0, 5337.2, 5334.5, 5337.2, 26, 15, 6, 20
2026/2/27, 02:00:00, 5359.1, 5361.4, 5339.7, 5342.2, 10, 10, 3, 7
2026/2/27, 03:00:00, 5347.5, 5347.5, 5347.5, 5347.5, 1, 1, 1, 0
2026/2/27, 05:00:00, 5359.3, 5359.8, 5359.3, 5359.8, 2, 2, 0, 2
2026/2/27, 06:00:00, 5358.7, 5358.7, 5358.7, 5358.7, 1, 1, 0, 1
2026/2/27, 11:00:00, 5336.0, 5336.0, 5336.0, 5336.0, 2, 1, 2, 0
2026/2/27, 12:00:00, 5350.6, 5351.3, 5350.6, 5351.3, 2, 2, 1, 1
2026/2/27, 13:00:00, 5356.6, 5406.0, 5356.6, 5380.0, 28, 26, 12, 16
2026/2/27, 14:00:00, 5397.8, 5398.8, 5380.1, 5390.8, 23, 22, 20, 3
2026/2/27, 15:00:00, 5400.0, 5400.0, 5383.4, 5383.4, 3, 3, 3, 0
2026/2/27, 16:00:00, 5409.9, 5422.4, 5398.8, 5402.6, 30, 20, 19, 11
2026/2/27, 17:00:00, 5398.0, 5398.0, 5392.9, 5395.9, 3, 3, 1, 2
2026/2/27, 18:00:00, 5400.2, 5400.2, 5394.7, 5396.4, 50, 48, 23, 27
2026/2/27, 19:00:00, 5414.8, 5416.7, 5414.8, 5416.7, 5, 4, 4, 1
2026/2/27, 20:00:00, 5420.0, 5427.1, 5420.0, 5427.1, 6, 6, 0, 6
2026/2/27, 21:00:00, 5429.1, 5446.0, 5429.1, 5446.0, 7, 4, 2, 5
2026/3/1, 23:00:00, 5540.2, 5551.3, 5481.1, 5551.3, 62, 57, 25, 37
2026/3/2, 00:00:00, 5539.0, 5542.8, 5512.3, 5514.1, 11, 11, 3, 8
2026/3/2, 01:00:00, 5498.3, 5504.6, 5480.1, 5488.8, 48, 40, 21, 27
2026/3/2, 02:00:00, 5492.7, 5514.2, 5483.0, 5511.5, 96, 79, 52, 44
2026/3/2, 03:00:00, 5511.5, 5529.3, 5511.5, 5529.3, 22, 19, 9, 13
2026/3/2, 04:00:00, 5520.0, 5530.3, 5513.2, 5513.2, 8, 6, 7, 1
2026/3/2, 05:00:00, 5513.6, 5531.0, 5509.1, 5530.0, 57, 49, 37, 20
2026/3/2, 06:00:00, 5532.0, 5550.0, 5532.0, 5549.1, 14, 12, 2, 12
2026/3/2, 07:00:00, 5565.0, 5583.5, 5565.0, 5583.5, 15, 14, 9, 6
2026/3/2, 08:00:00, 5570.6, 5580.7, 5559.5, 5559.5, 64, 47, 43, 21
2026/3/2, 09:00:00, 5557.5, 5566.8, 5555.6, 5561.1, 40, 36, 13, 27
2026/3/2, 10:00:00, 5550.6, 5551.6, 5548.8, 5550.1, 5, 5, 3, 2
2026/3/2, 11:00:00, 5549.8, 5549.8, 5549.8, 5549.8, 1, 1, 1, 0
2026/3/2, 12:00:00, 5548.6, 5563.3, 5546.8, 5563.3, 17, 17, 12, 5
2026/3/2, 13:00:00, 5572.6, 5576.8, 5562.9, 5562.9, 17, 16, 11, 6
2026/3/2, 14:00:00, 5555.0, 5555.0, 5488.8, 5488.8, 86, 60, 19, 67
2026/3/2, 15:00:00, 5490.9, 5509.6, 5478.6, 5480.0, 13, 13, 7, 6
2026/3/2, 16:00:00, 5445.0, 5475.9, 5426.9, 5465.9, 86, 66, 56, 30
2026/3/2, 17:00:00, 5463.1, 5481.1, 5463.1, 5470.9, 3, 3, 1, 2
2026/3/2, 18:00:00, 5459.0, 5476.9, 5455.0, 5476.9, 18, 17, 12, 6
2026/3/2, 19:00:00, 5482.8, 5498.0, 5482.8, 5492.3, 56, 22, 33, 23
2026/3/2, 20:00:00, 5494.0, 5509.5, 5494.0, 5500.0, 27, 18, 7, 20
2026/3/2, 21:00:00, 5497.7, 5505.8, 5497.7, 5503.2, 7, 7, 5, 2
2026/3/2, 23:00:00, 5500.0, 5500.0, 5500.0, 5500.0, 1, 1, 1, 0
2026/3/3, 01:00:00, 5533.5, 5535.0, 5516.4, 5519.4, 14, 14, 10, 4
2026/3/3, 02:00:00, 5503.9, 5531.0, 5503.9, 5531.0, 12, 12, 8, 4
2026/3/3, 03:00:00, 5532.2, 5533.1, 5531.3, 5533.0, 5, 5, 4, 1
2026/3/3, 04:00:00, 5528.9, 5536.1, 5528.9, 5536.1, 2, 2, 1, 1
2026/3/3, 05:00:00, 5521.3, 5533.6, 5470.0, 5470.0, 20, 19, 13, 7
2026/3/3, 06:00:00, 5457.5, 5472.4, 5443.9, 5467.5, 17, 15, 14, 3
2026/3/3, 07:00:00, 5476.0, 5480.1, 5476.0, 5480.1, 2, 2, 1, 1
2026/3/3, 08:00:00, 5481.7, 5481.7, 5468.2, 5468.2, 3, 3, 2, 1
2026/3/3, 09:00:00, 5450.0, 5462.1, 5391.4, 5432.3, 47, 40, 29, 18
2026/3/3, 10:00:00, 5437.6, 5438.1, 5405.0, 5410.0, 38, 27, 21, 17
2026/3/3, 11:00:00, 5414.3, 5414.3, 5232.1, 5307.5, 228, 190, 80, 148
2026/3/3, 12:00:00, 5335.5, 5378.1, 5335.5, 5378.1, 28, 28, 14, 14
2026/3/3, 13:00:00, 5349.3, 5349.3, 5292.7, 5293.4, 28, 27, 17, 11
2026/3/3, 14:00:00, 5316.6, 5316.6, 5170.9, 5190.0, 90, 69, 38, 52
2026/3/3, 15:00:00, 5188.8, 5248.5, 5148.8, 5248.5, 87, 81, 22, 65
2026/3/3, 16:00:00, 5250.0, 5277.8, 5250.0, 5272.2, 8, 7, 6, 2
2026/3/3, 17:00:00, 5250.0, 5251.2, 5244.0, 5247.5, 11, 8, 7, 4
2026/3/3, 18:00:00, 5234.0, 5290.0, 5234.0, 5290.0, 75, 66, 48, 27
2026/3/3, 19:00:00, 5295.2, 5296.0, 5261.0, 5277.4, 76, 60, 7, 69
2026/3/3, 20:00:00, 5255.0, 5257.7, 5255.0, 5257.7, 6, 6, 5, 1
2026/3/3, 21:00:00, 5253.2, 5255.0, 5244.5, 5244.5, 6, 6, 2, 4
2026/3/3, 23:00:00, 5276.4, 5281.6, 5276.4, 5280.0, 13, 13, 7, 6
2026/3/4, 00:00:00, 5281.9, 5292.7, 5281.9, 5292.7, 13, 13, 12, 1
2026/3/4, 01:00:00, 5299.2, 5335.0, 5298.5, 5335.0, 19, 19, 13, 6
2026/3/4, 02:00:00, 5330.4, 5344.0, 5313.4, 5313.4, 14, 14, 13, 1
2026/3/4, 03:00:00, 5311.7, 5311.7, 5302.8, 5309.2, 12, 12, 9, 3
2026/3/4, 04:00:00, 5326.7, 5326.7, 5320.2, 5320.2, 2, 2, 0, 2
2026/3/4, 05:00:00, 5312.6, 5315.8, 5312.6, 5315.8, 2, 2, 2, 0
2026/3/4, 06:00:00, 5311.0, 5311.0, 5298.8, 5301.1, 13, 13, 9, 4
2026/3/4, 07:00:00, 5330.1, 5331.2, 5327.5, 5331.2, 9, 7, 1, 8
2026/3/4, 08:00:00, 5315.5, 5339.8, 5312.7, 5338.0, 7, 7, 5, 2
2026/3/4, 09:00:00, 5320.1, 5342.1, 5320.1, 5340.5, 22, 22, 2, 20
2026/3/4, 10:00:00, 5353.5, 5357.0, 5342.2, 5342.3, 8, 8, 4, 4
2026/3/4, 11:00:00, 5354.6, 5355.4, 5354.5, 5354.5, 5, 5, 4, 1
2026/3/4, 12:00:00, 5364.9, 5365.0, 5327.2, 5329.7, 18, 14, 14, 4
2026/3/4, 13:00:00, 5331.4, 5353.6, 5331.4, 5337.6, 67, 54, 50, 17
2026/3/4, 14:00:00, 5329.0, 5338.9, 5303.9, 5304.5, 60, 40, 17, 43
2026/3/4, 15:00:00, 5300.4, 5316.1, 5291.8, 5297.3, 16, 16, 8, 8
2026/3/4, 17:00:00, 5306.9, 5306.9, 5292.0, 5300.9, 4, 4, 1, 3
2026/3/4, 18:00:00, 5298.3, 5298.3, 5276.3, 5288.7, 57, 56, 26, 31
2026/3/4, 19:00:00, 5292.8, 5297.4, 5291.3, 5297.4, 14, 12, 11, 3
2026/3/4, 20:00:00, 5295.4, 5296.8, 5295.4, 5296.7, 4, 4, 1, 3
2026/3/4, 21:00:00, 5299.3, 5300.9, 5299.3, 5300.8, 5, 5, 1, 4
2026/3/4, 23:00:00, 5311.6, 5320.4, 5311.6, 5315.2, 63, 44, 11, 52
2026/3/5, 00:00:00, 5337.3, 5337.5, 5328.7, 5328.7, 3, 3, 1, 2
2026/3/5, 02:00:00, 5334.5, 5348.0, 5334.1, 5348.0, 8, 8, 3, 5
2026/3/5, 03:00:00, 5349.5, 5352.4, 5338.5, 5339.0, 15, 15, 4, 11
2026/3/5, 05:00:00, 5324.6, 5324.6, 5306.7, 5307.7, 53, 47, 7, 46
2026/3/5, 06:00:00, 5281.9, 5324.0, 5281.9, 5324.0, 21, 17, 0, 21
2026/3/5, 08:00:00, 5299.4, 5324.3, 5299.1, 5324.3, 5, 4, 4, 1
2026/3/5, 09:00:00, 5329.3, 5339.9, 5329.3, 5338.9, 8, 8, 4, 4
2026/3/5, 11:00:00, 5322.0, 5322.1, 5322.0, 5322.1, 2, 2, 1, 1
2026/3/5, 12:00:00, 5325.9, 5325.9, 5325.9, 5325.9, 1, 1, 0, 1
2026/3/5, 13:00:00, 5281.0, 5281.0, 5255.9, 5274.4, 15, 13, 7, 8
2026/3/5, 14:00:00, 5267.3, 5267.3, 5246.6, 5246.6, 3, 3, 2, 1
2026/3/5, 15:00:00, 5221.4, 5241.0, 5221.0, 5227.6, 24, 15, 10, 14
2026/3/5, 16:00:00, 5228.8, 5235.0, 5212.9, 5232.6, 8, 8, 4, 4
2026/3/5, 17:00:00, 5230.3, 5231.6, 5216.7, 5216.7, 6, 6, 4, 2
2026/3/5, 18:00:00, 5210.0, 5237.5, 5207.9, 5237.5, 64, 49, 45, 19
2026/3/5, 19:00:00, 5230.7, 5230.7, 5216.7, 5221.0, 46, 43, 40, 6
2026/3/5, 20:00:00, 5224.1, 5251.9, 5222.2, 5238.0, 45, 39, 14, 31
2026/3/5, 21:00:00, 5237.1, 5239.4, 5236.5, 5236.6, 7, 4, 0, 7
2026/3/5, 23:00:00, 5250.7, 5251.4, 5248.5, 5251.4, 3, 3, 1, 2
2026/3/6, 00:00:00, 5241.4, 5241.4, 5241.4, 5241.4, 1, 1, 0, 1
2026/3/6, 02:00:00, 5292.7, 5293.6, 5287.9, 5288.5, 12, 11, 4, 8
2026/3/6, 03:00:00, 5292.1, 5296.5, 5292.1, 5296.5, 3, 3, 0, 3
2026/3/6, 05:00:00, 5283.2, 5283.2, 5271.0, 5271.0, 19, 17, 10, 9
2026/3/6, 06:00:00, 5269.1, 5278.0, 5269.1, 5271.7, 5, 5, 5, 0
2026/3/6, 07:00:00, 5271.8, 5271.8, 5263.7, 5263.7, 9, 8, 8, 1
2026/3/6, 08:00:00, 5280.1, 5280.1, 5267.7, 5267.7, 2, 2, 1, 1
2026/3/6, 09:00:00, 5254.4, 5254.9, 5239.5, 5239.5, 16, 13, 12, 4
2026/3/6, 10:00:00, 5234.1, 5234.1, 5234.1, 5234.1, 1, 1, 0, 1
2026/3/6, 11:00:00, 5250.4, 5250.4, 5220.0, 5220.0, 8, 5, 6, 2
2026/3/6, 12:00:00, 5238.7, 5238.7, 5238.7, 5238.7, 1, 1, 1, 0
2026/3/6, 13:00:00, 5228.1, 5285.9, 5224.5, 5238.8, 34, 27, 12, 22
2026/3/6, 14:00:00, 5250.4, 5286.4, 5240.9, 5286.3, 44, 37, 10, 34
2026/3/6, 15:00:00, 5288.0, 5327.1, 5288.0, 5301.8, 90, 68, 27, 63
2026/3/6, 16:00:00, 5300.5, 5307.2, 5288.4, 5303.7, 31, 28, 3, 28
2026/3/6, 17:00:00, 5293.2, 5307.7, 5293.2, 5307.7, 6, 6, 2, 4
2026/3/6, 18:00:00, 5305.5, 5320.8, 5305.5, 5317.8, 70, 58, 30, 40
2026/3/6, 19:00:00, 5329.3, 5329.3, 5323.2, 5323.2, 13, 9, 8, 5
2026/3/6, 20:00:00, 5305.8, 5315.0, 5305.8, 5307.4, 31, 17, 4, 27
2026/3/6, 21:00:00, 5322.7, 5328.0, 5322.7, 5328.0, 5, 5, 2, 3
2026/3/8, 22:00:00, 5299.3, 5315.5, 5273.2, 5273.2, 60, 42, 39, 21
2026/3/8, 23:00:00, 5285.0, 5285.0, 5200.0, 5230.0, 30, 22, 17, 13
2026/3/9, 00:00:00, 5224.4, 5228.6, 5185.0, 5200.0, 39, 31, 21, 18
2026/3/9, 01:00:00, 5180.0, 5236.7, 5174.0, 5220.0, 46, 27, 31, 15
2026/3/9, 02:00:00, 5231.9, 5250.0, 5231.9, 5250.0, 6, 6, 0, 6
2026/3/9, 03:00:00, 5250.0, 5253.5, 5237.7, 5237.7, 17, 14, 1, 16
2026/3/9, 04:00:00, 5250.5, 5250.5, 5244.1, 5244.1, 2, 2, 1, 1
2026/3/9, 05:00:00, 5239.5, 5254.4, 5235.3, 5246.0, 25, 19, 3, 22
2026/3/9, 06:00:00, 5283.8, 5283.8, 5259.8, 5260.5, 5, 5, 4, 1
2026/3/9, 09:00:00, 5259.7, 5259.7, 5257.5, 5257.7, 6, 6, 3, 3
2026/3/9, 10:00:00, 5249.4, 5249.4, 5249.4, 5249.4, 1, 1, 0, 1
2026/3/9, 12:00:00, 5252.0, 5268.4, 5250.9, 5250.9, 20, 13, 6, 14
2026/3/9, 13:00:00, 5246.1, 5264.7, 5225.5, 5233.1, 17, 15, 10, 7
2026/3/9, 14:00:00, 5242.1, 5260.4, 5219.9, 5258.0, 58, 35, 10, 48
2026/3/9, 15:00:00, 5250.7, 5259.1, 5250.7, 5258.0, 4, 4, 1, 3
2026/3/9, 16:00:00, 5260.0, 5260.0, 5256.0, 5256.0, 2, 2, 1, 1
2026/3/9, 17:00:00, 5248.5, 5253.6, 5247.4, 5247.4, 34, 31, 23, 11
2026/3/9, 18:00:00, 5252.0, 5277.2, 5251.9, 5277.2, 8, 8, 4, 4
2026/3/9, 19:00:00, 5286.3, 5301.0, 5286.3, 5299.0, 10, 10, 5, 5
2026/3/9, 20:00:00, 5299.0, 5299.0, 5295.9, 5295.9, 3, 3, 3, 0
2026/3/9, 22:00:00, 5289.5, 5289.5, 5289.5, 5289.5, 1, 1, 0, 1
2026/3/9, 23:00:00, 5311.8, 5312.8, 5299.7, 5303.4, 27, 23, 17, 10
2026/3/10, 00:00:00, 5289.6, 5289.6, 5287.6, 5287.6, 2, 2, 1, 1
2026/3/10, 01:00:00, 5296.1, 5323.0, 5296.1, 5322.1, 13, 13, 1, 12
2026/3/10, 02:00:00, 5339.7, 5339.7, 5325.2, 5325.2, 8, 6, 7, 1
2026/3/10, 03:00:00, 5321.8, 5327.8, 5311.6, 5311.6, 14, 13, 11, 3
2026/3/10, 04:00:00, 5317.4, 5317.4, 5317.4, 5317.4, 1, 1, 1, 0
2026/3/10, 05:00:00, 5324.9, 5335.9, 5324.9, 5335.1, 16, 16, 12, 4
2026/3/10, 06:00:00, 5336.9, 5336.9, 5331.6, 5332.9, 14, 13, 13, 1
2026/3/10, 07:00:00, 5329.2, 5329.2, 5325.9, 5325.9, 2, 2, 2, 0
2026/3/10, 08:00:00, 5343.0, 5347.4, 5334.5, 5341.1, 34, 25, 17, 17
2026/3/10, 09:00:00, 5340.1, 5344.5, 5339.3, 5343.6, 26, 15, 8, 18
2026/3/10, 10:00:00, 5337.3, 5339.0, 5317.4, 5317.4, 20, 15, 15, 5
2026/3/10, 11:00:00, 5341.9, 5348.8, 5340.6, 5342.8, 29, 19, 7, 22
2026/3/10, 12:00:00, 5333.7, 5341.0, 5324.0, 5340.0, 23, 20, 12, 11
2026/3/10, 13:00:00, 5345.0, 5384.5, 5345.0, 5364.2, 57, 51, 36, 21
2026/3/10, 14:00:00, 5364.7, 5372.6, 5350.0, 5367.2, 34, 27, 30, 4
2026/3/10, 15:00:00, 5365.7, 5397.3, 5365.7, 5390.1, 29, 27, 19, 10
2026/3/10, 16:00:00, 5387.7, 5394.8, 5387.1, 5388.8, 42, 37, 21, 21
2026/3/10, 17:00:00, 5392.3, 5393.7, 5383.7, 5392.5, 29, 29, 6, 23
2026/3/10, 18:00:00, 5325.0, 5363.0, 5325.0, 5350.3, 58, 48, 29, 29
2026/3/10, 19:00:00, 5344.9, 5363.0, 5342.6, 5355.0, 57, 40, 22, 35
2026/3/10, 20:00:00, 5352.4, 5355.0, 5349.5, 5350.0, 8, 8, 7, 1
2026/3/10, 23:00:00, 5347.2, 5347.2, 5346.7, 5346.7, 5, 5, 4, 1
2026/3/11, 00:00:00, 5355.5, 5369.8, 5355.5, 5367.3, 3, 3, 1, 2
2026/3/11, 01:00:00, 5375.9, 5379.5, 5373.2, 5375.8, 11, 10, 8, 3
2026/3/11, 05:00:00, 5350.0, 5357.5, 5350.0, 5357.5, 2, 2, 1, 1
2026/3/11, 07:00:00, 5347.5, 5352.6, 5347.0, 5352.6, 3, 3, 2, 1
2026/3/11, 08:00:00, 5337.5, 5346.2, 5333.8, 5346.2, 8, 8, 5, 3
2026/3/11, 09:00:00, 5345.0, 5354.0, 5339.0, 5354.0, 8, 7, 6, 2
2026/3/11, 10:00:00, 5346.0, 5351.7, 5343.3, 5347.7, 4, 4, 1, 3
2026/3/11, 11:00:00, 5349.5, 5349.5, 5338.6, 5339.0, 17, 12, 11, 6
2026/3/11, 12:00:00, 5337.1, 5343.4, 5325.0, 5325.0, 8, 5, 6, 2
2026/3/11, 13:00:00, 5323.8, 5340.1, 5318.0, 5318.0, 4, 4, 2, 2
2026/3/11, 14:00:00, 5342.0, 5347.7, 5336.8, 5339.1, 32, 20, 12, 20
2026/3/11, 15:00:00, 5337.9, 5337.9, 5325.0, 5326.3, 42, 20, 27, 15
2026/3/11, 16:00:00, 5331.2, 5335.1, 5331.2, 5335.1, 3, 3, 0, 3
2026/3/11, 17:00:00, 5337.3, 5337.3, 5326.7, 5326.9, 24, 22, 15, 9
2026/3/11, 18:00:00, 5336.4, 5337.4, 5329.6, 5331.8, 9, 7, 0, 9
2026/3/11, 19:00:00, 5329.8, 5341.4, 5329.8, 5341.4, 4, 4, 1, 3
2026/3/11, 20:00:00, 5340.3, 5340.3, 5335.5, 5336.9, 4, 4, 3, 1
2026/3/11, 22:00:00, 5329.5, 5332.3, 5311.9, 5311.9, 4, 4, 3, 1
2026/3/11, 23:00:00, 5304.3, 5308.9, 5296.0, 5296.0, 5, 5, 3, 2
2026/3/12, 00:00:00, 5291.6, 5292.3, 5286.7, 5292.3, 8, 8, 1, 7
2026/3/12, 01:00:00, 5320.7, 5324.1, 5319.1, 5324.1, 8, 8, 5, 3
2026/3/12, 02:00:00, 5325.0, 5331.6, 5306.8, 5306.8, 29, 21, 13, 16
2026/3/12, 03:00:00, 5309.9, 5311.3, 5304.9, 5306.1, 15, 14, 5, 10
2026/3/12, 04:00:00, 5308.1, 5308.1, 5308.1, 5308.1, 1, 1, 1, 0
2026/3/12, 05:00:00, 5302.5, 5310.0, 5298.0, 5310.0, 3, 3, 2, 1
2026/3/12, 07:00:00, 5342.0, 5342.0, 5339.5, 5339.5, 5, 5, 0, 5
2026/3/12, 10:00:00, 5350.0, 5350.0, 5344.5, 5344.5, 6, 4, 3, 3
2026/3/12, 12:00:00, 5324.3, 5342.2, 5324.3, 5342.2, 12, 12, 6, 6
2026/3/12, 13:00:00, 5318.6, 5330.0, 5305.4, 5305.4, 28, 22, 15, 13
2026/3/12, 14:00:00, 5311.0, 5316.7, 5296.7, 5297.8, 20, 15, 13, 7
2026/3/12, 15:00:00, 5280.0, 5291.0, 5272.0, 5291.0, 42, 23, 14, 28
2026/3/12, 16:00:00, 5290.0, 5290.0, 5279.4, 5286.0, 4, 4, 2, 2
2026/3/12, 17:00:00, 5280.8, 5280.8, 5262.3, 5262.3, 57, 41, 50, 7
2026/3/12, 18:00:00, 5263.0, 5265.2, 5248.3, 5252.3, 45, 28, 43, 2
2026/3/12, 19:00:00, 5244.0, 5247.9, 5238.5, 5238.5, 11, 9, 1, 10
2026/3/12, 20:00:00, 5242.4, 5242.4, 5223.5, 5223.5, 15, 13, 8, 7
2026/3/12, 22:00:00, 5237.6, 5246.3, 5231.7, 5246.3, 10, 9, 5, 5
2026/3/12, 23:00:00, 5247.1, 5251.1, 5247.1, 5251.1, 2, 2, 2, 0
2026/3/13, 00:00:00, 5260.7, 5264.5, 5260.7, 5264.5, 4, 4, 0, 4
2026/3/13, 01:00:00, 5272.2, 5275.0, 5272.2, 5275.0, 16, 13, 6, 10
2026/3/13, 02:00:00, 5282.0, 5282.2, 5266.2, 5266.2, 30, 21, 6, 24
2026/3/13, 03:00:00, 5264.5, 5264.5, 5260.9, 5260.9, 4, 4, 4, 0
2026/3/13, 04:00:00, 5269.5, 5269.5, 5256.1, 5256.1, 9, 8, 2, 7
2026/3/13, 06:00:00, 5241.2, 5247.8, 5240.9, 5242.4, 9, 7, 6, 3
2026/3/13, 07:00:00, 5243.3, 5243.3, 5229.6, 5230.2, 9, 8, 6, 3
2026/3/13, 08:00:00, 5225.0, 5225.0, 5225.0, 5225.0, 2, 1, 2, 0
2026/3/13, 09:00:00, 5247.0, 5250.8, 5244.4, 5244.4, 18, 18, 3, 15
2026/3/13, 10:00:00, 5241.5, 5241.5, 5241.5, 5241.5, 1, 1, 0, 1
2026/3/13, 11:00:00, 5251.0, 5262.2, 5251.0, 5262.2, 4, 4, 1, 3
2026/3/13, 12:00:00, 5262.2, 5275.0, 5262.2, 5274.3, 8, 6, 8, 0
2026/3/13, 14:00:00, 5255.0, 5255.0, 5200.0, 5200.0, 34, 22, 8, 26
2026/3/13, 15:00:00, 5197.4, 5208.5, 5195.3, 5200.0, 8, 7, 2, 6
2026/3/13, 16:00:00, 5180.8, 5198.2, 5173.0, 5198.2, 13, 7, 9, 4
2026/3/13, 17:00:00, 5210.5, 5212.0, 5200.1, 5200.1, 49, 47, 27, 22
2026/3/13, 18:00:00, 5196.6, 5202.4, 5192.9, 5195.9, 14, 13, 8, 6
2026/3/13, 19:00:00, 5197.8, 5197.8, 5170.0, 5170.0, 8, 8, 5, 3
2026/3/13, 20:00:00, 5171.9, 5171.9, 5169.0, 5169.0, 3, 3, 2, 1
2026/3/15, 22:00:00, 5166.0, 5174.4, 5166.0, 5174.4, 3, 3, 2, 1
2026/3/15, 23:00:00, 5177.2, 5177.2, 5120.0, 5129.9, 78, 57, 34, 44
2026/3/16, 00:00:00, 5175.6, 5176.5, 5174.5, 5176.5, 3, 3, 2, 1
2026/3/16, 01:00:00, 5171.9, 5171.9, 5137.2, 5161.0, 9, 9, 4, 5
2026/3/16, 02:00:00, 5164.1, 5164.1, 5164.1, 5164.1, 1, 1, 0, 1
2026/3/16, 03:00:00, 5154.1, 5163.0, 5153.1, 5163.0, 4, 4, 1, 3
2026/3/16, 04:00:00, 5172.1, 5174.4, 5172.1, 5174.0, 6, 4, 5, 1
2026/3/16, 07:00:00, 5166.4, 5166.8, 5155.4, 5155.4, 13, 12, 10, 3
2026/3/16, 08:00:00, 5149.4, 5150.6, 5143.8, 5143.8, 8, 8, 6, 2
2026/3/16, 09:00:00, 5137.0, 5140.6, 5137.0, 5140.3, 70, 46, 6, 64
2026/3/16, 10:00:00, 5126.6, 5145.2, 5126.6, 5145.2, 5, 5, 1, 4
2026/3/16, 11:00:00, 5151.0, 5170.9, 5147.6, 5147.6, 10, 10, 7, 3
2026/3/16, 12:00:00, 5155.3, 5175.9, 5155.3, 5175.1, 5, 5, 1, 4
2026/3/16, 13:00:00, 5167.5, 5185.0, 5167.5, 5177.2, 19, 19, 7, 12
2026/3/16, 14:00:00, 5170.9, 5170.9, 5143.8, 5151.3, 9, 8, 3, 6
2026/3/16, 15:00:00, 5150.0, 5155.0, 5141.1, 5141.1, 4, 4, 2, 2
2026/3/16, 16:00:00, 5137.0, 5143.7, 5133.6, 5143.7, 9, 7, 3, 6
2026/3/16, 17:00:00, 5150.0, 5155.9, 5141.4, 5141.4, 41, 29, 12, 29
2026/3/16, 18:00:00, 5155.3, 5169.3, 5154.6, 5169.3, 13, 10, 9, 4
2026/3/16, 19:00:00, 5164.1, 5171.5, 5163.6, 5164.5, 7, 7, 5, 2
2026/3/16, 20:00:00, 5165.3, 5177.0, 5165.3, 5177.0, 57, 34, 0, 57
2026/3/17, 03:00:00, 5185.0, 5185.0, 5179.6, 5180.9, 11, 10, 5, 6
2026/3/17, 04:00:00, 5182.4, 5186.8, 5182.4, 5186.8, 2, 2, 0, 2
2026/3/17, 05:00:00, 5186.8, 5192.0, 5186.8, 5192.0, 2, 2, 1, 1
2026/3/17, 06:00:00, 5166.3, 5167.2, 5160.0, 5160.9, 29, 23, 14, 15
2026/3/17, 07:00:00, 5165.2, 5176.1, 5165.2, 5176.1, 8, 8, 4, 4
2026/3/17, 08:00:00, 5173.6, 5173.6, 5173.6, 5173.6, 1, 1, 0, 1
2026/3/17, 09:00:00, 5171.3, 5171.7, 5169.8, 5171.7, 8, 7, 7, 1
2026/3/17, 10:00:00, 5156.8, 5156.8, 5156.8, 5156.8, 1, 1, 1, 0
2026/3/17, 11:00:00, 5162.7, 5162.7, 5162.7, 5162.7, 1, 1, 1, 0
2026/3/17, 12:00:00, 5164.4, 5174.3, 5164.4, 5165.2, 8, 8, 6, 2
2026/3/17, 13:00:00, 5168.8, 5174.5, 5166.9, 5170.0, 11, 9, 7, 4
2026/3/17, 14:00:00, 5170.6, 5171.8, 5166.0, 5170.7, 9, 7, 5, 4
2026/3/17, 15:00:00, 5167.7, 5167.7, 5143.8, 5150.0, 18, 14, 12, 6
2026/3/17, 16:00:00, 5156.1, 5156.1, 5154.6, 5154.6, 2, 2, 0, 2
2026/3/17, 17:00:00, 5156.8, 5161.7, 5156.8, 5158.4, 6, 6, 1, 5
2026/3/17, 18:00:00, 5153.5, 5153.5, 5152.2, 5152.2, 24, 11, 24, 0
2026/3/18, 01:00:00, 5153.1, 5159.1, 5143.8, 5150.5, 9, 9, 7, 2
2026/3/18, 02:00:00, 5153.3, 5154.0, 5147.3, 5147.3, 5, 5, 3, 2
2026/3/18, 03:00:00, 5141.1, 5141.1, 5137.6, 5137.6, 2, 2, 2, 0
2026/3/18, 04:00:00, 5134.4, 5134.4, 5134.4, 5134.4, 1, 1, 1, 0
2026/3/18, 05:00:00, 5142.0, 5146.9, 5142.0, 5146.6, 3, 3, 1, 2
2026/3/18, 06:00:00, 5156.4, 5164.0, 5156.4, 5162.3, 3, 3, 0, 3
2026/3/18, 07:00:00, 5164.2, 5164.9, 5143.4, 5145.9, 11, 9, 8, 3
2026/3/18, 08:00:00, 5148.1, 5148.1, 5137.7, 5139.6, 5, 5, 1, 4
2026/3/18, 09:00:00, 5142.3, 5145.8, 5142.3, 5143.3, 5, 5, 4, 1
2026/3/18, 10:00:00, 5130.0, 5131.5, 5119.5, 5119.5, 14, 12, 12, 2
2026/3/18, 11:00:00, 5121.0, 5121.0, 5079.8, 5079.8, 19, 15, 14, 5
2026/3/18, 12:00:00, 5068.0, 5068.0, 5019.3, 5028.0, 100, 73, 61, 39
2026/3/18, 13:00:00, 5023.0, 5027.8, 4988.0, 5014.0, 105, 90, 52, 53
2026/3/18, 14:00:00, 5040.0, 5041.7, 5009.8, 5016.0, 10, 10, 2, 8
2026/3/18, 15:00:00, 5020.2, 5024.6, 5017.8, 5017.8, 5, 5, 2, 3
2026/3/18, 16:00:00, 5024.1, 5037.2, 5024.1, 5037.2, 3, 3, 0, 3
2026/3/18, 17:00:00, 5039.0, 5045.8, 5039.0, 5045.3, 45, 37, 25, 20
2026/3/18, 18:00:00, 5032.7, 5032.7, 5012.8, 5012.8, 3, 3, 3, 0
2026/3/18, 19:00:00, 5011.4, 5013.5, 4995.7, 5000.0, 10, 8, 6, 4
2026/3/18, 20:00:00, 4994.4, 4994.4, 4960.0, 4963.0, 30, 15, 27, 3
2026/3/18, 22:00:00, 4960.0, 4983.1, 4960.0, 4981.3, 13, 12, 2, 11
2026/3/19, 00:00:00, 4987.0, 4987.0, 4987.0, 4987.0, 1, 1, 1, 0
2026/3/19, 01:00:00, 4982.0, 5005.8, 4981.4, 4996.5, 6, 6, 4, 2
2026/3/19, 02:00:00, 4996.0, 5002.4, 4992.9, 5002.4, 6, 6, 1, 5
