Date, Time, Open, High, Low, Last, Volume, OpenInterest
2020/12/30, 00:00:00, 1999.5, 1999.5, 1999.5, 1999.5, 140693, 560723
2020/12/31, 00:00:00, 2001.7, 2001.7, 2001.7, 2001.7, 139954, 559736
2021/1/4, 00:00:00, 2054.4, 2054.4, 2054.4, 2054.4, 298072, 567400
2021/1/5, 00:00:00, 2062.2, 2062.2, 2062.2, 2062.2, 224810, 568888
2021/1/6, 00:00:00, 2016.5, 2016.5, 2016.5, 2016.5, 406795, 569263
2021/1/7, 00:00:00, 2020.1, 2020.1, 2020.1, 2020.1, 225059, 567167
2021/1/8, 00:00:00, 1941.5, 1941.5, 1941.5, 1941.5, 517610, 552907
2021/1/11, 00:00:00, 1955.7, 1955.7, 1955.7, 1955.7, 336654, 552545
2021/1/12, 00:00:00, 1948.5, 1948.5, 1948.5, 1948.5, 303302, 555538
2021/1/13, 00:00:00, 1958.8, 1958.8, 1958.8, 1958.8, 308142, 549650
2021/1/14, 00:00:00, 1955.3, 1955.3, 1955.3, 1955.3, 345245, 550682
2021/1/15, 00:00:00, 1932.5, 1995.0, 1932.5, 1932.5, 278274, 545692
2021/1/19, 00:00:00, 1941.0, 1941.0, 1941.0, 1941.0, 432264, 541330
2021/1/20, 00:00:00, 1966.5, 1966.5, 1966.5, 1966.5, 336215, 549213
2021/1/21, 00:00:00, 1965.5, 1965.5, 1965.5, 1965.5, 252912, 545101
2021/1/22, 00:00:00, 1953.6, 1953.6, 1953.6, 1953.6, 335956, 550154
2021/1/25, 00:00:00, 1953.0, 1953.0, 1953.0, 1953.0, 308840, 551108
2021/1/26, 00:00:00, 1949.0, 1949.0, 1949.0, 1949.0, 268547, 534574
2021/1/27, 00:00:00, 1943.0, 1943.0, 1943.0, 1943.0, 377958, 533605
2021/1/28, 00:00:00, 1934.8, 1934.8, 1934.8, 1934.8, 318646, 536272
2021/1/29, 00:00:00, 1943.0, 1943.0, 1943.0, 1943.0, 289526, 520668
2021/2/1, 00:00:00, 1955.0, 1955.0, 1955.0, 1955.0, 268270, 528264
2021/2/2, 00:00:00, 1926.6, 1926.6, 1926.6, 1926.6, 247487, 520011
2021/2/3, 00:00:00, 1930.1, 1930.1, 1930.1, 1930.1, 148128, 517087
2021/2/4, 00:00:00, 1885.9, 1885.9, 1885.9, 1885.9, 293003, 517620
2021/2/5, 00:00:00, 1908.0, 1908.0, 1908.0, 1908.0, 217048, 509688
2021/2/8, 00:00:00, 1927.4, 1927.4, 1927.4, 1927.4, 190929, 507311
2021/2/9, 00:00:00, 1931.3, 1931.3, 1931.3, 1931.3, 160771, 506741
2021/2/10, 00:00:00, 1936.5, 1936.5, 1936.5, 1936.5, 187195, 507844
2021/2/11, 00:00:00, 1920.7, 1920.7, 1920.7, 1920.7, 154533, 507564
2021/2/12, 00:00:00, 1916.6, 1916.6, 1916.6, 1916.6, 179866, 503480
2021/2/16, 00:00:00, 1892.6, 1892.6, 1892.6, 1892.6, 368024, 503016
2021/2/17, 00:00:00, 1866.2, 1866.2, 1866.2, 1866.2, 270452, 499469
2021/2/18, 00:00:00, 1868.0, 1868.0, 1868.0, 1868.0, 234685, 497175
2021/2/19, 00:00:00, 1870.3, 1870.3, 1870.3, 1870.3, 263406, 491861
2021/2/22, 00:00:00, 1952.0, 1952.0, 1952.0, 1952.0, 230908, 490532
2021/2/23, 00:00:00, 1949.5, 1949.5, 1949.5, 1949.5, 199859, 481125
2021/2/24, 00:00:00, 1942.0, 1942.0, 1942.0, 1942.0, 234163, 481238
2021/2/25, 00:00:00, 1921.9, 1921.9, 1921.9, 1921.9, 330306, 478088
2021/2/26, 00:00:00, 1876.5, 1876.5, 1876.5, 1876.5, 390324, 469135
2021/3/1, 00:00:00, 1869.5, 1869.5, 1869.5, 1869.5, 256814, 466897
2021/3/2, 00:00:00, 1880.2, 1880.2, 1880.2, 1880.2, 253531, 467008
2021/3/3, 00:00:00, 1862.5, 1862.5, 1862.5, 1862.5, 272640, 464713
2021/3/4, 00:00:00, 1847.6, 1847.6, 1847.6, 1847.6, 306711, 465045
2021/3/5, 00:00:00, 1846.2, 1846.2, 1846.2, 1846.2, 329538, 468385
2021/3/8, 00:00:00, 1824.8, 1824.8, 1824.8, 1824.8, 349815, 481626
2021/3/9, 00:00:00, 1863.2, 1863.2, 1863.2, 1863.2, 305604, 473871
2021/3/10, 00:00:00, 1867.2, 1867.2, 1867.2, 1867.2, 295487, 474272
2021/3/11, 00:00:00, 1867.2, 1867.2, 1867.2, 1867.2, 272940, 467704
2021/3/12, 00:00:00, 1863.1, 1863.1, 1863.1, 1863.1, 278106, 465966
2021/3/15, 00:00:00, 1872.8, 1872.8, 1872.8, 1872.8, 185160, 471921
2021/3/16, 00:00:00, 1874.4, 1874.4, 1874.4, 1874.4, 193824, 476467
2021/3/17, 00:00:00, 1870.2, 1870.2, 1870.2, 1870.2, 240501, 479726
2021/3/18, 00:00:00, 1876.1, 1876.1, 1876.1, 1876.1, 274763, 475979
2021/3/19, 00:00:00, 1885.3, 1885.3, 1885.3, 1885.3, 258270, 480007
2021/3/22, 00:00:00, 1882.1, 1882.1, 1882.1, 1882.1, 238873, 480002
2021/3/23, 00:00:00, 1869.2, 1869.2, 1869.2, 1869.2, 299627, 485457
2021/3/24, 00:00:00, 1876.9, 1876.9, 1876.9, 1876.9, 265484, 482386
2021/3/25, 00:00:00, 1868.8, 1868.8, 1868.8, 1868.8, 306930, 478643
2021/3/26, 00:00:00, 1875.9, 1875.9, 1875.9, 1875.9, 278869, 472428
2021/3/29, 00:00:00, 1856.1, 1856.1, 1856.1, 1856.1, 327257, 468852
2021/3/30, 00:00:00, 1827.6, 1827.6, 1827.6, 1827.6, 257799, 467321
2021/3/31, 00:00:00, 1857.2, 1857.2, 1857.2, 1857.2, 217612, 457315
2021/4/1, 00:00:00, 1869.7, 1869.7, 1869.7, 1869.7, 176780, 457942
2021/4/5, 00:00:00, 1870.6, 1870.6, 1870.6, 1870.6, 105662, 457040
2021/4/6, 00:00:00, 1884.5, 1884.5, 1884.5, 1884.5, 159676, 463353
2021/4/7, 00:00:00, 1883.0, 1883.0, 1883.0, 1883.0, 126610, 458863
2021/4/8, 00:00:00, 1900.1, 1900.1, 1900.1, 1900.1, 154276, 465854
2021/4/9, 00:00:00, 1886.7, 1886.7, 1886.7, 1886.7, 179015, 457030
2021/4/12, 00:00:00, 1874.8, 1874.8, 1874.8, 1874.8, 131855, 456940
2021/4/13, 00:00:00, 1889.8, 1889.8, 1889.8, 1889.8, 182517, 460733
2021/4/14, 00:00:00, 1878.8, 1878.8, 1878.8, 1878.8, 151776, 460935
2021/4/15, 00:00:00, 1909.5, 1909.5, 1909.5, 1909.5, 205108, 475063
2021/4/16, 00:00:00, 1922.7, 1922.7, 1922.7, 1922.7, 178459, 476297
2021/4/19, 00:00:00, 1913.3, 1913.3, 1913.3, 1913.3, 185899, 473316
2021/4/20, 00:00:00, 1921.1, 1921.1, 1921.1, 1921.1, 175064, 471738
2021/4/21, 00:00:00, 1936.1, 1936.1, 1936.1, 1936.1, 179137, 479339
2021/4/22, 00:00:00, 1924.8, 1924.8, 1924.8, 1924.8, 167466, 475657
2021/4/23, 00:00:00, 1920.2, 1920.2, 1920.2, 1920.2, 184742, 476596
2021/4/26, 00:00:00, 1922.7, 1922.7, 1922.7, 1922.7, 150471, 474325
2021/4/27, 00:00:00, 1921.5, 1921.5, 1921.5, 1921.5, 158608, 473305
2021/4/28, 00:00:00, 1916.6, 1916.6, 1916.6, 1916.6, 206820, 465426
2021/4/29, 00:00:00, 1907.9, 1907.9, 1907.9, 1907.9, 243599, 462043
2021/4/30, 00:00:00, 1907.4, 1907.4, 1907.4, 1907.4, 186785, 464460
2021/5/3, 00:00:00, 1933.1, 1933.1, 1933.1, 1933.1, 216342, 475373
2021/5/4, 00:00:00, 1917.6, 1917.6, 1917.6, 1917.6, 260620, 470341
2021/5/5, 00:00:00, 1926.0, 1926.0, 1926.0, 1926.0, 202158, 467676
2021/5/6, 00:00:00, 1957.0, 1957.0, 1957.0, 1957.0, 321744, 487634
2021/5/7, 00:00:00, 1972.5, 1972.5, 1972.5, 1972.5, 402147, 496245
2021/5/10, 00:00:00, 1978.9, 1978.9, 1978.9, 1978.9, 343490, 513534
2021/5/11, 00:00:00, 1977.3, 1977.3, 1977.3, 1977.3, 391543, 498693
2021/5/12, 00:00:00, 1964.0, 1964.0, 1964.0, 1964.0, 404302, 498011
2021/5/13, 00:00:00, 1965.3, 1965.3, 1965.3, 1965.3, 298197, 504532
2021/5/14, 00:00:00, 1979.6, 1979.6, 1979.6, 1979.6, 252859, 513179
2021/5/17, 00:00:00, 2008.0, 2008.0, 2008.0, 2008.0, 319316, 526584
2021/5/18, 00:00:00, 2008.6, 2008.6, 2008.6, 2008.6, 283460, 520410
2021/5/19, 00:00:00, 2022.0, 2022.0, 2022.0, 2022.0, 467008, 525142
2021/5/20, 00:00:00, 2022.4, 2022.4, 2022.4, 2022.4, 274948, 529419
2021/5/21, 00:00:00, 2017.9, 2017.9, 2017.9, 2017.9, 296103, 533343
2021/5/24, 00:00:00, 2029.7, 2029.7, 2029.7, 2029.7, 246252, 530882
2021/5/25, 00:00:00, 2040.7, 2040.7, 2040.7, 2040.7, 507031, 510164
2021/5/26, 00:00:00, 2044.1, 2044.1, 2044.1, 2044.1, 359049, 506481
2021/5/27, 00:00:00, 2039.7, 2039.7, 2039.7, 2039.7, 256286, 506340
2021/5/28, 00:00:00, 2045.9, 2045.9, 2045.9, 2045.9, 207979, 496234
2021/6/1, 00:00:00, 2045.6, 2045.6, 2045.6, 2045.6, 300492, 489198
2021/6/2, 00:00:00, 2050.5, 2050.5, 2050.5, 2050.5, 173567, 493336
2021/6/3, 00:00:00, 2013.9, 2013.9, 2013.9, 2013.9, 290459, 487652
2021/6/4, 00:00:00, 2032.4, 2032.4, 2032.4, 2032.4, 239485, 486369
2021/6/7, 00:00:00, 2039.0, 2039.0, 2039.0, 2039.0, 152823, 491649
2021/6/8, 00:00:00, 2034.1, 2034.1, 2034.1, 2034.1, 182958, 491858
2021/6/9, 00:00:00, 2035.0, 2035.0, 2035.0, 2035.0, 151996, 493438
2021/6/10, 00:00:00, 2035.6, 2035.6, 2035.6, 2035.6, 262515, 496985
2021/6/11, 00:00:00, 2018.5, 2018.5, 2018.5, 2018.5, 229898, 492207
2021/6/14, 00:00:00, 2003.8, 2003.8, 2003.8, 2003.8, 251070, 482028
2021/6/15, 00:00:00, 1994.4, 1994.4, 1994.4, 1994.4, 158656, 480127
2021/6/16, 00:00:00, 1999.4, 1999.4, 1999.4, 1999.4, 242633, 479558
2021/6/17, 00:00:00, 1912.8, 1912.8, 1912.8, 1912.8, 402120, 476313
2021/6/18, 00:00:00, 1907.5, 1907.5, 1907.5, 1907.5, 272551, 466106
2021/6/21, 00:00:00, 1921.3, 1921.3, 1921.3, 1921.3, 200758, 458770
2021/6/22, 00:00:00, 1915.4, 1915.4, 1915.4, 1915.4, 177125, 453940
2021/6/23, 00:00:00, 1921.6, 1921.6, 1921.6, 1921.6, 184849, 453502
2021/6/24, 00:00:00, 1915.0, 1915.0, 1915.0, 1915.0, 157046, 449729
2021/6/25, 00:00:00, 1915.8, 1915.8, 1915.8, 1915.8, 167368, 450374
2021/6/28, 00:00:00, 1918.6, 1918.6, 1918.6, 1918.6, 166805, 449666
2021/6/29, 00:00:00, 1901.5, 1901.5, 1901.5, 1901.5, 250470, 453360
2021/6/30, 00:00:00, 1909.9, 1909.9, 1909.9, 1909.9, 184391, 455621
2021/7/1, 00:00:00, 1915.1, 1915.1, 1915.1, 1915.1, 179935, 454631
2021/7/2, 00:00:00, 1921.9, 1921.9, 1921.9, 1921.9, 215724, 462183
2021/7/6, 00:00:00, 1932.5, 1932.5, 1932.5, 1932.5, 292726, 465811
2021/7/7, 00:00:00, 1940.7, 1940.7, 1940.7, 1940.7, 185284, 466253
2021/7/8, 00:00:00, 1938.5, 1938.5, 1938.5, 1938.5, 294317, 470743
2021/7/9, 00:00:00, 1949.5, 1949.5, 1949.5, 1949.5, 242532, 476693
2021/7/12, 00:00:00, 1944.7, 1944.7, 1944.7, 1944.7, 256919, 483541
2021/7/13, 00:00:00, 1949.2, 1949.2, 1949.2, 1949.2, 300955, 495798
2021/7/14, 00:00:00, 1964.5, 1964.5, 1964.5, 1964.5, 291567, 499915
2021/7/15, 00:00:00, 1968.3, 1968.3, 1968.3, 1968.3, 215334, 495011
2021/7/16, 00:00:00, 1954.4, 1954.4, 1954.4, 1954.4, 206567, 489757
2021/7/19, 00:00:00, 1948.2, 1948.2, 1948.2, 1948.2, 317352, 487969
2021/7/20, 00:00:00, 1950.0, 1950.0, 1950.0, 1950.0, 266086, 490520
2021/7/21, 00:00:00, 1942.0, 1942.0, 1942.0, 1942.0, 290409, 502760
2021/7/22, 00:00:00, 1944.2, 1944.2, 1944.2, 1944.2, 254631, 516507
2021/7/23, 00:00:00, 1940.3, 1940.3, 1940.3, 1940.3, 339458, 516553
2021/7/26, 00:00:00, 1937.9, 1937.9, 1937.9, 1937.9, 301150, 517197
2021/7/27, 00:00:00, 1938.2, 1938.2, 1938.2, 1938.2, 267889, 500187
2021/7/28, 00:00:00, 1939.0, 1939.0, 1939.0, 1939.0, 442978, 492219
2021/7/29, 00:00:00, 1970.3, 1970.3, 1970.3, 1970.3, 268755, 510480
2021/7/30, 00:00:00, 1951.5, 1951.5, 1951.5, 1951.5, 172578, 488404
2021/8/2, 00:00:00, 1956.5, 1956.5, 1956.5, 1956.5, 170321, 484385
2021/8/3, 00:00:00, 1948.9, 1948.9, 1948.9, 1948.9, 114034, 485663
2021/8/4, 00:00:00, 1949.2, 1949.2, 1949.2, 1949.2, 262266, 490706
2021/8/5, 00:00:00, 1944.2, 1944.2, 1944.2, 1944.2, 181744, 488674
2021/8/6, 00:00:00, 1899.1, 1899.1, 1899.1, 1899.1, 349720, 484959
2021/8/9, 00:00:00, 1862.4, 1862.4, 1862.4, 1862.4, 316824, 477334
2021/8/10, 00:00:00, 1867.8, 1867.8, 1867.8, 1867.8, 200876, 477232
2021/8/11, 00:00:00, 1889.7, 1889.7, 1889.7, 1889.7, 197749, 475719
2021/8/12, 00:00:00, 1888.2, 1888.2, 1888.2, 1888.2, 145600, 476469
2021/8/13, 00:00:00, 1914.0, 1914.0, 1914.0, 1914.0, 155324, 476580
2021/8/16, 00:00:00, 1926.0, 1926.0, 1926.0, 1926.0, 144466, 481640
2021/8/17, 00:00:00, 1923.0, 1923.0, 1923.0, 1923.0, 156397, 485485
2021/8/18, 00:00:00, 1919.6, 1919.6, 1919.6, 1919.6, 139796, 487593
2021/8/19, 00:00:00, 1918.0, 1918.0, 1918.0, 1918.0, 159203, 492087
2021/8/20, 00:00:00, 1918.6, 1918.6, 1918.6, 1918.6, 114239, 495636
2021/8/23, 00:00:00, 1940.8, 1940.8, 1940.8, 1940.8, 166029, 504452
2021/8/24, 00:00:00, 1942.8, 1942.8, 1942.8, 1942.8, 121038, 504735
2021/8/25, 00:00:00, 1925.3, 1925.3, 1925.3, 1925.3, 172572, 498900
2021/8/26, 00:00:00, 1929.7, 1929.7, 1929.7, 1929.7, 141495, 495542
2021/8/27, 00:00:00, 1954.0, 1954.0, 1954.0, 1954.0, 215062, 506081
2021/8/30, 00:00:00, 1946.7, 1946.7, 1946.7, 1946.7, 109013, 503249
2021/8/31, 00:00:00, 1952.6, 1952.6, 1952.6, 1952.6, 176915, 507113
2021/9/1, 00:00:00, 1950.4, 1950.4, 1950.4, 1950.4, 150037, 505362
2021/9/2, 00:00:00, 1942.1, 1942.1, 1942.1, 1942.1, 120855, 504805
2021/9/3, 00:00:00, 1964.1, 1964.1, 1964.1, 1964.1, 195831, 513213
2021/9/7, 00:00:00, 1929.0, 1929.0, 1929.0, 1929.0, 267666, 506772
2021/9/8, 00:00:00, 1924.1, 1924.1, 1924.1, 1924.1, 169914, 503186
2021/9/9, 00:00:00, 1930.6, 1930.6, 1930.6, 1930.6, 170082, 504278
2021/9/10, 00:00:00, 1922.8, 1922.8, 1922.8, 1922.8, 143963, 503195
2021/9/13, 00:00:00, 1925.1, 1925.1, 1925.1, 1925.1, 125785, 503831
2021/9/14, 00:00:00, 1937.8, 1937.8, 1937.8, 1937.8, 209182, 506356
2021/9/15, 00:00:00, 1925.4, 1925.4, 1925.4, 1925.4, 144883, 503019
2021/9/16, 00:00:00, 1887.2, 1887.2, 1887.2, 1887.2, 272613, 505193
2021/9/17, 00:00:00, 1881.6, 1881.6, 1881.6, 1881.6, 198614, 504089
2021/9/20, 00:00:00, 1894.2, 1894.2, 1894.2, 1894.2, 161323, 497043
2021/9/21, 00:00:00, 1908.8, 1908.8, 1908.8, 1908.8, 159454, 492765
2021/9/22, 00:00:00, 1909.3, 1909.3, 1909.3, 1909.3, 182893, 494617
2021/9/23, 00:00:00, 1880.1, 1880.1, 1880.1, 1880.1, 241928, 498037
2021/9/24, 00:00:00, 1881.9, 1881.9, 1881.9, 1881.9, 164489, 498005
2021/9/27, 00:00:00, 1882.2, 1882.2, 1882.2, 1882.2, 152577, 496277
2021/9/28, 00:00:00, 1867.7, 1867.7, 1867.7, 1867.7, 236541, 490348
2021/9/29, 00:00:00, 1852.9, 1852.9, 1852.9, 1852.9, 188787, 491249
2021/9/30, 00:00:00, 1886.0, 1886.0, 1886.0, 1886.0, 268485, 487410
2021/10/1, 00:00:00, 1887.7, 1887.7, 1887.7, 1887.7, 161742, 483612
2021/10/4, 00:00:00, 1896.6, 1896.6, 1896.6, 1896.6, 171511, 485690
2021/10/5, 00:00:00, 1890.4, 1890.4, 1890.4, 1890.4, 159848, 483789
2021/10/6, 00:00:00, 1891.1, 1891.1, 1891.1, 1891.1, 165783, 487173
2021/10/7, 00:00:00, 1889.3, 1889.3, 1889.3, 1889.3, 158831, 484698
2021/10/8, 00:00:00, 1887.7, 1887.7, 1887.7, 1887.7, 256342, 485221
2021/10/11, 00:00:00, 1886.2, 1886.2, 1886.2, 1886.2, 124795, 485559
2021/10/12, 00:00:00, 1889.7, 1889.7, 1889.7, 1889.7, 178995, 484382
2021/10/13, 00:00:00, 1925.9, 1925.9, 1925.9, 1925.9, 313621, 500815
2021/10/14, 00:00:00, 1928.7, 1928.7, 1928.7, 1928.7, 171357, 501347
2021/10/15, 00:00:00, 1899.1, 1899.1, 1899.1, 1899.1, 210624, 487802
2021/10/18, 00:00:00, 1896.8, 1896.8, 1896.8, 1896.8, 159466, 484589
2021/10/19, 00:00:00, 1901.7, 1901.7, 1901.7, 1901.7, 170060, 485974
2021/10/20, 00:00:00, 1915.7, 1915.7, 1915.7, 1915.7, 183451, 487107
2021/10/21, 00:00:00, 1913.0, 1913.0, 1913.0, 1913.0, 141008, 486749
2021/10/22, 00:00:00, 1927.6, 1927.6, 1927.6, 1927.6, 329857, 506408
2021/10/25, 00:00:00, 1937.8, 1937.8, 1937.8, 1937.8, 164006, 516389
2021/10/26, 00:00:00, 1924.4, 1924.4, 1924.4, 1924.4, 203467, 509794
2021/10/27, 00:00:00, 1930.0, 1930.0, 1930.0, 1930.0, 188397, 509082
2021/10/28, 00:00:00, 1933.5, 1933.5, 1933.5, 1933.5, 237820, 516970
2021/10/29, 00:00:00, 1914.9, 1914.9, 1914.9, 1914.9, 267998, 504956
2021/11/1, 00:00:00, 1926.0, 1926.0, 1926.0, 1926.0, 162359, 510201
2021/11/2, 00:00:00, 1919.5, 1919.5, 1919.5, 1919.5, 156037, 507616
2021/11/3, 00:00:00, 1893.7, 1893.7, 1893.7, 1893.7, 269283, 507314
2021/11/4, 00:00:00, 1923.5, 1923.5, 1923.5, 1923.5, 237659, 511333
2021/11/5, 00:00:00, 1947.0, 1947.0, 1947.0, 1947.0, 357468, 542149
2021/11/8, 00:00:00, 1958.3, 1958.3, 1958.3, 1958.3, 249537, 561324
2021/11/9, 00:00:00, 1961.0, 1961.0, 1961.0, 1961.0, 293208, 571025
2021/11/10, 00:00:00, 1979.0, 1979.0, 1979.0, 1979.0, 443464, 593911
2021/11/11, 00:00:00, 1994.3, 1994.3, 1994.3, 1994.3, 263532, 606890
2021/11/12, 00:00:00, 1998.8, 1998.8, 1998.8, 1998.8, 235318, 610797
2021/11/15, 00:00:00, 1997.2, 1997.2, 1997.2, 1997.2, 323500, 610136
2021/11/16, 00:00:00, 1985.1, 1985.1, 1985.1, 1985.1, 252151, 612612
2021/11/17, 00:00:00, 2001.1, 2001.1, 2001.1, 2001.1, 212712, 620113
2021/11/18, 00:00:00, 1992.2, 1992.2, 1992.2, 1992.2, 244405, 618299
2021/11/19, 00:00:00, 1982.3, 1982.3, 1982.3, 1982.3, 303727, 611282
2021/11/22, 00:00:00, 1937.5, 1937.5, 1937.5, 1937.5, 510668, 577014
2021/11/23, 00:00:00, 1915.0, 1915.0, 1915.0, 1915.0, 475715, 559823
2021/11/24, 00:00:00, 1915.8, 1915.8, 1915.8, 1915.8, 316096, 554014
2021/11/26, 00:00:00, 1916.2, 1916.2, 1916.2, 1916.2, 381810, 557049
2021/11/29, 00:00:00, 1913.5, 1913.5, 1913.5, 1913.5, 186392, 544978
2021/11/30, 00:00:00, 1904.8, 1904.8, 1904.8, 1904.8, 255488, 531868
2021/12/1, 00:00:00, 1913.6, 1913.6, 1913.6, 1913.6, 189277, 522963
2021/12/2, 00:00:00, 1891.9, 1891.9, 1891.9, 1891.9, 182943, 502300
2021/12/3, 00:00:00, 1912.9, 1912.9, 1912.9, 1912.9, 186117, 500763
2021/12/6, 00:00:00, 1908.9, 1908.9, 1908.9, 1908.9, 111173, 499806
2021/12/7, 00:00:00, 1914.5, 1914.5, 1914.5, 1914.5, 141224, 499307
2021/12/8, 00:00:00, 1915.6, 1915.6, 1915.6, 1915.6, 118993, 499951
2021/12/9, 00:00:00, 1907.2, 1907.2, 1907.2, 1907.2, 134501, 499568
2021/12/10, 00:00:00, 1915.4, 1915.4, 1915.4, 1915.4, 156259, 501269
2021/12/13, 00:00:00, 1919.8, 1919.8, 1919.8, 1919.8, 120540, 505001
2021/12/14, 00:00:00, 1904.5, 1904.5, 1904.5, 1904.5, 163163, 503709
2021/12/15, 00:00:00, 1896.7, 1896.7, 1896.7, 1896.7, 166196, 503969
2021/12/16, 00:00:00, 1929.9, 1929.9, 1929.9, 1929.9, 178451, 507338
2021/12/17, 00:00:00, 1936.4, 1936.4, 1936.4, 1936.4, 168244, 506187
2021/12/20, 00:00:00, 1926.1, 1926.1, 1926.1, 1926.1, 110922, 502006
2021/12/21, 00:00:00, 1921.0, 1921.0, 1921.0, 1921.0, 142141, 500846
2021/12/22, 00:00:00, 1934.2, 1934.2, 1934.2, 1934.2, 115272, 502604
2021/12/23, 00:00:00, 1943.7, 1943.7, 1943.7, 1943.7, 110245, 506258
2021/12/27, 00:00:00, 1941.0, 1941.0, 1941.0, 1941.0, 88822, 506541
2021/12/28, 00:00:00, 1943.1, 1943.1, 1943.1, 1943.1, 104515, 508912
2021/12/29, 00:00:00, 1938.5, 1938.5, 1938.5, 1938.5, 143620, 504953
2021/12/30, 00:00:00, 1947.0, 1947.0, 1947.0, 1947.0, 123694, 508368
2021/12/31, 00:00:00, 1961.8, 1961.8, 1961.8, 1961.8, 117017, 512591
2022/1/3, 00:00:00, 1939.0, 1939.0, 1933.0, 1933.0, 181881, 507899
2022/1/4, 00:00:00, 1947.7, 1947.7, 1947.7, 1947.7, 186805, 502717
2022/1/5, 00:00:00, 1957.6, 1957.6, 1957.6, 1957.6, 201886, 510855
2022/1/6, 00:00:00, 1921.5, 1921.5, 1921.5, 1921.5, 281772, 517853
2022/1/7, 00:00:00, 1929.7, 1929.7, 1929.7, 1929.7, 329226, 517581
2022/1/10, 00:00:00, 1931.5, 1931.5, 1931.5, 1931.5, 224695, 526222
2022/1/11, 00:00:00, 1950.8, 1950.8, 1950.8, 1950.8, 240356, 546516
2022/1/12, 00:00:00, 1960.1, 1960.1, 1960.1, 1960.1, 252095, 547111
2022/1/13, 00:00:00, 1954.4, 1954.4, 1954.4, 1954.4, 316909, 531871
2022/1/14, 00:00:00, 1949.8, 1949.8, 1949.8, 1949.8, 206619, 536051
2022/1/18, 00:00:00, 1947.3, 1947.3, 1947.3, 1947.3, 485006, 539204
2022/1/19, 00:00:00, 1978.3, 1978.3, 1978.3, 1978.3, 416378, 552606
2022/1/20, 00:00:00, 1978.0, 1978.0, 1978.0, 1978.0, 325118, 559048
2022/1/21, 00:00:00, 1967.1, 1967.1, 1967.1, 1967.1, 299674, 553896
2022/1/24, 00:00:00, 1977.3, 1977.3, 1977.3, 1977.3, 353554, 557626
2022/1/25, 00:00:00, 1988.3, 1988.3, 1988.3, 1988.3, 282499, 572078
2022/1/26, 00:00:00, 1965.4, 1965.4, 1965.4, 1965.4, 441185, 553207
2022/1/27, 00:00:00, 1931.0, 1931.0, 1931.0, 1931.0, 422930, 541707
2022/1/28, 00:00:00, 1923.5, 1923.5, 1923.5, 1923.5, 258435, 527601
2022/1/31, 00:00:00, 1934.3, 1934.3, 1934.3, 1934.3, 153315, 522502
2022/2/1, 00:00:00, 1939.3, 1939.3, 1939.3, 1939.3, 138604, 515331
2022/2/2, 00:00:00, 1947.9, 1947.9, 1947.9, 1947.9, 130391, 512349
2022/2/3, 00:00:00, 1942.9, 1942.9, 1942.9, 1942.9, 180150, 509989
2022/2/4, 00:00:00, 1948.5, 1948.5, 1948.5, 1948.5, 192881, 508423
2022/2/7, 00:00:00, 1961.9, 1961.9, 1961.9, 1961.9, 151795, 509402
2022/2/8, 00:00:00, 1968.9, 1968.9, 1968.9, 1968.9, 159155, 512842
2022/2/9, 00:00:00, 1977.7, 1977.7, 1977.7, 1977.7, 147663, 520626
2022/2/10, 00:00:00, 1982.7, 1982.7, 1982.7, 1982.7, 250188, 530507
2022/2/11, 00:00:00, 1989.1, 1989.1, 1989.1, 1989.1, 255136, 545836
2022/2/14, 00:00:00, 2017.5, 2017.5, 2017.5, 2017.5, 242907, 560182
2022/2/15, 00:00:00, 2003.5, 2003.5, 2003.5, 2003.5, 224600, 558645
2022/2/16, 00:00:00, 2017.9, 2017.9, 2017.9, 2017.9, 149951, 567282
2022/2/17, 00:00:00, 2047.5, 2047.5, 2047.5, 2047.5, 282759, 596773
2022/2/18, 00:00:00, 2045.1, 2045.1, 2045.1, 2045.1, 168624, 602228
2022/2/22, 00:00:00, 2052.0, 2065.8, 2052.0, 2052.0, 358372, 611488
2022/2/23, 00:00:00, 2054.7, 2054.7, 2054.7, 2054.7, 168191, 618186
2022/2/24, 00:00:00, 2069.2, 2069.2, 2069.2, 2069.2, 454883, 611923
2022/2/25, 00:00:00, 2031.2, 2031.2, 2031.2, 2031.2, 242840, 605244
2022/2/28, 00:00:00, 2043.0, 2043.0, 2043.0, 2043.0, 262151, 603287
2022/3/1, 00:00:00, 2085.1, 2085.1, 2085.1, 2085.1, 236486, 615600
2022/3/2, 00:00:00, 2065.5, 2065.5, 2065.5, 2065.5, 244052, 612827
2022/3/3, 00:00:00, 2080.3, 2080.3, 2080.3, 2080.3, 199153, 617053
2022/3/4, 00:00:00, 2110.6, 2110.6, 2110.6, 2110.6, 256899, 633697
2022/3/7, 00:00:00, 2138.8, 2138.8, 2138.8, 2138.8, 460043, 645711
2022/3/8, 00:00:00, 2186.1, 2186.1, 2186.1, 2186.1, 531223, 638502
2022/3/9, 00:00:00, 2131.7, 2131.7, 2131.7, 2131.7, 431330, 641975
2022/3/10, 00:00:00, 2146.4, 2146.4, 2146.4, 2146.4, 403955, 619721
2022/3/11, 00:00:00, 2131.3, 2131.3, 2131.3, 2131.3, 360060, 633725
2022/3/14, 00:00:00, 2107.7, 2107.7, 2107.7, 2107.7, 189426, 624775
2022/3/15, 00:00:00, 2076.3, 2076.3, 2076.3, 2076.3, 276340, 617605
2022/3/16, 00:00:00, 2056.4, 2056.4, 2056.4, 2056.4, 242225, 613890
2022/3/17, 00:00:00, 2092.4, 2092.4, 2092.4, 2092.4, 190968, 612766
2022/3/18, 00:00:00, 2079.7, 2079.7, 2079.7, 2079.7, 195696, 610101
2022/3/21, 00:00:00, 2083.4, 2083.4, 2083.4, 2083.4, 203295, 610889
2022/3/22, 00:00:00, 2078.6, 2078.6, 2078.6, 2078.6, 207806, 605191
2022/3/23, 00:00:00, 2096.0, 2096.0, 2096.0, 2096.0, 216411, 608085
2022/3/24, 00:00:00, 2126.6, 2126.6, 2126.6, 2126.6, 259726, 608575
2022/3/25, 00:00:00, 2122.8, 2122.8, 2122.8, 2122.8, 219900, 607974
2022/3/28, 00:00:00, 2110.1, 2110.1, 2110.1, 2110.1, 296950, 587080
2022/3/29, 00:00:00, 2082.5, 2082.5, 2082.5, 2082.5, 355055, 574488
2022/3/30, 00:00:00, 2102.8, 2102.8, 2102.8, 2102.8, 162315, 579110
2022/3/31, 00:00:00, 2119.0, 2119.0, 2119.0, 2119.0, 171603, 569969
2022/4/1, 00:00:00, 2090.1, 2090.1, 2090.1, 2090.1, 140631, 565115
2022/4/4, 00:00:00, 2101.4, 2101.4, 2101.4, 2101.4, 115377, 560605
2022/4/5, 00:00:00, 2101.7, 2101.7, 2101.7, 2101.7, 155356, 560666
2022/4/6, 00:00:00, 2097.6, 2097.6, 2097.6, 2097.6, 161774, 562357
2022/4/7, 00:00:00, 2112.7, 2112.7, 2112.7, 2112.7, 135121, 563771
2022/4/8, 00:00:00, 2120.8, 2120.8, 2120.8, 2120.8, 155341, 569443
2022/4/11, 00:00:00, 2124.9, 2124.9, 2124.9, 2124.9, 194489, 570795
2022/4/12, 00:00:00, 2162.7, 2162.7, 2162.7, 2162.7, 188023, 577639
2022/4/13, 00:00:00, 2171.5, 2171.5, 2171.5, 2171.5, 147601, 579030
2022/4/14, 00:00:00, 2162.0, 2162.0, 2162.0, 2162.0, 144178, 575296
2022/4/18, 00:00:00, 2174.6, 2174.6, 2174.6, 2174.6, 141268, 579612
2022/4/19, 00:00:00, 2147.7, 2147.7, 2147.7, 2147.7, 190156, 575202
2022/4/20, 00:00:00, 2145.5, 2145.5, 2145.5, 2145.5, 149816, 572326
2022/4/21, 00:00:00, 2140.3, 2140.3, 2140.3, 2140.3, 170001, 569941
2022/4/22, 00:00:00, 2127.6, 2127.6, 2127.6, 2127.6, 192043, 568150
2022/4/25, 00:00:00, 2087.6, 2087.6, 2087.6, 2087.6, 255512, 556876
2022/4/26, 00:00:00, 2095.4, 2095.4, 2095.4, 2095.4, 178584, 557785
2022/4/27, 00:00:00, 2079.9, 2079.9, 2079.9, 2079.9, 191138, 554935
2022/4/28, 00:00:00, 2083.0, 2083.0, 2083.0, 2083.0, 180666, 558777
2022/4/29, 00:00:00, 2104.1, 2104.1, 2104.1, 2104.1, 188075, 561272
2022/5/2, 00:00:00, 2056.9, 2056.9, 2056.9, 2056.9, 205342, 560166
2022/5/3, 00:00:00, 2064.5, 2064.5, 2064.5, 2064.5, 199788, 560441
2022/5/4, 00:00:00, 2063.6, 2063.6, 2063.6, 2063.6, 192767, 568986
2022/5/5, 00:00:00, 2069.8, 2069.8, 2069.8, 2069.8, 249526, 573773
2022/5/6, 00:00:00, 2076.9, 2076.9, 2076.9, 2076.9, 253851, 554662
2022/5/9, 00:00:00, 2051.9, 2051.9, 2051.9, 2051.9, 295347, 553131
2022/5/10, 00:00:00, 2034.1, 2034.1, 2034.1, 2034.1, 361945, 571447
2022/5/11, 00:00:00, 2047.8, 2047.8, 2047.8, 2047.8, 309189, 574663
2022/5/12, 00:00:00, 2018.8, 2018.8, 2018.8, 2018.8, 332691, 573045
2022/5/13, 00:00:00, 2001.8, 2001.8, 2001.8, 2001.8, 205090, 566403
2022/5/16, 00:00:00, 2007.4, 2007.4, 2007.4, 2007.4, 189792, 557303
2022/5/17, 00:00:00, 2012.9, 2012.9, 2012.9, 2012.9, 167076, 555756
2022/5/18, 00:00:00, 2010.1, 2010.1, 2010.1, 2010.1, 193412, 551158
2022/5/19, 00:00:00, 2035.0, 2035.0, 2035.0, 2035.0, 218843, 548595
2022/5/20, 00:00:00, 2035.3, 2035.3, 2035.3, 2035.3, 189315, 542132
2022/5/23, 00:00:00, 2040.3, 2040.3, 2040.3, 2040.3, 230385, 540034
2022/5/24, 00:00:00, 2057.6, 2057.6, 2057.6, 2057.6, 257307, 530098
2022/5/25, 00:00:00, 2038.9, 2038.9, 2038.9, 2038.9, 288065, 526060
2022/5/26, 00:00:00, 2040.0, 2040.0, 2040.0, 2040.0, 221915, 523288
2022/5/27, 00:00:00, 2043.8, 2043.8, 2043.8, 2043.8, 159080, 519723
2022/5/31, 00:00:00, 2035.5, 2035.5, 2035.5, 2035.5, 215795, 513722
2022/6/1, 00:00:00, 2037.1, 2037.1, 2037.1, 2037.1, 164991, 505854
2022/6/2, 00:00:00, 2060.0, 2060.0, 2060.0, 2060.0, 134599, 511320
2022/6/3, 00:00:00, 2039.2, 2039.2, 2039.2, 2039.2, 120680, 498442
2022/6/6, 00:00:00, 2033.7, 2033.7, 2033.7, 2033.7, 112034, 495816
2022/6/7, 00:00:00, 2043.1, 2043.1, 2043.1, 2043.1, 128879, 494130
2022/6/8, 00:00:00, 2050.0, 2050.0, 2050.0, 2050.0, 132428, 497300
2022/6/9, 00:00:00, 2049.8, 2049.8, 2049.8, 2049.8, 142324, 494698
2022/6/10, 00:00:00, 2083.1, 2083.1, 2083.1, 2083.1, 283420, 509575
2022/6/13, 00:00:00, 2150.0, 2150.0, 2042.2, 2042.2, 270314, 499867
2022/6/14, 00:00:00, 2026.2, 2026.2, 2026.2, 2026.2, 181703, 497456
2022/6/15, 00:00:00, 2032.2, 2032.2, 2032.2, 2032.2, 215239, 492113
2022/6/16, 00:00:00, 2064.8, 2064.8, 2064.8, 2064.8, 188634, 495256
2022/6/17, 00:00:00, 2056.3, 2056.3, 2056.3, 2056.3, 147432, 497815
2022/6/21, 00:00:00, 2054.5, 2054.5, 2054.5, 2054.5, 188107, 500276
2022/6/22, 00:00:00, 2052.2, 2052.2, 2052.2, 2052.2, 160002, 499268
2022/6/23, 00:00:00, 2042.7, 2042.7, 2042.7, 2042.7, 176400, 501673
2022/6/24, 00:00:00, 2042.8, 2042.8, 2042.8, 2042.8, 150407, 496958
2022/6/27, 00:00:00, 2038.4, 2038.4, 2038.4, 2038.4, 156728, 498031
2022/6/28, 00:00:00, 2035.8, 2035.8, 2035.8, 2035.8, 122037, 496869
2022/6/29, 00:00:00, 2031.3, 2031.3, 2031.3, 2031.3, 167795, 498299
2022/6/30, 00:00:00, 2019.9, 2019.9, 2019.9, 2019.9, 230782, 495832
2022/7/1, 00:00:00, 2011.7, 2011.7, 2011.7, 2011.7, 299174, 494664
2022/7/5, 00:00:00, 1970.0, 1970.0, 1970.0, 1970.0, 369301, 498210
2022/7/6, 00:00:00, 1937.4, 1937.4, 1937.4, 1937.4, 334627, 501234
2022/7/7, 00:00:00, 1941.1, 1941.1, 1941.1, 1941.1, 179026, 494996
2022/7/8, 00:00:00, 1945.0, 1945.0, 1945.0, 1945.0, 247080, 500451
2022/7/11, 00:00:00, 1935.2, 1935.2, 1935.2, 1935.2, 245877, 517246
2022/7/12, 00:00:00, 1928.1, 1928.1, 1928.1, 1928.1, 389319, 542493
2022/7/13, 00:00:00, 1939.6, 1939.6, 1939.6, 1939.6, 408347, 535552
2022/7/14, 00:00:00, 1910.6, 1910.6, 1910.6, 1910.6, 339734, 552130
2022/7/15, 00:00:00, 1906.5, 1906.5, 1906.5, 1906.5, 204724, 546081
2022/7/18, 00:00:00, 1917.7, 1917.7, 1917.7, 1917.7, 203349, 531752
2022/7/19, 00:00:00, 1916.7, 1916.7, 1916.7, 1916.7, 164536, 524786
2022/7/20, 00:00:00, 1905.6, 1905.6, 1905.6, 1905.6, 229808, 528655
2022/7/21, 00:00:00, 1918.7, 1918.7, 1918.7, 1918.7, 317648, 518984
2022/7/22, 00:00:00, 1931.9, 1931.9, 1931.9, 1931.9, 284565, 509399
2022/7/25, 00:00:00, 1923.8, 1923.8, 1923.8, 1923.8, 245115, 502738
2022/7/26, 00:00:00, 1921.4, 1921.4, 1921.4, 1921.4, 246463, 487515
2022/7/27, 00:00:00, 1923.0, 1923.0, 1923.0, 1923.0, 282936, 482469
2022/7/28, 00:00:00, 1953.7, 1953.7, 1953.7, 1953.7, 253702, 485668
2022/7/29, 00:00:00, 1966.8, 1966.8, 1966.8, 1966.8, 155548, 466838
2022/8/1, 00:00:00, 1973.6, 1973.6, 1973.6, 1973.6, 144999, 462770
2022/8/2, 00:00:00, 1977.6, 1977.6, 1977.6, 1977.6, 190757, 459649
2022/8/3, 00:00:00, 1966.8, 1966.8, 1966.8, 1966.8, 170107, 459160
2022/8/4, 00:00:00, 1996.8, 1996.8, 1996.8, 1996.8, 169237, 461339
2022/8/5, 00:00:00, 1983.5, 1983.5, 1983.5, 1983.5, 182564, 454081
2022/8/8, 00:00:00, 1998.8, 1998.8, 1998.8, 1998.8, 112862, 455315
2022/8/9, 00:00:00, 2006.4, 2006.4, 2006.4, 2006.4, 132391, 453540
2022/8/10, 00:00:00, 2006.6, 2006.6, 2006.6, 2006.6, 172247, 455997
2022/8/11, 00:00:00, 2000.6, 2000.6, 2000.6, 2000.6, 131831, 457982
2022/8/12, 00:00:00, 2009.0, 2009.0, 2009.0, 2009.0, 127304, 458933
2022/8/15, 00:00:00, 1991.7, 1991.7, 1991.7, 1991.7, 145199, 455656
2022/8/16, 00:00:00, 1983.0, 1983.0, 1983.0, 1983.0, 100614, 453960
2022/8/17, 00:00:00, 1970.2, 1970.2, 1970.2, 1970.2, 144897, 456339
2022/8/18, 00:00:00, 1965.2, 1965.2, 1965.2, 1965.2, 130177, 456855
2022/8/19, 00:00:00, 1957.1, 1957.1, 1957.1, 1957.1, 148081, 458131
2022/8/22, 00:00:00, 1942.5, 1942.5, 1942.5, 1942.5, 153908, 457457
2022/8/23, 00:00:00, 1956.2, 1956.2, 1956.2, 1956.2, 153266, 457762
2022/8/24, 00:00:00, 1957.3, 1957.3, 1957.3, 1957.3, 120501, 459616
2022/8/25, 00:00:00, 1967.8, 1967.8, 1967.8, 1967.8, 124731, 457023
2022/8/26, 00:00:00, 1946.1, 1946.1, 1946.1, 1946.1, 187676, 457582
2022/8/29, 00:00:00, 1946.5, 1946.5, 1946.5, 1946.5, 163340, 457821
2022/8/30, 00:00:00, 1932.6, 1932.6, 1932.6, 1932.6, 140958, 459165
2022/8/31, 00:00:00, 1922.4, 1922.4, 1922.4, 1922.4, 190092, 459407
2022/9/1, 00:00:00, 1905.3, 1905.3, 1905.3, 1905.3, 215387, 464244
2022/9/2, 00:00:00, 1918.7, 1918.7, 1918.7, 1918.7, 188145, 463442
2022/9/6, 00:00:00, 1909.5, 1909.5, 1909.5, 1909.5, 219015, 465908
2022/9/7, 00:00:00, 1924.3, 1924.3, 1924.3, 1924.3, 187486, 464269
2022/9/8, 00:00:00, 1916.6, 1916.6, 1916.6, 1916.6, 194107, 464841
2022/9/9, 00:00:00, 1925.7, 1925.7, 1925.7, 1925.7, 167306, 464822
2022/9/12, 00:00:00, 1938.1, 1938.1, 1938.1, 1938.1, 163312, 465639
2022/9/13, 00:00:00, 1917.2, 1917.2, 1917.2, 1917.2, 253548, 463674
2022/9/14, 00:00:00, 1911.9, 1911.9, 1911.9, 1911.9, 182353, 464415
2022/9/15, 00:00:00, 1880.8, 1880.8, 1880.8, 1880.8, 288236, 471278
2022/9/16, 00:00:00, 1887.3, 1887.3, 1887.3, 1887.3, 232490, 465469
2022/9/19, 00:00:00, 1882.4, 1882.4, 1882.4, 1882.4, 149894, 467551
2022/9/20, 00:00:00, 1875.8, 1875.8, 1875.8, 1875.8, 156593, 469395
2022/9/21, 00:00:00, 1880.7, 1880.7, 1880.7, 1880.7, 244043, 466167
2022/9/22, 00:00:00, 1888.5, 1888.5, 1888.5, 1888.5, 251651, 465884
2022/9/23, 00:00:00, 1864.3, 1864.3, 1864.3, 1864.3, 268240, 467631
2022/9/26, 00:00:00, 1842.3, 1842.3, 1842.3, 1842.3, 239877, 466335
2022/9/27, 00:00:00, 1844.5, 1844.5, 1844.5, 1844.5, 218752, 457061
2022/9/28, 00:00:00, 1877.8, 1877.8, 1877.8, 1877.8, 307682, 456980
2022/9/29, 00:00:00, 1876.5, 1876.5, 1876.5, 1876.5, 217443, 453488
2022/9/30, 00:00:00, 1879.0, 1879.0, 1879.0, 1879.0, 184630, 432024
2022/10/3, 00:00:00, 1911.5, 1911.5, 1911.5, 1911.5, 226801, 437727
2022/10/4, 00:00:00, 1941.1, 1941.1, 1941.1, 1941.1, 215982, 437065
2022/10/5, 00:00:00, 1932.0, 1932.0, 1932.0, 1932.0, 185989, 433176
2022/10/6, 00:00:00, 1932.5, 1932.5, 1932.5, 1932.5, 149323, 433247
2022/10/7, 00:00:00, 1923.9, 1923.9, 1923.9, 1923.9, 168097, 433253
2022/10/10, 00:00:00, 1891.4, 1891.4, 1891.4, 1891.4, 166496, 435026
2022/10/11, 00:00:00, 1901.7, 1901.7, 1901.7, 1901.7, 181850, 431395
2022/10/12, 00:00:00, 1893.3, 1893.3, 1893.3, 1893.3, 143607, 435773
2022/10/13, 00:00:00, 1894.3, 1894.3, 1894.3, 1894.3, 252515, 435997
2022/10/14, 00:00:00, 1869.3, 1869.3, 1869.3, 1869.3, 196487, 437368
2022/10/17, 00:00:00, 1884.9, 1884.9, 1884.9, 1884.9, 153085, 432976
2022/10/18, 00:00:00, 1877.2, 1877.2, 1877.2, 1877.2, 168398, 434701
2022/10/19, 00:00:00, 1857.4, 1857.4, 1857.4, 1857.4, 186956, 443442
2022/10/20, 00:00:00, 1862.5, 1862.5, 1862.5, 1862.5, 170904, 444047
2022/10/21, 00:00:00, 1882.9, 1882.9, 1882.9, 1882.9, 282601, 441151
2022/10/24, 00:00:00, 1881.0, 1881.0, 1881.0, 1881.0, 180624, 444410
2022/10/25, 00:00:00, 1887.8, 1887.8, 1887.8, 1887.8, 206141, 456072
2022/10/26, 00:00:00, 1898.5, 1898.5, 1898.5, 1898.5, 208159, 457729
2022/10/27, 00:00:00, 1894.9, 1894.9, 1894.9, 1894.9, 203084, 459234
2022/10/28, 00:00:00, 1874.2, 1874.2, 1874.2, 1874.2, 212399, 467769
2022/10/31, 00:00:00, 1871.1, 1871.1, 1871.1, 1871.1, 138373, 464625
2022/11/1, 00:00:00, 1880.4, 1880.4, 1880.4, 1880.4, 224207, 467276
2022/11/2, 00:00:00, 1884.6, 1884.6, 1884.6, 1884.6, 250501, 467058
2022/11/3, 00:00:00, 1866.8, 1866.8, 1866.8, 1866.8, 292657, 482743
2022/11/4, 00:00:00, 1913.9, 1913.9, 1913.9, 1913.9, 318063, 474056
2022/11/7, 00:00:00, 1917.4, 1917.4, 1917.4, 1917.4, 240099, 478215
2022/11/8, 00:00:00, 1952.4, 1952.4, 1952.4, 1952.4, 366036, 488471
2022/11/9, 00:00:00, 1949.7, 1949.7, 1949.7, 1949.7, 298675, 491257
2022/11/10, 00:00:00, 1989.1, 1989.1, 1989.1, 1989.1, 380402, 495206
2022/11/11, 00:00:00, 2005.6, 2005.6, 2005.6, 2005.6, 282121, 508207
2022/11/14, 00:00:00, 2014.2, 2014.2, 2014.2, 2014.2, 227682, 502224
2022/11/15, 00:00:00, 2015.7, 2015.7, 2015.7, 2015.7, 378233, 495171
2022/11/16, 00:00:00, 2014.8, 2014.8, 2014.8, 2014.8, 255003, 477774
2022/11/17, 00:00:00, 2001.6, 2001.6, 2001.6, 2001.6, 202355, 474243
2022/11/18, 00:00:00, 1993.9, 1993.9, 1993.9, 1993.9, 171784, 471947
2022/11/21, 00:00:00, 1979.7, 1979.7, 1979.7, 1979.7, 237134, 462317
2022/11/22, 00:00:00, 1980.6, 1980.6, 1980.6, 1980.6, 217814, 449542
2022/11/23, 00:00:00, 1989.7, 1989.7, 1989.7, 1989.7, 250146, 447194
2022/11/25, 00:00:00, 1995.4, 1995.4, 1995.4, 1995.4, 200937, 441774
2022/11/28, 00:00:00, 1984.0, 1984.0, 1984.0, 1984.0, 269442, 437540
2022/11/29, 00:00:00, 1993.7, 1993.7, 1993.7, 1993.7, 152602, 433661
2022/11/30, 00:00:00, 1992.3, 1992.3, 1992.3, 1992.3, 203229, 429283
2022/12/1, 00:00:00, 2046.2, 2046.2, 2046.2, 2046.2, 236258, 441702
2022/12/2, 00:00:00, 2041.1, 2041.1, 2041.1, 2041.1, 192595, 436240
2022/12/5, 00:00:00, 2012.9, 2012.9, 2012.9, 2012.9, 192187, 427208
2022/12/6, 00:00:00, 2013.7, 2013.7, 2013.7, 2013.7, 133922, 422100
2022/12/7, 00:00:00, 2028.6, 2028.6, 2028.6, 2028.6, 162432, 422644
2022/12/8, 00:00:00, 2031.6, 2031.6, 2031.6, 2031.6, 122626, 423883
2022/12/9, 00:00:00, 2040.7, 2040.7, 2040.7, 2040.7, 158324, 427790
2022/12/12, 00:00:00, 2022.2, 2022.2, 2022.2, 2022.2, 113583, 424139
2022/12/13, 00:00:00, 2055.0, 2055.0, 2055.0, 2055.0, 242313, 437040
2022/12/14, 00:00:00, 2048.1, 2048.1, 2048.1, 2048.1, 149621, 436334
2022/12/15, 00:00:00, 2017.4, 2017.4, 2017.4, 2017.4, 191821, 426124
2022/12/16, 00:00:00, 2029.8, 2029.8, 2029.8, 2029.8, 133645, 424625
2022/12/19, 00:00:00, 2027.4, 2027.4, 2027.4, 2027.4, 90621, 424801
2022/12/20, 00:00:00, 2055.4, 2055.4, 2055.4, 2055.4, 205458, 436653
2022/12/21, 00:00:00, 2055.5, 2055.5, 2055.5, 2055.5, 114103, 441879
2022/12/22, 00:00:00, 2024.8, 2024.8, 2024.8, 2024.8, 183688, 438592
2022/12/23, 00:00:00, 2034.2, 2034.2, 2034.2, 2034.2, 113044, 437566
2022/12/27, 00:00:00, 2054.4, 2054.4, 2054.4, 2054.4, 165408, 440040
2022/12/28, 00:00:00, 2046.8, 2046.8, 2046.8, 2046.8, 125910, 437767
2022/12/29, 00:00:00, 2057.6, 2057.6, 2057.6, 2057.6, 112448, 440513
2022/12/30, 00:00:00, 2058.0, 2058.0, 2058.0, 2058.0, 114818, 442189
2023/1/3, 00:00:00, 2078.1, 2078.1, 2078.1, 2078.1, 228412, 449393
2023/1/4, 00:00:00, 2092.0, 2092.0, 2092.0, 2092.0, 215060, 457408
2023/1/5, 00:00:00, 2074.5, 2074.5, 2074.5, 2074.5, 210480, 453485
2023/1/6, 00:00:00, 2103.4, 2103.4, 2103.4, 2103.4, 234856, 463250
2023/1/9, 00:00:00, 2112.4, 2112.4, 2112.4, 2112.4, 265660, 476352
2023/1/10, 00:00:00, 2117.3, 2117.3, 2117.3, 2117.3, 224718, 481519
2023/1/11, 00:00:00, 2118.9, 2118.9, 2118.9, 2118.9, 301941, 484992
2023/1/12, 00:00:00, 2137.5, 2137.5, 2137.5, 2137.5, 340288, 486838
2023/1/13, 00:00:00, 2162.4, 2162.4, 2162.4, 2162.4, 317432, 497693
2023/1/17, 00:00:00, 2150.5, 2150.5, 2150.5, 2150.5, 315452, 491818
2023/1/18, 00:00:00, 2147.5, 2147.5, 2147.5, 2147.5, 253817, 487132
2023/1/19, 00:00:00, 2163.1, 2163.1, 2163.1, 2163.1, 271133, 493286
2023/1/20, 00:00:00, 2167.0, 2167.0, 2167.0, 2167.0, 222523, 497500
2023/1/23, 00:00:00, 2169.5, 2169.5, 2169.5, 2169.5, 256724, 502492
2023/1/24, 00:00:00, 2178.2, 2178.2, 2178.2, 2178.2, 299543, 499927
2023/1/25, 00:00:00, 2185.4, 2185.4, 2185.4, 2185.4, 286498, 507068
2023/1/26, 00:00:00, 2172.0, 2172.0, 2172.0, 2172.0, 361951, 492098
2023/1/27, 00:00:00, 2171.0, 2171.0, 2171.0, 2171.0, 303136, 479642
2023/1/30, 00:00:00, 2166.5, 2166.5, 2166.5, 2166.5, 172427, 472666
2023/1/31, 00:00:00, 2172.8, 2172.8, 2172.8, 2172.8, 207197, 471642
2023/2/1, 00:00:00, 2170.8, 2170.8, 2170.8, 2170.8, 221572, 478425
2023/2/2, 00:00:00, 2158.6, 2158.6, 2158.6, 2158.6, 270485, 468356
2023/2/3, 00:00:00, 2119.0, 2119.0, 2119.0, 2119.0, 324102, 449090
2023/2/6, 00:00:00, 2121.6, 2121.6, 2121.6, 2121.6, 172032, 441312
2023/2/7, 00:00:00, 2127.4, 2127.4, 2127.4, 2127.4, 188248, 439755
2023/2/8, 00:00:00, 2133.7, 2133.7, 2133.7, 2133.7, 142555, 438714
2023/2/9, 00:00:00, 2133.7, 2133.7, 2133.7, 2133.7, 193188, 435993
2023/2/10, 00:00:00, 2129.7, 2129.7, 2129.7, 2129.7, 164656, 430056
2023/2/13, 00:00:00, 2118.8, 2118.8, 2118.8, 2118.8, 139725, 427278
2023/2/14, 00:00:00, 2122.3, 2122.3, 2122.3, 2122.3, 223310, 426116
2023/2/15, 00:00:00, 2102.3, 2102.3, 2102.3, 2102.3, 180008, 422963
2023/2/16, 00:00:00, 2108.6, 2108.6, 2108.6, 2108.6, 174625, 422997
2023/2/17, 00:00:00, 2107.5, 2107.5, 2107.5, 2107.5, 173261, 422516
2023/2/21, 00:00:00, 2103.1, 2103.1, 2103.1, 2103.1, 220181, 422648
2023/2/22, 00:00:00, 2102.8, 2102.8, 2102.8, 2102.8, 149878, 426016
2023/2/23, 00:00:00, 2088.4, 2088.4, 2088.4, 2088.4, 187014, 424276
2023/2/24, 00:00:00, 2090.3, 2090.3, 2090.3, 2090.3, 177446, 424923
2023/2/27, 00:00:00, 2090.0, 2090.0, 2090.0, 2090.0, 144846, 423217
2023/2/28, 00:00:00, 2101.7, 2101.7, 2101.7, 2101.7, 201997, 426890
2023/3/1, 00:00:00, 2112.3, 2112.3, 2112.3, 2112.3, 197031, 431116
2023/3/2, 00:00:00, 2107.3, 2107.3, 2107.3, 2107.3, 152759, 436462
2023/3/3, 00:00:00, 2122.5, 2122.5, 2122.5, 2122.5, 177169, 437990
2023/3/6, 00:00:00, 2121.4, 2121.4, 2121.4, 2121.4, 155212, 441454
2023/3/7, 00:00:00, 2092.6, 2092.6, 2092.6, 2092.6, 298127, 458474
2023/3/8, 00:00:00, 2095.3, 2095.3, 2095.3, 2095.3, 276371, 459423
2023/3/9, 00:00:00, 2112.1, 2112.1, 2112.1, 2112.1, 304743, 454259
2023/3/10, 00:00:00, 2137.8, 2137.8, 2137.8, 2137.8, 413538, 469260
2023/3/13, 00:00:00, 2170.0, 2170.0, 2170.0, 2170.0, 575068, 468037
2023/3/14, 00:00:00, 2167.0, 2167.0, 2167.0, 2167.0, 300638, 459064
2023/3/15, 00:00:00, 2175.3, 2175.3, 2175.3, 2175.3, 479426, 455720
2023/3/16, 00:00:00, 2164.9, 2164.9, 2164.9, 2164.9, 288531, 457252
2023/3/17, 00:00:00, 2218.1, 2218.1, 2218.1, 2218.1, 425632, 475728
2023/3/20, 00:00:00, 2227.4, 2227.4, 2227.4, 2227.4, 415048, 480136
2023/3/21, 00:00:00, 2191.8, 2191.8, 2191.8, 2191.8, 319609, 469874
2023/3/22, 00:00:00, 2201.5, 2201.5, 2201.5, 2201.5, 309993, 469857
2023/3/23, 00:00:00, 2242.4, 2242.4, 2242.4, 2242.4, 343419, 480174
2023/3/24, 00:00:00, 2229.2, 2229.2, 2229.2, 2229.2, 410828, 489682
2023/3/27, 00:00:00, 2203.0, 2203.0, 2203.0, 2203.0, 320696, 483174
2023/3/28, 00:00:00, 2225.7, 2225.7, 2225.7, 2225.7, 310938, 478611
2023/3/29, 00:00:00, 2221.9, 2221.9, 2221.9, 2221.9, 241370, 473861
2023/3/30, 00:00:00, 2239.0, 2239.0, 2239.0, 2239.0, 188272, 474852
2023/3/31, 00:00:00, 2228.3, 2228.3, 2228.3, 2228.3, 171472, 456507
2023/4/3, 00:00:00, 2243.9, 2243.9, 2243.9, 2243.9, 196659, 461152
2023/4/4, 00:00:00, 2279.8, 2279.8, 2279.8, 2279.8, 245200, 476592
2023/4/5, 00:00:00, 2273.1, 2273.1, 2273.1, 2273.1, 209461, 477122
2023/4/6, 00:00:00, 2262.7, 2262.7, 2262.7, 2262.7, 209462, 477088
2023/4/10, 00:00:00, 2241.0, 2241.0, 2241.0, 2241.0, 144785, 474361
2023/4/11, 00:00:00, 2260.9, 2260.9, 2260.9, 2260.9, 135394, 476567
2023/4/12, 00:00:00, 2268.3, 2268.3, 2268.3, 2268.3, 240167, 483431
2023/4/13, 00:00:00, 2299.0, 2299.0, 2299.0, 2299.0, 210229, 492348
2023/4/14, 00:00:00, 2261.1, 2261.1, 2261.1, 2261.1, 275256, 483401
2023/4/17, 00:00:00, 2253.2, 2253.2, 2253.2, 2253.2, 189063, 481532
2023/4/18, 00:00:00, 2266.9, 2266.9, 2266.9, 2266.9, 170249, 482254
2023/4/19, 00:00:00, 2255.6, 2255.6, 2255.6, 2255.6, 229807, 475026
2023/4/20, 00:00:00, 2267.2, 2267.2, 2267.2, 2267.2, 168381, 478479
2023/4/21, 00:00:00, 2238.6, 2238.6, 2238.6, 2238.6, 216816, 472803
2023/4/24, 00:00:00, 2246.7, 2246.7, 2246.7, 2246.7, 148834, 473847
2023/4/25, 00:00:00, 2250.4, 2250.4, 2250.4, 2250.4, 235094, 473209
2023/4/26, 00:00:00, 2238.3, 2238.3, 2238.3, 2238.3, 256395, 478851
2023/4/27, 00:00:00, 2243.1, 2243.1, 2243.1, 2243.1, 216756, 475737
2023/4/28, 00:00:00, 2243.8, 2243.8, 2243.8, 2243.8, 189898, 475817
2023/5/1, 00:00:00, 2238.9, 2238.9, 2238.9, 2238.9, 183027, 481534
2023/5/2, 00:00:00, 2269.6, 2269.6, 2269.6, 2269.6, 264647, 493804
2023/5/3, 00:00:00, 2283.6, 2283.6, 2283.6, 2283.6, 250847, 504204
2023/5/4, 00:00:00, 2296.9, 2296.9, 2296.9, 2296.9, 341944, 520664
2023/5/5, 00:00:00, 2265.7, 2265.7, 2265.7, 2265.7, 338746, 510576
2023/5/8, 00:00:00, 2277.0, 2277.0, 2277.0, 2277.0, 248035, 515785
2023/5/9, 00:00:00, 2286.9, 2286.9, 2286.9, 2286.9, 268867, 518951
2023/5/10, 00:00:00, 2281.6, 2281.6, 2281.6, 2281.6, 323278, 523668
2023/5/11, 00:00:00, 2264.9, 2264.9, 2264.9, 2264.9, 372509, 523752
2023/5/12, 00:00:00, 2263.7, 2263.7, 2263.7, 2263.7, 245339, 521605
2023/5/15, 00:00:00, 2267.8, 2267.8, 2267.8, 2267.8, 208903, 536021
2023/5/16, 00:00:00, 2236.7, 2236.7, 2236.7, 2236.7, 261211, 521832
2023/5/17, 00:00:00, 2228.4, 2228.4, 2228.4, 2228.4, 248226, 499256
2023/5/18, 00:00:00, 2204.5, 2204.5, 2204.5, 2204.5, 265236, 487911
2023/5/19, 00:00:00, 2227.1, 2227.1, 2227.1, 2227.1, 268984, 486697
2023/5/22, 00:00:00, 2223.8, 2223.8, 2223.8, 2223.8, 217770, 480505
2023/5/23, 00:00:00, 2222.8, 2222.8, 2222.8, 2222.8, 283133, 479080
2023/5/24, 00:00:00, 2214.4, 2214.4, 2214.4, 2214.4, 312691, 477002
2023/5/25, 00:00:00, 2196.7, 2196.7, 2196.7, 2196.7, 374090, 466116
2023/5/26, 00:00:00, 2199.5, 2199.5, 2199.5, 2199.5, 301232, 453348
2023/5/30, 00:00:00, 2214.1, 2214.1, 2214.1, 2214.1, 311144, 449515
2023/5/31, 00:00:00, 2218.1, 2218.1, 2218.1, 2218.1, 219927, 445179
2023/6/1, 00:00:00, 2230.5, 2230.5, 2230.5, 2230.5, 183915, 443362
2023/6/2, 00:00:00, 2207.1, 2207.1, 2207.1, 2207.1, 216966, 435965
2023/6/5, 00:00:00, 2213.5, 2213.5, 2213.5, 2213.5, 187600, 434223
2023/6/6, 00:00:00, 2220.4, 2220.4, 2220.4, 2220.4, 140624, 436301
2023/6/7, 00:00:00, 2197.4, 2197.4, 2197.4, 2197.4, 196679, 435775
2023/6/8, 00:00:00, 2217.2, 2217.2, 2217.2, 2217.2, 200403, 436592
2023/6/9, 00:00:00, 2216.1, 2216.1, 2216.1, 2216.1, 136103, 435598
2023/6/12, 00:00:00, 2211.1, 2211.1, 2211.1, 2211.1, 129496, 432912
2023/6/13, 00:00:00, 2201.0, 2201.0, 2201.0, 2201.0, 209815, 432898
2023/6/14, 00:00:00, 2211.0, 2211.0, 2211.0, 2211.0, 206364, 430387
2023/6/15, 00:00:00, 2215.2, 2215.2, 2215.2, 2215.2, 273900, 431912
2023/6/16, 00:00:00, 2218.0, 2218.0, 2218.0, 2218.0, 164395, 432037
2023/6/20, 00:00:00, 2199.2, 2199.2, 2199.2, 2199.2, 261503, 438037
2023/6/21, 00:00:00, 2197.0, 2197.0, 2197.0, 2197.0, 195171, 436676
2023/6/22, 00:00:00, 2177.3, 2177.3, 2177.3, 2177.3, 180154, 438047
2023/6/23, 00:00:00, 2180.9, 2180.9, 2180.9, 2180.9, 199421, 435992
2023/6/26, 00:00:00, 2185.2, 2185.2, 2185.2, 2185.2, 157603, 435489
2023/6/27, 00:00:00, 2174.8, 2174.8, 2174.8, 2174.8, 191039, 431861
2023/6/28, 00:00:00, 2172.9, 2172.9, 2172.9, 2172.9, 175150, 428886
2023/6/29, 00:00:00, 2172.1, 2172.1, 2172.1, 2172.1, 220784, 436825
2023/6/30, 00:00:00, 2186.3, 2186.3, 2186.3, 2186.3, 191264, 440991
2023/7/3, 00:00:00, 2186.4, 2186.4, 2186.4, 2186.4, 167520, 448063
2023/7/5, 00:00:00, 2184.3, 2184.3, 2184.3, 2184.3, 262852, 452654
2023/7/6, 00:00:00, 2173.0, 2173.0, 2173.0, 2173.0, 256708, 461175
2023/7/7, 00:00:00, 2190.4, 2190.4, 2190.4, 2190.4, 237370, 463111
2023/7/10, 00:00:00, 2189.1, 2189.1, 2189.1, 2189.1, 268811, 485952
2023/7/11, 00:00:00, 2196.2, 2196.2, 2196.2, 2196.2, 238395, 483170
2023/7/12, 00:00:00, 2217.4, 2217.4, 2217.4, 2217.4, 324119, 505241
2023/7/13, 00:00:00, 2218.2, 2218.2, 2218.2, 2218.2, 298096, 506210
2023/7/14, 00:00:00, 2218.0, 2218.0, 2218.0, 2218.0, 284236, 498570
2023/7/17, 00:00:00, 2209.8, 2209.8, 2209.8, 2209.8, 204873, 486719
2023/7/18, 00:00:00, 2233.1, 2233.1, 2233.1, 2233.1, 321798, 482104
2023/7/19, 00:00:00, 2234.4, 2234.4, 2234.4, 2234.4, 195309, 484097
2023/7/20, 00:00:00, 2224.5, 2224.5, 2224.5, 2224.5, 230469, 483396
2023/7/21, 00:00:00, 2220.8, 2220.8, 2220.8, 2220.8, 195994, 479342
2023/7/24, 00:00:00, 2216.4, 2216.4, 2216.4, 2216.4, 286340, 487232
2023/7/25, 00:00:00, 2219.4, 2219.4, 2219.4, 2219.4, 284378, 476176
2023/7/26, 00:00:00, 2226.7, 2226.7, 2226.7, 2226.7, 330081, 473607
2023/7/27, 00:00:00, 2203.2, 2203.2, 2203.2, 2203.2, 407622, 459034
2023/7/28, 00:00:00, 2217.7, 2217.7, 2217.7, 2217.7, 200499, 446453
2023/7/31, 00:00:00, 2226.3, 2226.3, 2226.3, 2226.3, 150721, 444586
2023/8/1, 00:00:00, 2197.0, 2197.0, 2197.0, 2197.0, 180042, 439383
2023/8/2, 00:00:00, 2193.5, 2193.5, 2193.5, 2193.5, 181519, 439412
2023/8/3, 00:00:00, 2189.6, 2189.6, 2189.6, 2189.6, 152577, 435395
2023/8/4, 00:00:00, 2197.3, 2197.3, 2197.3, 2197.3, 165893, 432460
2023/8/7, 00:00:00, 2190.6, 2190.6, 2190.6, 2190.6, 110261, 431434
2023/8/8, 00:00:00, 2181.3, 2181.3, 2181.3, 2181.3, 152550, 427759
2023/8/9, 00:00:00, 2171.8, 2171.8, 2171.8, 2171.8, 149055, 429883
2023/8/10, 00:00:00, 2173.0, 2173.0, 2173.0, 2173.0, 179336, 430408
2023/8/11, 00:00:00, 2170.5, 2170.5, 2170.5, 2170.5, 129598, 431187
2023/8/14, 00:00:00, 2167.6, 2167.6, 2167.6, 2167.6, 128833, 431384
2023/8/15, 00:00:00, 2159.8, 2159.8, 2159.8, 2159.8, 173675, 433611
2023/8/16, 00:00:00, 2160.9, 2160.9, 2160.9, 2160.9, 135545, 434748
2023/8/17, 00:00:00, 2147.8, 2147.8, 2147.8, 2147.8, 161578, 433060
2023/8/18, 00:00:00, 2148.9, 2148.9, 2148.9, 2148.9, 123263, 433441
2023/8/21, 00:00:00, 2155.4, 2155.4, 2155.4, 2155.4, 147976, 431947
2023/8/22, 00:00:00, 2158.6, 2158.6, 2158.6, 2158.6, 142582, 430239
2023/8/23, 00:00:00, 2179.7, 2179.7, 2179.7, 2179.7, 183758, 435751
2023/8/24, 00:00:00, 2179.6, 2179.6, 2179.6, 2179.6, 147225, 435344
2023/8/25, 00:00:00, 2173.6, 2173.6, 2173.6, 2173.6, 178167, 434609
2023/8/28, 00:00:00, 2181.3, 2181.3, 2181.3, 2181.3, 124614, 433531
2023/8/29, 00:00:00, 2199.8, 2199.8, 2199.8, 2199.8, 186056, 442652
2023/8/30, 00:00:00, 2207.0, 2207.0, 2207.0, 2207.0, 151755, 447906
2023/8/31, 00:00:00, 2200.1, 2200.1, 2200.1, 2200.1, 140526, 442643
2023/9/1, 00:00:00, 2200.4, 2200.4, 2200.4, 2200.4, 169880, 439880
2023/9/5, 00:00:00, 2186.9, 2186.9, 2186.9, 2186.9, 204081, 438672
2023/9/6, 00:00:00, 2178.7, 2178.7, 2178.7, 2178.7, 156190, 436698
2023/9/7, 00:00:00, 2177.1, 2177.1, 2177.1, 2177.1, 124004, 435933
2023/9/8, 00:00:00, 2177.5, 2177.5, 2177.5, 2177.5, 148704, 434725
2023/9/11, 00:00:00, 2181.6, 2181.6, 2181.6, 2181.6, 136658, 435289
2023/9/12, 00:00:00, 2172.4, 2172.4, 2172.4, 2172.4, 172959, 441221
2023/9/13, 00:00:00, 2177.1, 2177.1, 2177.1, 2177.1, 169970, 441960
2023/9/14, 00:00:00, 2178.1, 2178.1, 2178.1, 2178.1, 216600, 440649
2023/9/15, 00:00:00, 2192.8, 2192.8, 2192.8, 2192.8, 207824, 441073
2023/9/18, 00:00:00, 2199.8, 2199.8, 2199.8, 2199.8, 145476, 440545
2023/9/19, 00:00:00, 2200.1, 2200.1, 2200.1, 2200.1, 139618, 438078
2023/9/20, 00:00:00, 2212.8, 2212.8, 2212.8, 2212.8, 233663, 445861
2023/9/21, 00:00:00, 2186.4, 2186.4, 2186.4, 2186.4, 239928, 441464
2023/9/22, 00:00:00, 2193.5, 2193.5, 2193.5, 2193.5, 146462, 439982
2023/9/25, 00:00:00, 2187.8, 2187.8, 2187.8, 2187.8, 177376, 437127
2023/9/26, 00:00:00, 2170.4, 2170.4, 2170.4, 2170.4, 231714, 435620
2023/9/27, 00:00:00, 2140.7, 2140.7, 2140.7, 2140.7, 262278, 430296
2023/9/28, 00:00:00, 2179.9, 2179.9, 2179.9, 2179.9, 247164, 426941
2023/9/29, 00:00:00, 2165.9, 2165.9, 2165.9, 2165.9, 257449, 432570
2023/10/2, 00:00:00, 2146.3, 2146.3, 2146.3, 2146.3, 213821, 433083
2023/10/3, 00:00:00, 2139.3, 2139.3, 2139.3, 2139.3, 228148, 431226
2023/10/4, 00:00:00, 2131.5, 2131.5, 2131.5, 2131.5, 205170, 431374
2023/10/5, 00:00:00, 2126.2, 2126.2, 2126.2, 2126.2, 184367, 432849
2023/10/6, 00:00:00, 2141.9, 2141.9, 2141.9, 2141.9, 248232, 434085
2023/10/9, 00:00:00, 2160.0, 2160.0, 2160.0, 2160.0, 200146, 433176
2023/10/10, 00:00:00, 2171.5, 2171.5, 2171.5, 2171.5, 170234, 436499
2023/10/11, 00:00:00, 2184.1, 2184.1, 2184.1, 2184.1, 183594, 438438
2023/10/12, 00:00:00, 2180.7, 2180.7, 2180.7, 2180.7, 172535, 436862
2023/10/13, 00:00:00, 2240.0, 2240.0, 2240.0, 2240.0, 341756, 442054
2023/10/16, 00:00:00, 2235.2, 2235.2, 2235.2, 2235.2, 192581, 437056
2023/10/17, 00:00:00, 2237.5, 2237.5, 2237.5, 2237.5, 174944, 439581
2023/10/18, 00:00:00, 2272.7, 2272.7, 2272.7, 2272.7, 285523, 446526
2023/10/19, 00:00:00, 2287.5, 2287.5, 2287.5, 2287.5, 282811, 454864
2023/10/20, 00:00:00, 2302.2, 2302.2, 2302.2, 2302.2, 312873, 458870
2023/10/23, 00:00:00, 2295.4, 2295.4, 2295.4, 2295.4, 225699, 461986
2023/10/24, 00:00:00, 2293.3, 2293.3, 2293.3, 2293.3, 216703, 463476
2023/10/25, 00:00:00, 2302.3, 2302.3, 2302.3, 2302.3, 259600, 467547
2023/10/26, 00:00:00, 2304.8, 2304.8, 2304.8, 2304.8, 234864, 465787
2023/10/27, 00:00:00, 2306.2, 2306.2, 2306.2, 2306.2, 231764, 472858
2023/10/30, 00:00:00, 2313.9, 2313.9, 2313.9, 2313.9, 193228, 479789
2023/10/31, 00:00:00, 2302.5, 2302.5, 2302.5, 2302.5, 230794, 475808
2023/11/1, 00:00:00, 2294.5, 2294.5, 2294.5, 2294.5, 222654, 474617
2023/11/2, 00:00:00, 2299.5, 2299.5, 2299.5, 2299.5, 178605, 480981
2023/11/3, 00:00:00, 2302.2, 2302.2, 2302.2, 2302.2, 245002, 485916
2023/11/6, 00:00:00, 2292.6, 2292.6, 2292.6, 2292.6, 168799, 487483
2023/11/7, 00:00:00, 2276.9, 2276.9, 2276.9, 2276.9, 292341, 484347
2023/11/8, 00:00:00, 2260.2, 2260.2, 2260.2, 2260.2, 255033, 480121
2023/11/9, 00:00:00, 2275.5, 2275.5, 2275.5, 2275.5, 267258, 480477
2023/11/10, 00:00:00, 2243.1, 2243.1, 2243.1, 2243.1, 307024, 473141
2023/11/13, 00:00:00, 2251.0, 2251.0, 2251.0, 2251.0, 248165, 481511
2023/11/14, 00:00:00, 2265.6, 2265.6, 2265.6, 2265.6, 206322, 486634
2023/11/15, 00:00:00, 2264.3, 2264.3, 2264.3, 2264.3, 164501, 483704
2023/11/16, 00:00:00, 2287.0, 2287.0, 2287.0, 2287.0, 232809, 488476
2023/11/17, 00:00:00, 2284.1, 2284.1, 2284.1, 2284.1, 159051, 487533
2023/11/20, 00:00:00, 2278.8, 2278.8, 2278.8, 2278.8, 222110, 488683
2023/11/21, 00:00:00, 2301.2, 2301.2, 2301.2, 2301.2, 309140, 508429
2023/11/22, 00:00:00, 2296.1, 2296.1, 2296.1, 2296.1, 293700, 502814
2023/11/24, 00:00:00, 2306.2, 2306.2, 2306.2, 2306.2, 319401, 499580
2023/11/27, 00:00:00, 2316.3, 2316.3, 2316.3, 2316.3, 422727, 496470
2023/11/28, 00:00:00, 2343.2, 2343.2, 2343.2, 2343.2, 382845, 505538
2023/11/29, 00:00:00, 2348.3, 2348.3, 2348.3, 2348.3, 225676, 508285
2023/11/30, 00:00:00, 2335.8, 2335.8, 2335.8, 2335.8, 160820, 498685
2023/12/1, 00:00:00, 2368.6, 2368.6, 2368.6, 2368.6, 259889, 509758
2023/12/4, 00:00:00, 2319.1, 2319.1, 2319.1, 2319.1, 412107, 494948
2023/12/5, 00:00:00, 2310.0, 2310.0, 2310.0, 2310.0, 228847, 487469
2023/12/6, 00:00:00, 2321.7, 2321.7, 2321.7, 2321.7, 168078, 486956
2023/12/7, 00:00:00, 2320.6, 2320.6, 2320.6, 2320.6, 191443, 485111
2023/12/8, 00:00:00, 2292.0, 2292.0, 2292.0, 2292.0, 258034, 480359
2023/12/11, 00:00:00, 2271.0, 2271.0, 2271.0, 2271.0, 179192, 473469
2023/12/12, 00:00:00, 2270.0, 2270.0, 2270.0, 2270.0, 167771, 469939
2023/12/13, 00:00:00, 2273.9, 2273.9, 2273.9, 2273.9, 217420, 476125
2023/12/14, 00:00:00, 2316.8, 2316.8, 2316.8, 2316.8, 250047, 479925
2023/12/15, 00:00:00, 2305.4, 2305.4, 2305.4, 2305.4, 184963, 477506
2023/12/18, 00:00:00, 2309.8, 2309.8, 2309.8, 2309.8, 153138, 477275
2023/12/19, 00:00:00, 2322.1, 2322.1, 2322.1, 2322.1, 150672, 481203
2023/12/20, 00:00:00, 2316.4, 2316.4, 2316.4, 2316.4, 130244, 478775
2023/12/21, 00:00:00, 2319.3, 2319.3, 2319.3, 2319.3, 127863, 481866
2023/12/22, 00:00:00, 2337.5, 2337.5, 2337.5, 2337.5, 181673, 492096
2023/12/26, 00:00:00, 2338.0, 2338.0, 2338.0, 2338.0, 85512, 491343
2023/12/27, 00:00:00, 2361.0, 2361.0, 2361.0, 2361.0, 139584, 501073
2023/12/28, 00:00:00, 2351.7, 2351.7, 2351.7, 2351.7, 143574, 500162
2023/12/29, 00:00:00, 2340.0, 2340.0, 2340.0, 2340.0, 116666, 498192
2024/1/2, 00:00:00, 2341.7, 2341.7, 2341.7, 2341.7, 173933, 500364
2024/1/3, 00:00:00, 2311.1, 2311.1, 2311.1, 2311.1, 253003, 497089
2024/1/4, 00:00:00, 2318.5, 2318.5, 2318.5, 2318.5, 147300, 496045
2024/1/5, 00:00:00, 2318.4, 2318.4, 2318.4, 2318.4, 240718, 494673
2024/1/8, 00:00:00, 2301.8, 2301.8, 2301.8, 2301.8, 273442, 491455
2024/1/9, 00:00:00, 2301.8, 2301.8, 2301.8, 2301.8, 289524, 489849
2024/1/10, 00:00:00, 2296.3, 2296.3, 2296.3, 2296.3, 267463, 486446
2024/1/11, 00:00:00, 2287.1, 2287.1, 2287.1, 2287.1, 376134, 478244
2024/1/12, 00:00:00, 2316.0, 2316.0, 2316.0, 2316.0, 344938, 497739
2024/1/16, 00:00:00, 2294.2, 2294.2, 2294.2, 2294.2, 317185, 489334
2024/1/17, 00:00:00, 2272.0, 2272.0, 2272.0, 2272.0, 293206, 482068
2024/1/18, 00:00:00, 2287.0, 2287.0, 2287.0, 2287.0, 207049, 474472
2024/1/19, 00:00:00, 2295.5, 2295.5, 2295.5, 2295.5, 209000, 465860
2024/1/22, 00:00:00, 2288.5, 2288.5, 2288.5, 2288.5, 194540, 467069
2024/1/23, 00:00:00, 2292.3, 2292.3, 2292.3, 2292.3, 208167, 465872
2024/1/24, 00:00:00, 2282.4, 2282.4, 2282.4, 2282.4, 321906, 467205
2024/1/25, 00:00:00, 2283.6, 2283.6, 2283.6, 2283.6, 298583, 461324
2024/1/26, 00:00:00, 2283.6, 2283.6, 2283.6, 2283.6, 214400, 453014
2024/1/29, 00:00:00, 2292.2, 2292.2, 2292.2, 2292.2, 344980, 434256
2024/1/30, 00:00:00, 2299.4, 2299.4, 2299.4, 2299.4, 251897, 430328
2024/1/31, 00:00:00, 2314.0, 2314.0, 2314.0, 2314.0, 254145, 432793
2024/2/1, 00:00:00, 2317.7, 2317.7, 2317.7, 2317.7, 276094, 430036
2024/2/2, 00:00:00, 2303.9, 2303.9, 2303.9, 2303.9, 243755, 419923
2024/2/5, 00:00:00, 2294.0, 2294.0, 2294.0, 2294.0, 182059, 418029
2024/2/6, 00:00:00, 2302.1, 2302.1, 2302.1, 2302.1, 134435, 419121
2024/2/7, 00:00:00, 2302.2, 2302.2, 2302.2, 2302.2, 134721, 421429
2024/2/8, 00:00:00, 2298.9, 2298.9, 2298.9, 2298.9, 147865, 420398
2024/2/9, 00:00:00, 2290.8, 2290.8, 2290.8, 2290.8, 131365, 417607
2024/2/12, 00:00:00, 2285.7, 2285.7, 2285.7, 2285.7, 125398, 417298
2024/2/13, 00:00:00, 2261.9, 2261.9, 2261.9, 2261.9, 233456, 420812
2024/2/14, 00:00:00, 2260.3, 2260.3, 2260.3, 2260.3, 210643, 419172
2024/2/15, 00:00:00, 2270.7, 2270.7, 2270.7, 2270.7, 216131, 412454
2024/2/16, 00:00:00, 2281.5, 2281.5, 2281.5, 2281.5, 170633, 406999
2024/2/20, 00:00:00, 2296.9, 2296.9, 2296.9, 2296.9, 217075, 407063
2024/2/21, 00:00:00, 2292.2, 2292.2, 2292.2, 2292.2, 127896, 407169
2024/2/22, 00:00:00, 2289.1, 2289.1, 2289.1, 2289.1, 158218, 408043
2024/2/23, 00:00:00, 2308.2, 2308.2, 2308.2, 2308.2, 223616, 413724
2024/2/26, 00:00:00, 2298.5, 2298.5, 2298.5, 2298.5, 137311, 410324
2024/2/27, 00:00:00, 2304.6, 2304.6, 2304.6, 2304.6, 158198, 410399
2024/2/28, 00:00:00, 2303.5, 2303.5, 2303.5, 2303.5, 144899, 411689
2024/2/29, 00:00:00, 2315.6, 2315.6, 2315.6, 2315.6, 239731, 424082
2024/3/1, 00:00:00, 2357.2, 2357.2, 2357.2, 2357.2, 386218, 454383
2024/3/4, 00:00:00, 2389.8, 2389.8, 2389.8, 2389.8, 380869, 467693
2024/3/5, 00:00:00, 2406.2, 2406.2, 2406.2, 2406.2, 311194, 471616
2024/3/6, 00:00:00, 2422.5, 2422.5, 2422.5, 2422.5, 358421, 487332
2024/3/7, 00:00:00, 2430.1, 2430.1, 2430.1, 2430.1, 335494, 506927
2024/3/8, 00:00:00, 2451.0, 2451.0, 2451.0, 2451.0, 505088, 534119
2024/3/11, 00:00:00, 2455.3, 2455.3, 2455.3, 2455.3, 334172, 529474
2024/3/12, 00:00:00, 2434.0, 2434.0, 2434.0, 2434.0, 388868, 516057
2024/3/13, 00:00:00, 2449.7, 2449.7, 2449.7, 2449.7, 306646, 540654
2024/3/14, 00:00:00, 2437.2, 2437.2, 2437.2, 2437.2, 240059, 539571
2024/3/15, 00:00:00, 2432.5, 2432.5, 2432.5, 2432.5, 220613, 535274
2024/3/18, 00:00:00, 2439.9, 2439.9, 2439.9, 2439.9, 267942, 539420
2024/3/19, 00:00:00, 2435.4, 2435.4, 2435.4, 2435.4, 224755, 535047
2024/3/20, 00:00:00, 2436.0, 2436.0, 2436.0, 2436.0, 294101, 537614
2024/3/21, 00:00:00, 2460.3, 2460.3, 2460.3, 2460.3, 528034, 538677
2024/3/22, 00:00:00, 2434.7, 2434.7, 2434.7, 2434.7, 300427, 528410
2024/3/25, 00:00:00, 2451.8, 2451.8, 2451.8, 2451.8, 342960, 515458
2024/3/26, 00:00:00, 2453.6, 2453.6, 2453.6, 2453.6, 432130, 502951
2024/3/27, 00:00:00, 2467.8, 2467.8, 2467.8, 2467.8, 230129, 500741
2024/3/28, 00:00:00, 2495.4, 2495.4, 2495.4, 2495.4, 264768, 507408
2024/4/1, 00:00:00, 2518.8, 2518.8, 2518.8, 2518.8, 235044, 498778
2024/4/2, 00:00:00, 2546.4, 2546.4, 2546.4, 2546.4, 291848, 500045
2024/4/3, 00:00:00, 2580.9, 2580.9, 2580.9, 2580.9, 267353, 499606
2024/4/4, 00:00:00, 2575.7, 2575.7, 2575.7, 2575.7, 245856, 499257
2024/4/5, 00:00:00, 2614.7, 2614.7, 2614.7, 2614.7, 309491, 509247
2024/4/8, 00:00:00, 2622.2, 2622.2, 2622.2, 2622.2, 301670, 503537
2024/4/9, 00:00:00, 2634.9, 2634.9, 2634.9, 2634.9, 294408, 505214
2024/4/10, 00:00:00, 2625.4, 2625.4, 2625.4, 2625.4, 370429, 505601
2024/4/11, 00:00:00, 2651.1, 2651.1, 2651.1, 2651.1, 285667, 523277
2024/4/12, 00:00:00, 2654.4, 2654.4, 2654.4, 2654.4, 517162, 513870
2024/4/15, 00:00:00, 2664.2, 2664.2, 2664.2, 2664.2, 360886, 513150
2024/4/16, 00:00:00, 2690.3, 2690.3, 2690.3, 2690.3, 307967, 517193
2024/4/17, 00:00:00, 2671.4, 2671.4, 2671.4, 2671.4, 295703, 515463
2024/4/18, 00:00:00, 2680.8, 2680.8, 2680.8, 2680.8, 211946, 520484
2024/4/19, 00:00:00, 2697.0, 2697.0, 2697.0, 2697.0, 285116, 520391
2024/4/22, 00:00:00, 2627.5, 2627.5, 2627.5, 2627.5, 279533, 514937
2024/4/23, 00:00:00, 2621.5, 2621.5, 2621.5, 2621.5, 286813, 516249
2024/4/24, 00:00:00, 2618.1, 2618.1, 2618.1, 2618.1, 197049, 517590
2024/4/25, 00:00:00, 2622.2, 2622.2, 2622.2, 2622.2, 239815, 520914
2024/4/26, 00:00:00, 2635.5, 2635.5, 2635.5, 2635.5, 182729, 520435
2024/4/29, 00:00:00, 2646.5, 2646.5, 2646.5, 2646.5, 198386, 524852
2024/4/30, 00:00:00, 2591.1, 2591.1, 2591.1, 2591.1, 247763, 519791
2024/5/1, 00:00:00, 2599.6, 2599.6, 2599.6, 2599.6, 248242, 522588
2024/5/2, 00:00:00, 2598.2, 2598.2, 2598.2, 2598.2, 218856, 526097
2024/5/3, 00:00:00, 2592.7, 2592.7, 2592.7, 2592.7, 263509, 525542
2024/5/6, 00:00:00, 2616.4, 2616.4, 2616.4, 2616.4, 220197, 530335
2024/5/7, 00:00:00, 2609.2, 2609.2, 2609.2, 2609.2, 284871, 529835
2024/5/8, 00:00:00, 2607.8, 2607.8, 2607.8, 2607.8, 287902, 526888
2024/5/9, 00:00:00, 2624.6, 2624.6, 2624.6, 2624.6, 305462, 539556
2024/5/10, 00:00:00, 2661.6, 2661.6, 2661.6, 2661.6, 357734, 529367
2024/5/13, 00:00:00, 2630.0, 2630.0, 2630.0, 2630.0, 306520, 522331
2024/5/14, 00:00:00, 2646.9, 2646.9, 2646.9, 2646.9, 218648, 522952
2024/5/15, 00:00:00, 2682.0, 2682.0, 2682.0, 2682.0, 284298, 532275
2024/5/16, 00:00:00, 2673.7, 2673.7, 2673.7, 2673.7, 223670, 528847
2024/5/17, 00:00:00, 2706.7, 2706.7, 2706.7, 2706.7, 256384, 538790
2024/5/20, 00:00:00, 2729.7, 2729.7, 2729.7, 2729.7, 339595, 527782
2024/5/21, 00:00:00, 2716.8, 2716.8, 2716.8, 2716.8, 280764, 530591
2024/5/22, 00:00:00, 2683.6, 2683.6, 2683.6, 2683.6, 309894, 514669
2024/5/23, 00:00:00, 2627.1, 2627.1, 2627.1, 2627.1, 349121, 505665
2024/5/24, 00:00:00, 2623.8, 2623.8, 2623.8, 2623.8, 235251, 497913
2024/5/28, 00:00:00, 2647.8, 2647.8, 2647.8, 2647.8, 454528, 485430
2024/5/29, 00:00:00, 2632.8, 2632.8, 2632.8, 2632.8, 298942, 474834
2024/5/30, 00:00:00, 2635.0, 2635.0, 2635.0, 2635.0, 232966, 480039
2024/5/31, 00:00:00, 2614.3, 2614.3, 2614.3, 2614.3, 191406, 459251
2024/6/3, 00:00:00, 2637.0, 2637.0, 2637.0, 2637.0, 180431, 455086
2024/6/4, 00:00:00, 2614.1, 2614.1, 2614.1, 2614.1, 181069, 447488
2024/6/5, 00:00:00, 2642.3, 2642.3, 2642.3, 2642.3, 179328, 453409
2024/6/6, 00:00:00, 2658.4, 2658.4, 2658.4, 2658.4, 179077, 456354
2024/6/7, 00:00:00, 2591.7, 2591.7, 2591.7, 2591.7, 328824, 441808
2024/6/10, 00:00:00, 2593.1, 2593.1, 2593.1, 2593.1, 148889, 435003
2024/6/11, 00:00:00, 2592.7, 2592.7, 2592.7, 2592.7, 153053, 436857
2024/6/12, 00:00:00, 2618.7, 2618.7, 2618.7, 2618.7, 249379, 436563
2024/6/13, 00:00:00, 2579.3, 2579.3, 2579.3, 2579.3, 191355, 433946
2024/6/14, 00:00:00, 2610.4, 2610.4, 2610.4, 2610.4, 170346, 442050
2024/6/17, 00:00:00, 2591.7, 2591.7, 2591.7, 2591.7, 128720, 439211
2024/6/18, 00:00:00, 2609.5, 2609.5, 2609.5, 2609.5, 160882, 444345
2024/6/20, 00:00:00, 2632.3, 2632.3, 2632.3, 2632.3, 264067, 457423
2024/6/21, 00:00:00, 2593.4, 2593.4, 2593.4, 2593.4, 203257, 453535
2024/6/24, 00:00:00, 2607.6, 2607.6, 2607.6, 2607.6, 123963, 453353
2024/6/25, 00:00:00, 2594.1, 2594.1, 2594.1, 2594.1, 155800, 452190
2024/6/26, 00:00:00, 2576.2, 2576.2, 2576.2, 2576.2, 203920, 442077
2024/6/27, 00:00:00, 2598.2, 2598.2, 2598.2, 2598.2, 155583, 448086
2024/6/28, 00:00:00, 2601.6, 2601.6, 2601.6, 2601.6, 145350, 448354
2024/7/1, 00:00:00, 2601.5, 2601.5, 2601.5, 2601.5, 157475, 451708
2024/7/2, 00:00:00, 2595.8, 2595.8, 2595.8, 2595.8, 181697, 454730
2024/7/3, 00:00:00, 2633.1, 2633.1, 2633.1, 2633.1, 235330, 472239
2024/7/5, 00:00:00, 2661.7, 2661.7, 2661.7, 2661.7, 350234, 507642
2024/7/8, 00:00:00, 2628.0, 2628.0, 2628.0, 2628.0, 336753, 510067
2024/7/9, 00:00:00, 2632.3, 2632.3, 2632.3, 2632.3, 365518, 516324
2024/7/10, 00:00:00, 2644.6, 2644.6, 2644.6, 2644.6, 223466, 528741
2024/7/11, 00:00:00, 2686.7, 2686.7, 2686.7, 2686.7, 411105, 556967
2024/7/12, 00:00:00, 2684.5, 2684.5, 2684.5, 2684.5, 299817, 549496
2024/7/15, 00:00:00, 2692.6, 2692.6, 2692.6, 2692.6, 235000, 564121
2024/7/16, 00:00:00, 2732.7, 2732.7, 2732.7, 2732.7, 314780, 579862
2024/7/17, 00:00:00, 2726.1, 2726.1, 2726.1, 2726.1, 331294, 592259
2024/7/18, 00:00:00, 2722.8, 2722.8, 2722.8, 2722.8, 238717, 598013
2024/7/19, 00:00:00, 2664.3, 2664.3, 2664.3, 2664.3, 324641, 584673
2024/7/22, 00:00:00, 2657.7, 2657.7, 2657.7, 2657.7, 267228, 585067
2024/7/23, 00:00:00, 2670.8, 2670.8, 2670.8, 2670.8, 244636, 572306
2024/7/24, 00:00:00, 2679.0, 2679.0, 2679.0, 2679.0, 368392, 570941
2024/7/25, 00:00:00, 2612.8, 2612.8, 2612.8, 2612.8, 426892, 537014
2024/7/26, 00:00:00, 2641.2, 2641.2, 2641.2, 2641.2, 254417, 519603
2024/7/29, 00:00:00, 2639.0, 2639.0, 2639.0, 2639.0, 306524, 509212
2024/7/30, 00:00:00, 2666.2, 2666.2, 2666.2, 2666.2, 226830, 510914
2024/7/31, 00:00:00, 2688.8, 2688.8, 2688.8, 2688.8, 194128, 504204
2024/8/1, 00:00:00, 2691.1, 2691.1, 2691.1, 2691.1, 239230, 512329
2024/8/2, 00:00:00, 2669.7, 2669.7, 2669.7, 2669.7, 337792, 507517
2024/8/5, 00:00:00, 2640.0, 2641.0, 2632.1, 2632.1, 380085, 487849
2024/8/6, 00:00:00, 2621.4, 2621.4, 2621.4, 2621.4, 199716, 480645
2024/8/7, 00:00:00, 2622.8, 2622.8, 2622.8, 2622.8, 177481, 478618
2024/8/8, 00:00:00, 2654.9, 2654.9, 2654.9, 2654.9, 192800, 480120
2024/8/9, 00:00:00, 2665.9, 2665.9, 2665.9, 2665.9, 164943, 482596
2024/8/12, 00:00:00, 2699.4, 2699.4, 2699.4, 2699.4, 187644, 495708
2024/8/13, 00:00:00, 2710.0, 2710.0, 2701.9, 2701.9, 170848, 505872
2024/8/14, 00:00:00, 2673.0, 2673.0, 2673.0, 2673.0, 198936, 501667
2024/8/15, 00:00:00, 2689.0, 2689.0, 2689.0, 2689.0, 182458, 501846
2024/8/16, 00:00:00, 2737.4, 2737.4, 2737.4, 2737.4, 241588, 525957
2024/8/19, 00:00:00, 2730.0, 2741.4, 2730.0, 2741.4, 167230, 526963
2024/8/20, 00:00:00, 2752.5, 2752.5, 2752.5, 2752.5, 207115, 532867
2024/8/21, 00:00:00, 2748.4, 2748.4, 2748.4, 2748.4, 160529, 531699
2024/8/22, 00:00:00, 2717.4, 2717.4, 2717.4, 2717.4, 190150, 522269
2024/8/23, 00:00:00, 2746.7, 2746.7, 2746.7, 2746.7, 175784, 524290
2024/8/26, 00:00:00, 2755.6, 2755.6, 2755.6, 2755.6, 136973, 525873
2024/8/27, 00:00:00, 2753.0, 2753.0, 2753.0, 2753.0, 157211, 521759
2024/8/28, 00:00:00, 2738.0, 2738.0, 2738.0, 2738.0, 179992, 521688
2024/8/29, 00:00:00, 2759.8, 2759.8, 2759.8, 2759.8, 177111, 525188
2024/8/30, 00:00:00, 2726.8, 2726.8, 2726.8, 2726.8, 189656, 516479
2024/9/3, 00:00:00, 2721.7, 2721.7, 2721.7, 2721.7, 288900, 511136
2024/9/4, 00:00:00, 2700.0, 2722.3, 2700.0, 2722.3, 180063, 510721
2024/9/5, 00:00:00, 2720.0, 2738.4, 2720.0, 2738.4, 162734, 511282
2024/9/6, 00:00:00, 2716.2, 2739.0, 2716.2, 2716.2, 239095, 507787
2024/9/9, 00:00:00, 2722.9, 2722.9, 2722.9, 2722.9, 148916, 506476
2024/9/10, 00:00:00, 2732.5, 2732.5, 2732.5, 2732.5, 168427, 511501
2024/9/11, 00:00:00, 2733.7, 2733.7, 2732.2, 2732.2, 205932, 513469
2024/9/12, 00:00:00, 2771.9, 2771.9, 2771.9, 2771.9, 252117, 536025
2024/9/13, 00:00:00, 2801.0, 2801.0, 2801.0, 2801.0, 197989, 544348
2024/9/16, 00:00:00, 2797.4, 2797.4, 2797.4, 2797.4, 137267, 543330
2024/9/17, 00:00:00, 2781.6, 2781.6, 2781.6, 2781.6, 172096, 537627
2024/9/18, 00:00:00, 2788.6, 2788.6, 2788.6, 2788.6, 252511, 538269
2024/9/19, 00:00:00, 2804.3, 2804.3, 2804.3, 2804.3, 216537, 538832
2024/9/20, 00:00:00, 2837.5, 2837.5, 2837.5, 2837.5, 225557, 555303
2024/9/23, 00:00:00, 2843.8, 2843.8, 2843.8, 2843.8, 186116, 556720
2024/9/24, 00:00:00, 2871.7, 2871.7, 2871.7, 2871.7, 239695, 564640
2024/9/25, 00:00:00, 2879.5, 2879.5, 2879.5, 2879.5, 217605, 553986
2024/9/26, 00:00:00, 2891.4, 2891.4, 2891.4, 2891.4, 242783, 550330
2024/9/27, 00:00:00, 2890.5, 2890.5, 2863.2, 2863.2, 209716, 544026
2024/9/30, 00:00:00, 2860.6, 2860.6, 2856.3, 2856.3, 182529, 528392
2024/10/1, 00:00:00, 2888.6, 2888.6, 2888.6, 2888.6, 214346, 533107
2024/10/2, 00:00:00, 2890.0, 2890.0, 2872.9, 2872.9, 134173, 529827
2024/10/3, 00:00:00, 2882.7, 2882.7, 2882.7, 2882.7, 145351, 528440
2024/10/4, 00:00:00, 2878.8, 2878.8, 2878.8, 2878.8, 216667, 529919
2024/10/7, 00:00:00, 2880.6, 2880.6, 2880.6, 2880.6, 142003, 526822
2024/10/8, 00:00:00, 2848.4, 2848.4, 2848.4, 2848.4, 257903, 520316
2024/10/9, 00:00:00, 2840.0, 2840.0, 2840.0, 2840.0, 154924, 521836
2024/10/10, 00:00:00, 2856.2, 2856.2, 2856.2, 2856.2, 230593, 531106
2024/10/11, 00:00:00, 2892.8, 2892.8, 2892.8, 2892.8, 182419, 538734
2024/10/14, 00:00:00, 2883.7, 2883.7, 2883.7, 2883.7, 127304, 536624
2024/10/15, 00:00:00, 2896.5, 2896.5, 2896.5, 2896.5, 170097, 541232
2024/10/16, 00:00:00, 2909.7, 2909.7, 2909.7, 2909.7, 166517, 547421
2024/10/17, 00:00:00, 2926.2, 2926.2, 2926.2, 2926.2, 199224, 557758
2024/10/18, 00:00:00, 2950.4, 2950.4, 2950.4, 2950.4, 195121, 566714
2024/10/21, 00:00:00, 2961.2, 2961.2, 2961.2, 2961.2, 225541, 567444
2024/10/22, 00:00:00, 2982.1, 2984.8, 2982.1, 2984.8, 187067, 573760
2024/10/23, 00:00:00, 2957.6, 2957.6, 2957.6, 2957.6, 231664, 565369
2024/10/24, 00:00:00, 2977.2, 2977.2, 2977.2, 2977.2, 198223, 565131
2024/10/25, 00:00:00, 2982.8, 2982.8, 2982.8, 2982.8, 162858, 565397
2024/10/28, 00:00:00, 2986.4, 2986.4, 2986.4, 2986.4, 175066, 561406
2024/10/29, 00:00:00, 3000.0, 3011.4, 3000.0, 3011.4, 236538, 579443
2024/10/30, 00:00:00, 3036.0, 3036.0, 3036.0, 3036.0, 216854, 584445
2024/10/31, 00:00:00, 2997.6, 2997.6, 2984.8, 2984.8, 282258, 568592
2024/11/1, 00:00:00, 2987.6, 2987.6, 2983.7, 2983.7, 207833, 562253
2024/11/4, 00:00:00, 2981.6, 2981.6, 2981.6, 2981.6, 164068, 558125
2024/11/5, 00:00:00, 2988.1, 2988.1, 2988.1, 2988.1, 183786, 558034
2024/11/6, 00:00:00, 2914.1, 2914.1, 2914.1, 2914.1, 421271, 547625
2024/11/7, 00:00:00, 2944.0, 2944.0, 2944.0, 2944.0, 389231, 553566
2024/11/8, 00:00:00, 2932.8, 2932.8, 2932.8, 2932.8, 321189, 552706
2024/11/11, 00:00:00, 2900.0, 2900.0, 2853.7, 2853.7, 366802, 540538
2024/11/12, 00:00:00, 2842.3, 2842.3, 2842.3, 2842.3, 366970, 535981
2024/11/13, 00:00:00, 2819.9, 2819.9, 2819.9, 2819.9, 345108, 541243
2024/11/14, 00:00:00, 2810.0, 2810.0, 2805.5, 2805.5, 314507, 535891
2024/11/15, 00:00:00, 2802.7, 2802.7, 2802.7, 2802.7, 225951, 518182
2024/11/18, 00:00:00, 2849.5, 2849.5, 2849.5, 2849.5, 255690, 515181
2024/11/19, 00:00:00, 2865.7, 2865.7, 2865.7, 2865.7, 263175, 502952
2024/11/20, 00:00:00, 2888.5, 2888.5, 2888.5, 2888.5, 238577, 501315
2024/11/21, 00:00:00, 2913.1, 2913.1, 2913.1, 2913.1, 261382, 496192
2024/11/22, 00:00:00, 2954.7, 2954.7, 2954.7, 2954.7, 306237, 503904
2024/11/25, 00:00:00, 2857.1, 2857.1, 2857.1, 2857.1, 473439, 481161
2024/11/26, 00:00:00, 2860.8, 2860.8, 2860.8, 2860.8, 339459, 472617
2024/11/27, 00:00:00, 2875.2, 2875.2, 2875.2, 2875.2, 240544, 468283
2024/11/29, 00:00:00, 2890.4, 2890.4, 2890.4, 2890.4, 197001, 457765
2024/12/2, 00:00:00, 2871.1, 2871.1, 2871.1, 2871.1, 174149, 459383
2024/12/3, 00:00:00, 2878.8, 2878.8, 2878.8, 2878.8, 150833, 462040
2024/12/4, 00:00:00, 2885.9, 2885.9, 2885.9, 2885.9, 189727, 468864
2024/12/5, 00:00:00, 2857.0, 2857.0, 2857.0, 2857.0, 168525, 469491
2024/12/6, 00:00:00, 2866.4, 2866.4, 2866.4, 2866.4, 187663, 467975
2024/12/9, 00:00:00, 2854.0, 2900.0, 2854.0, 2897.0, 203994, 476119
2024/12/10, 00:00:00, 2929.5, 2929.5, 2929.5, 2929.5, 200529, 483346
2024/12/11, 00:00:00, 2965.1, 2965.1, 2965.1, 2965.1, 307167, 495497
2024/12/12, 00:00:00, 2918.0, 2921.8, 2918.0, 2921.8, 245070, 490589
2024/12/13, 00:00:00, 2895.0, 2895.0, 2889.3, 2889.3, 197109, 478067
2024/12/16, 00:00:00, 2883.9, 2883.9, 2883.9, 2883.9, 127295, 471098
2024/12/17, 00:00:00, 2877.6, 2877.6, 2877.6, 2877.6, 159149, 466571
2024/12/18, 00:00:00, 2871.6, 2871.6, 2871.6, 2871.6, 168297, 461876
2024/12/19, 00:00:00, 2829.9, 2829.9, 2829.9, 2829.9, 201177, 457814
2024/12/20, 00:00:00, 2865.9, 2865.9, 2865.9, 2865.9, 163249, 458644
2024/12/23, 00:00:00, 2850.7, 2850.7, 2850.7, 2850.7, 111395, 455558
2024/12/24, 00:00:00, 2860.8, 2860.8, 2860.8, 2860.8, 57816, 454646
2024/12/26, 00:00:00, 2882.8, 2882.8, 2882.8, 2882.8, 85508, 450587
2024/12/27, 00:00:00, 2863.6, 2863.6, 2863.6, 2863.6, 101579, 448451
2024/12/30, 00:00:00, 2856.2, 2856.2, 2856.2, 2856.2, 125657, 450970
2024/12/31, 00:00:00, 2886.1, 2886.1, 2886.1, 2886.1, 111837, 458584
2025/1/2, 00:00:00, 2908.9, 2908.9, 2908.9, 2908.9, 166422, 467335
2025/1/3, 00:00:00, 2890.5, 2890.5, 2890.5, 2890.5, 146382, 467129
2025/1/6, 00:00:00, 2881.8, 2881.8, 2881.8, 2881.8, 196652, 464000
2025/1/7, 00:00:00, 2901.0, 2901.0, 2901.0, 2901.0, 192387, 477043
2025/1/8, 00:00:00, 2910.2, 2910.2, 2910.2, 2910.2, 267403, 481858
2025/1/9, 00:00:00, 2928.6, 2928.6, 2928.6, 2928.6, 220269, 489745
2025/1/10, 00:00:00, 2953.6, 2953.6, 2953.6, 2953.6, 401369, 499105
2025/1/13, 00:00:00, 2914.2, 2914.2, 2914.2, 2914.2, 300008, 504889
2025/1/14, 00:00:00, 2920.9, 2920.9, 2920.9, 2920.9, 262816, 526467
2025/1/15, 00:00:00, 2956.7, 2956.7, 2956.7, 2956.7, 228729, 536035
2025/1/16, 00:00:00, 2965.0, 3000.0, 2965.0, 2991.9, 227416, 552464
2025/1/17, 00:00:00, 2990.0, 2990.7, 2990.0, 2990.7, 198435, 556644
2025/1/21, 00:00:00, 3003.7, 3003.7, 3003.7, 3003.7, 367795, 571387
2025/1/22, 00:00:00, 3003.0, 3015.8, 3003.0, 3015.8, 208748, 581989
2025/1/23, 00:00:00, 3010.3, 3010.3, 3010.3, 3010.3, 262357, 586555
2025/1/24, 00:00:00, 3026.1, 3026.1, 3026.1, 3026.1, 291988, 597295
2025/1/27, 00:00:00, 2987.2, 2987.2, 2987.2, 2987.2, 337585, 582778
2025/1/28, 00:00:00, 3021.2, 3021.2, 3021.2, 3021.2, 320105, 577505
2025/1/29, 00:00:00, 3014.9, 3014.9, 3014.9, 3014.9, 312877, 565845
2025/1/30, 00:00:00, 3066.3, 3066.3, 3066.3, 3066.3, 247938, 574707
2025/1/31, 00:00:00, 3054.4, 3054.4, 3054.4, 3054.4, 179004, 548642
2025/2/3, 00:00:00, 3073.8, 3073.8, 3073.8, 3073.8, 196473, 543681
2025/2/4, 00:00:00, 3094.5, 3094.5, 3094.5, 3094.5, 160979, 542004
2025/2/5, 00:00:00, 3112.9, 3112.9, 3112.9, 3112.9, 187322, 540351
2025/2/6, 00:00:00, 3100.2, 3100.2, 3100.2, 3100.2, 185240, 534054
2025/2/7, 00:00:00, 3116.1, 3116.1, 3116.1, 3116.1, 212904, 530738
2025/2/10, 00:00:00, 3167.1, 3167.1, 3167.1, 3167.1, 188067, 536202
2025/2/11, 00:00:00, 3171.8, 3171.8, 3171.8, 3171.8, 247346, 528719
2025/2/12, 00:00:00, 3172.0, 3172.0, 3172.0, 3172.0, 218896, 528051
2025/2/13, 00:00:00, 3188.3, 3188.3, 3188.3, 3188.3, 195812, 530293
2025/2/14, 00:00:00, 3150.0, 3150.0, 3140.5, 3140.5, 247066, 520641
2025/2/18, 00:00:00, 3188.9, 3188.9, 3188.9, 3188.9, 240880, 522330
2025/2/19, 00:00:00, 3171.6, 3171.6, 3171.6, 3171.6, 180523, 524184
2025/2/20, 00:00:00, 3192.0, 3192.0, 3192.0, 3192.0, 183934, 526625
2025/2/21, 00:00:00, 3188.5, 3188.5, 3188.5, 3188.5, 174706, 525321
2025/2/24, 00:00:00, 3200.5, 3200.5, 3200.5, 3200.5, 174241, 529785
2025/2/25, 00:00:00, 3155.6, 3155.6, 3155.6, 3155.6, 256098, 512179
2025/2/26, 00:00:00, 3166.6, 3166.6, 3166.6, 3166.6, 175151, 512654
2025/2/27, 00:00:00, 3131.8, 3131.8, 3131.8, 3131.8, 221721, 507722
2025/2/28, 00:00:00, 3115.0, 3115.0, 3082.9, 3082.9, 227387, 489629
2025/3/3, 00:00:00, 3137.0, 3137.0, 3137.0, 3137.0, 199653, 488842
2025/3/4, 00:00:00, 3155.8, 3155.8, 3155.8, 3155.8, 209732, 489270
2025/3/5, 00:00:00, 3160.6, 3160.6, 3160.6, 3160.6, 205124, 492353
2025/3/6, 00:00:00, 3161.1, 3161.1, 3161.1, 3161.1, 189924, 493608
2025/3/7, 00:00:00, 3169.1, 3169.1, 3147.3, 3147.3, 309975, 499776
2025/3/10, 00:00:00, 3130.8, 3130.8, 3130.8, 3130.8, 294278, 505149
2025/3/11, 00:00:00, 3130.8, 3152.9, 3130.8, 3152.9, 258254, 511276
2025/3/12, 00:00:00, 3177.5, 3177.5, 3177.5, 3177.5, 283347, 508714
2025/3/13, 00:00:00, 3222.5, 3222.5, 3222.5, 3222.5, 339776, 526145
2025/3/14, 00:00:00, 3231.9, 3231.9, 3231.9, 3231.9, 219862, 532348
2025/3/17, 00:00:00, 3237.1, 3237.1, 3237.1, 3237.1, 163033, 531211
2025/3/18, 00:00:00, 3275.2, 3275.2, 3275.2, 3275.2, 213118, 533566
2025/3/19, 00:00:00, 3276.1, 3276.1, 3276.1, 3276.1, 170965, 537836
2025/3/20, 00:00:00, 3294.2, 3294.4, 3274.8, 3277.5, 176017, 532731
2025/3/21, 00:00:00, 3250.5, 3250.5, 3250.5, 3250.5, 245993, 519140
2025/3/24, 00:00:00, 3244.4, 3244.4, 3244.4, 3244.4, 307601, 506999
2025/3/25, 00:00:00, 3255.4, 3255.4, 3255.4, 3255.4, 274164, 511482
2025/3/26, 00:00:00, 3251.8, 3251.8, 3251.8, 3251.8, 297001, 508083
2025/3/27, 00:00:00, 3290.4, 3290.4, 3289.4, 3289.4, 327369, 512116
2025/3/28, 00:00:00, 3313.2, 3313.2, 3313.2, 3313.2, 250631, 574824
2025/3/31, 00:00:00, 3318.0, 3350.2, 3318.0, 3350.2, 247509, 505772
2025/4/1, 00:00:00, 3360.0, 3360.0, 3342.9, 3345.8, 213871, 498746
2025/4/2, 00:00:00, 3350.0, 3372.1, 3342.9, 3367.6, 250242, 493720
2025/4/3, 00:00:00, 3367.8, 3377.5, 3310.0, 3321.1, 424365, 485008
2025/4/4, 00:00:00, 3308.2, 3341.1, 3229.4, 3229.4, 373167, 467059
2025/4/7, 00:00:00, 3198.5, 3225.0, 3168.2, 3168.2, 357332, 473354
2025/4/8, 00:00:00, 3210.4, 3210.4, 3186.5, 3186.5, 219339, 445468
2025/4/9, 00:00:00, 3197.0, 3315.1, 3190.5, 3283.8, 326082, 449087
2025/4/10, 00:00:00, 3300.0, 3390.1, 3300.0, 3384.1, 259651, 459504
2025/4/11, 00:00:00, 3415.6, 3470.0, 3415.6, 3459.3, 269736, 457803
2025/4/14, 00:00:00, 3453.6, 3453.6, 3440.8, 3440.8, 200492, 454327
2025/4/15, 00:00:00, 3458.7, 3459.6, 3451.8, 3455.3, 133283, 456628
2025/4/16, 00:00:00, 3507.4, 3566.0, 3507.4, 3566.0, 277736, 463490
2025/4/17, 00:00:00, 3520.3, 3553.9, 3520.3, 3547.5, 261675, 458586
2025/4/21, 00:00:00, 3657.6, 3658.0, 3647.7, 3647.7, 263293, 466325
2025/4/22, 00:00:00, 3719.0, 3720.1, 3645.0, 3645.0, 453766, 465351
2025/4/23, 00:00:00, 3600.0, 3600.0, 3518.0, 3518.0, 398663, 458673
2025/4/24, 00:00:00, 3570.8, 3574.7, 3570.8, 3574.7, 255532, 446637
2025/4/25, 00:00:00, 3523.2, 3523.2, 3523.2, 3523.2, 258408, 445548
2025/4/28, 00:00:00, 3547.0, 3573.2, 3547.0, 3573.2, 230154, 448023
2025/4/29, 00:00:00, 3539.5, 3557.6, 3539.5, 3557.6, 180037, 451868
2025/4/30, 00:00:00, 3539.4, 3540.6, 3539.4, 3540.2, 220899, 442851
2025/5/1, 00:00:00, 3458.7, 3472.0, 3442.2, 3442.2, 236137, 439159
2025/5/2, 00:00:00, 3480.3, 3480.3, 3461.8, 3464.0, 231753, 438327
2025/5/5, 00:00:00, 3486.0, 3546.2, 3486.0, 3546.2, 206550, 442137
2025/5/6, 00:00:00, 3652.1, 3652.1, 3650.0, 3650.0, 305227, 452414
2025/5/7, 00:00:00, 3615.0, 3619.6, 3615.0, 3619.6, 389124, 443832
2025/5/8, 00:00:00, 3565.0, 3591.3, 3530.0, 3532.6, 405479, 438431
2025/5/9, 00:00:00, 3563.3, 3570.6, 3516.1, 3570.6, 283747, 438271
2025/5/12, 00:00:00, 3451.9, 3456.3, 3451.9, 3454.9, 381812, 440560
2025/5/13, 00:00:00, 3476.1, 3476.1, 3476.1, 3476.1, 269476, 440842
2025/5/14, 00:00:00, 3410.0, 3413.8, 3400.0, 3413.8, 269028, 441565
2025/5/15, 00:00:00, 3407.7, 3450.7, 3374.7, 3450.7, 289439, 440192
2025/5/16, 00:00:00, 3410.0, 3410.0, 3410.0, 3410.0, 272183, 441666
2025/5/19, 00:00:00, 3458.2, 3458.2, 3458.2, 3458.2, 214727, 442943
2025/5/20, 00:00:00, 3511.0, 3511.0, 3508.4, 3508.4, 261793, 448000
2025/5/21, 00:00:00, 3528.1, 3550.1, 3528.1, 3540.1, 287807, 453340
2025/5/22, 00:00:00, 3522.1, 3522.1, 3522.1, 3522.1, 295020, 452564
2025/5/23, 00:00:00, 3584.0, 3595.5, 3584.0, 3595.5, 328476, 451013
2025/5/27, 00:00:00, 3535.0, 3536.9, 3521.0, 3531.6, 445043, 437538
2025/5/28, 00:00:00, 3550.0, 3552.2, 3520.0, 3524.2, 325056, 429016
2025/5/29, 00:00:00, 3477.7, 3542.3, 3477.7, 3542.3, 264492, 422605
2025/5/30, 00:00:00, 3513.1, 3513.1, 3513.1, 3513.1, 194287, 408787
2025/6/2, 00:00:00, 3545.1, 3602.0, 3545.1, 3597.0, 193512, 416217
2025/6/3, 00:00:00, 3607.6, 3607.6, 3579.9, 3579.9, 183575, 415941
2025/6/4, 00:00:00, 3600.0, 3601.3, 3600.0, 3601.3, 175634, 417254
2025/6/5, 00:00:00, 3603.2, 3603.2, 3574.6, 3574.6, 237681, 418066
2025/6/6, 00:00:00, 3584.2, 3588.0, 3546.3, 3546.3, 199080, 415962
2025/6/9, 00:00:00, 3534.1, 3554.8, 3534.1, 3554.8, 154650, 414493
2025/6/10, 00:00:00, 3543.3, 3543.3, 3543.3, 3543.3, 169829, 417143
2025/6/11, 00:00:00, 3561.5, 3561.5, 3542.8, 3542.8, 214363, 423276
2025/6/12, 00:00:00, 3587.1, 3599.7, 3571.3, 3599.7, 245984, 432310
2025/6/13, 00:00:00, 3631.7, 3660.0, 3631.7, 3652.4, 282363, 439674
2025/6/16, 00:00:00, 3655.0, 3658.2, 3614.3, 3616.3, 200516, 439321
2025/6/17, 00:00:00, 3621.4, 3621.4, 3601.0, 3607.1, 219624, 441214
2025/6/18, 00:00:00, 3611.6, 3611.6, 3593.1, 3607.1, 188377, 442374
2025/6/20, 00:00:00, 3591.6, 3591.6, 3564.5, 3584.9, 294492, 440107
2025/6/23, 00:00:00, 3593.0, 3597.0, 3593.0, 3593.5, 206078, 440905
2025/6/24, 00:00:00, 3507.0, 3532.1, 3507.0, 3532.1, 247265, 434958
2025/6/25, 00:00:00, 3540.0, 3545.0, 3540.0, 3541.7, 139890, 434138
2025/6/26, 00:00:00, 3545.1, 3546.2, 3545.1, 3546.2, 168133, 434377
2025/6/27, 00:00:00, 3483.3, 3483.3, 3483.3, 3483.3, 239545, 436022
2025/6/30, 00:00:00, 3489.0, 3513.8, 3489.0, 3503.5, 152610, 434714
2025/7/1, 00:00:00, 3521.4, 3561.0, 3520.0, 3546.5, 186143, 437662
2025/7/2, 00:00:00, 3558.1, 3558.1, 3557.7, 3557.7, 148640, 438709
2025/7/3, 00:00:00, 3556.2, 3556.2, 3537.6, 3541.9, 168196, 440793
2025/7/7, 00:00:00, 3511.9, 3541.3, 3511.9, 3541.3, 255358, 445944
2025/7/8, 00:00:00, 3505.2, 3517.3, 3505.2, 3517.3, 270387, 443144
2025/7/9, 00:00:00, 3519.7, 3519.7, 3519.7, 3519.7, 214079, 440086
2025/7/10, 00:00:00, 3536.7, 3536.7, 3525.6, 3525.6, 217055, 431906
2025/7/11, 00:00:00, 3566.0, 3566.0, 3562.2, 3562.2, 276126, 445777
2025/7/14, 00:00:00, 3581.0, 3582.0, 3559.6, 3559.6, 254763, 453590
2025/7/15, 00:00:00, 3555.1, 3566.0, 3534.0, 3537.0, 212163, 448531
2025/7/16, 00:00:00, 3545.1, 3558.1, 3541.8, 3558.1, 270899, 450862
2025/7/17, 00:00:00, 3531.6, 3544.8, 3530.2, 3544.8, 186824, 444521
2025/7/18, 00:00:00, 3557.8, 3557.8, 3557.8, 3557.8, 134215, 446753
2025/7/21, 00:00:00, 3582.0, 3616.0, 3582.0, 3609.1, 243554, 471321
2025/7/22, 00:00:00, 3615.8, 3649.7, 3615.8, 3649.7, 304186, 489423
2025/7/23, 00:00:00, 3647.0, 3647.0, 3599.9, 3599.9, 356044, 484112
2025/7/24, 00:00:00, 3570.3, 3576.6, 3570.3, 3576.6, 310286, 472144
2025/7/25, 00:00:00, 3547.8, 3551.9, 3534.6, 3534.6, 282014, 461504
2025/7/28, 00:00:00, 3508.2, 3509.9, 3508.2, 3509.9, 292064, 450941
2025/7/29, 00:00:00, 3518.0, 3524.4, 3518.0, 3524.4, 288652, 445246
2025/7/30, 00:00:00, 3528.0, 3528.9, 3469.9, 3495.6, 252423, 442248
2025/7/31, 00:00:00, 3470.7, 3492.5, 3470.7, 3492.5, 185112, 427980
2025/8/1, 00:00:00, 3538.0, 3553.0, 3538.0, 3539.6, 269844, 437777
2025/8/4, 00:00:00, 3550.8, 3565.5, 3550.8, 3565.5, 161438, 444682
2025/8/5, 00:00:00, 3574.6, 3574.6, 3574.6, 3574.6, 172959, 449647
2025/8/6, 00:00:00, 3572.4, 3572.4, 3572.4, 3572.4, 175872, 450807
2025/8/7, 00:00:00, 3587.2, 3600.0, 3587.2, 3587.2, 310456, 463334
2025/8/8, 00:00:00, 3614.2, 3621.4, 3614.2, 3621.4, 414490, 467800
2025/8/11, 00:00:00, 3544.0, 3550.5, 3543.0, 3550.5, 262930, 452687
2025/8/12, 00:00:00, 3542.0, 3544.0, 3535.0, 3542.9, 220255, 446152
2025/8/13, 00:00:00, 3552.2, 3552.2, 3552.2, 3552.2, 155741, 444675
2025/8/14, 00:00:00, 3535.0, 3535.0, 3525.7, 3525.7, 180976, 439709
2025/8/15, 00:00:00, 3525.0, 3525.0, 3523.7, 3523.7, 132215, 440051
2025/8/18, 00:00:00, 3530.0, 3530.0, 3517.9, 3517.9, 129128, 439893
2025/8/19, 00:00:00, 3500.0, 3500.0, 3498.2, 3498.2, 148394, 438541
2025/8/20, 00:00:00, 3530.0, 3530.0, 3529.4, 3529.4, 149905, 437695
2025/8/21, 00:00:00, 3529.8, 3529.8, 3522.9, 3522.9, 135619, 434098
2025/8/22, 00:00:00, 3518.1, 3562.0, 3508.0, 3559.6, 204661, 438806
2025/8/25, 00:00:00, 3552.1, 3558.9, 3551.7, 3558.9, 107537, 442378
2025/8/26, 00:00:00, 3551.0, 3576.2, 3543.3, 3576.2, 194487, 443760
2025/8/27, 00:00:00, 3579.0, 3595.3, 3579.0, 3595.3, 173524, 448189
2025/8/28, 00:00:00, 3610.0, 3619.4, 3605.0, 3619.4, 173462, 456226
2025/8/29, 00:00:00, 3613.2, 3662.7, 3613.2, 3662.7, 207110, 471240
2025/9/2, 00:00:00, 3664.0, 3750.0, 3664.0, 3740.3, 407646, 492908
2025/9/3, 00:00:00, 3750.0, 3784.3, 3750.0, 3784.3, 243321, 494776
2025/9/4, 00:00:00, 3753.0, 3756.4, 3734.9, 3755.3, 254684, 495368
2025/9/5, 00:00:00, 3787.6, 3801.4, 3785.6, 3801.4, 262651, 501157
2025/9/8, 00:00:00, 3777.6, 3823.1, 3770.0, 3823.1, 256986, 503285
2025/9/9, 00:00:00, 3833.7, 3834.6, 3816.8, 3827.9, 290439, 509625
2025/9/10, 00:00:00, 3821.0, 3841.0, 3821.0, 3827.9, 201375, 510076
2025/9/11, 00:00:00, 3811.0, 3825.0, 3800.0, 3819.0, 236381, 510383
2025/9/12, 00:00:00, 3828.2, 3840.0, 3826.5, 3832.3, 174242, 512181
2025/9/15, 00:00:00, 3824.0, 3867.8, 3824.0, 3865.7, 208695, 519611
2025/9/16, 00:00:00, 3863.4, 3883.0, 3863.4, 3872.3, 214622, 516221
2025/9/17, 00:00:00, 3875.0, 3885.0, 3830.1, 3865.3, 279690, 517578
2025/9/18, 00:00:00, 3850.0, 3850.9, 3806.5, 3824.1, 243188, 515612
2025/9/19, 00:00:00, 3819.9, 3852.5, 3819.9, 3852.5, 207987, 522306
2025/9/22, 00:00:00, 3885.1, 3923.2, 3885.1, 3923.2, 248004, 530457
2025/9/23, 00:00:00, 3964.5, 3967.5, 3950.0, 3965.3, 330734, 528789
2025/9/24, 00:00:00, 3941.0, 3952.9, 3902.0, 3918.9, 265431, 526067
2025/9/25, 00:00:00, 3925.0, 3942.2, 3916.0, 3926.5, 299614, 516312
2025/9/26, 00:00:00, 3930.7, 3965.3, 3926.4, 3964.7, 245328, 513156
2025/9/29, 00:00:00, 3953.1, 4015.4, 3953.0, 4015.4, 281594, 517465
2025/9/30, 00:00:00, 4037.0, 4055.0, 3978.7, 4032.9, 336239, 493748
2025/10/1, 00:00:00, 4048.3, 4080.0, 4047.8, 4060.7, 312531, 491059
2025/10/2, 00:00:00, 4054.5, 4081.2, 4005.6, 4029.8, 304647, 484786
2025/10/3, 00:00:00, 4047.7, 4076.7, 4023.2, 4071.1, 230839, 479525
2025/10/6, 00:00:00, 4077.3, 4153.1, 4075.8, 4144.0, 295216, 483672
2025/10/7, 00:00:00, 4155.0, 4185.6, 4133.6, 4177.0, 333332, 485559
2025/10/8, 00:00:00, 4191.0, 4258.0, 4187.9, 4248.4, 383245, 490496
2025/10/9, 00:00:00, 4240.8, 4256.4, 4140.0, 4146.9, 514387, 483650
2025/10/10, 00:00:00, 4171.1, 4208.5, 4140.4, 4173.0, 387955, 482976
2025/10/13, 00:00:00, 4203.8, 4312.4, 4193.3, 4309.4, 333731, 486887
2025/10/14, 00:00:00, 4325.0, 4366.6, 4294.9, 4340.0, 429365, 485788
2025/10/15, 00:00:00, 4346.6, 4405.7, 4346.6, 4380.0, 327800, 487873
2025/10/16, 00:00:00, 4395.7, 4521.0, 4394.7, 4484.9, 403735, 483770
2025/10/17, 00:00:00, 4530.0, 4572.7, 4381.8, 4388.9, 611632, 479971
2025/10/20, 00:00:00, 4445.0, 4575.9, 4406.7, 4541.3, 368326, 475938
2025/10/21, 00:00:00, 4565.3, 4567.7, 4269.2, 4281.5, 577546, 472421
2025/10/22, 00:00:00, 4317.6, 4342.0, 4202.1, 4239.6, 507114, 463789
2025/10/23, 00:00:00, 4288.5, 4347.7, 4264.0, 4322.8, 288886, 464096
2025/10/24, 00:00:00, 4320.0, 4333.7, 4235.1, 4315.1, 313806, 464052
2025/10/27, 00:00:00, 4277.6, 4291.6, 4159.4, 4192.2, 355604, 463706
2025/10/28, 00:00:00, 4169.5, 4202.1, 4091.5, 4153.7, 365142, 457122
2025/10/29, 00:00:00, 4139.9, 4213.7, 4105.0, 4176.2, 312357, 456175
2025/10/30, 00:00:00, 4105.0, 4218.7, 4105.0, 4195.6, 269052, 456333
2025/10/31, 00:00:00, 4234.0, 4235.3, 4164.2, 4173.8, 259051, 449900
2025/11/3, 00:00:00, 4172.2, 4217.3, 4169.3, 4194.9, 247792, 452773
2025/11/4, 00:00:00, 4196.5, 4196.5, 4114.8, 4139.1, 277749, 450399
2025/11/5, 00:00:00, 4121.2, 4179.3, 4118.7, 4174.2, 201342, 453313
2025/11/6, 00:00:00, 4160.3, 4207.2, 4152.6, 4170.8, 222053, 452487
2025/11/7, 00:00:00, 4176.4, 4211.5, 4169.8, 4187.2, 265119, 455161
2025/11/10, 00:00:00, 4195.5, 4303.4, 4195.5, 4302.1, 316099, 459997
2025/11/11, 00:00:00, 4304.4, 4330.7, 4285.0, 4295.7, 326438, 466031
2025/11/12, 00:00:00, 4327.2, 4394.9, 4291.2, 4393.7, 381612, 480255
2025/11/13, 00:00:00, 4371.4, 4422.5, 4329.9, 4376.5, 408927, 480877
2025/11/14, 00:00:00, 4355.4, 4390.0, 4212.0, 4272.5, 404043, 477283
2025/11/17, 00:00:00, 4273.9, 4285.2, 4200.0, 4254.2, 272792, 474390
2025/11/18, 00:00:00, 4224.0, 4260.0, 4182.3, 4243.4, 285182, 471953
2025/11/19, 00:00:00, 4239.6, 4312.5, 4237.5, 4261.2, 289003, 467893
2025/11/20, 00:00:00, 4269.0, 4284.2, 4219.3, 4236.3, 350934, 470585
2025/11/21, 00:00:00, 4251.6, 4270.8, 4194.6, 4250.9, 360559, 470349
2025/11/24, 00:00:00, 4228.0, 4300.0, 4209.3, 4266.3, 348958, 442270
2025/11/25, 00:00:00, 4300.2, 4331.2, 4283.2, 4315.3, 379767, 432191
2025/11/26, 00:00:00, 4315.3, 4348.0, 4310.0, 4342.2, 229978, 431603
2025/11/28, 00:00:00, 4325.2, 4400.0, 4318.4, 4396.4, 167020, 419484
2025/12/1, 00:00:00, 4408.8, 4440.4, 4386.0, 4419.4, 249871, 418697
2025/12/2, 00:00:00, 4403.4, 4405.0, 4339.8, 4365.4, 237238, 418490
2025/12/3, 00:00:00, 4389.4, 4416.0, 4370.9, 4377.0, 193893, 423395
2025/12/4, 00:00:00, 4387.1, 4392.0, 4350.0, 4385.5, 181431, 426136
2025/12/5, 00:00:00, 4375.0, 4433.6, 4369.7, 4386.2, 225349, 426860
2025/12/8, 00:00:00, 4369.9, 4389.4, 4349.2, 4361.4, 168463, 427425
2025/12/9, 00:00:00, 4367.1, 4395.0, 4347.2, 4381.4, 202899, 432569
2025/12/10, 00:00:00, 4389.0, 4412.1, 4361.0, 4370.2, 219896, 440368
2025/12/11, 00:00:00, 4404.8, 4463.4, 4381.4, 4459.9, 258763, 454262
2025/12/12, 00:00:00, 4450.0, 4531.2, 4444.4, 4476.3, 318667, 460191
2025/12/15, 00:00:00, 4480.0, 4529.3, 4465.0, 4484.1, 223993, 466073
2025/12/16, 00:00:00, 4484.6, 4510.8, 4452.3, 4480.9, 232091, 471093
2025/12/17, 00:00:00, 4480.0, 4529.0, 4480.0, 4522.8, 232327, 478188
2025/12/18, 00:00:00, 4505.0, 4557.8, 4488.0, 4512.9, 258811, 484610
2025/12/19, 00:00:00, 4515.0, 4538.3, 4488.9, 4537.6, 181095, 487043
2025/12/22, 00:00:00, 4529.3, 4636.5, 4529.3, 4622.5, 228938, 499192
2025/12/23, 00:00:00, 4638.0, 4683.2, 4621.9, 4660.3, 272816, 492103
2025/12/24, 00:00:00, 4680.2, 4708.7, 4630.8, 4657.7, 166863, 488300
2025/12/26, 00:00:00, 4689.8, 4736.6, 4683.0, 4710.0, 203018, 492660
2025/12/29, 00:00:00, 4729.0, 4729.0, 4476.7, 4496.0, 346811, 479691
2025/12/30, 00:00:00, 4510.5, 4573.0, 4497.0, 4541.1, 228283, 481866
2025/12/31, 00:00:00, 4509.0, 4531.7, 4440.0, 4497.4, 186323, 476471
2026/1/2, 00:00:00, 4497.6, 4570.4, 4475.0, 4484.4, 174245, 482412
2026/1/5, 00:00:00, 4515.0, 4620.0, 4514.0, 4608.1, 249207, 480541
2026/1/6, 00:00:00, 4620.1, 4664.0, 4606.9, 4656.2, 207208, 488116
2026/1/7, 00:00:00, 4669.0, 4669.3, 4592.5, 4620.6, 234813, 489300
2026/1/8, 00:00:00, 4610.9, 4643.0, 4578.6, 4620.0, 279136, 493909
2026/1/9, 00:00:00, 4646.9, 4684.1, 4625.0, 4661.4, 288762, 499546
2026/1/12, 00:00:00, 4691.0, 4802.7, 4691.0, 4777.7, 383200, 525246
2026/1/13, 00:00:00, 4758.5, 4804.1, 4747.2, 4760.2, 345149, 527455
2026/1/14, 00:00:00, 4776.9, 4813.4, 4775.4, 4798.9, 392771, 523548
2026/1/15, 00:00:00, 4782.6, 4789.9, 4747.3, 4787.7, 266268, 521959
2026/1/16, 00:00:00, 4786.9, 4786.9, 4726.6, 4759.2, 284841, 511475
2026/1/20, 00:00:00, 4801.3, 4937.5, 4801.3, 4933.0, 492565, 528004
2026/1/21, 00:00:00, 4934.6, 5055.0, 4927.7, 5007.5, 500520, 532136
2026/1/22, 00:00:00, 4998.0, 5115.0, 4946.0, 5086.9, 357149, 541033
2026/1/23, 00:00:00, 5116.8, 5169.1, 5080.0, 5160.4, 374878, 539164
2026/1/26, 00:00:00, 5193.3, 5291.1, 5181.1, 5272.8, 655762, 525061
2026/1/27, 00:00:00, 5198.4, 5374.4, 5198.4, 5267.3, 536168, 488463
2026/1/28, 00:00:00, 5371.4, 5609.8, 5346.4, 5494.6, 566413, 465112
2026/1/29, 00:00:00, 5641.1, 5781.8, 5280.0, 5508.6, 652473, 451510
2026/1/30, 00:00:00, 5593.4, 5638.3, 4850.0, 4880.0, 585928, 425516
2026/2/2, 00:00:00, 4922.9, 5020.0, 4554.6, 4780.4, 447704, 414776
2026/2/3, 00:00:00, 4840.0, 5154.6, 4840.0, 5072.5, 287492, 409694
2026/2/4, 00:00:00, 5112.7, 5250.0, 5022.1, 5089.0, 286515, 407643
2026/2/5, 00:00:00, 5160.0, 5184.0, 4911.5, 5022.3, 267752, 400952
2026/2/6, 00:00:00, 4917.9, 5131.9, 4800.0, 5119.8, 207979, 401609
2026/2/9, 00:00:00, 5140.4, 5253.5, 5135.7, 5222.1, 153802, 404446
2026/2/10, 00:00:00, 5232.0, 5242.4, 5166.0, 5172.2, 125161, 404391
2026/2/11, 00:00:00, 5197.3, 5282.9, 5180.0, 5242.5, 161587, 408069
2026/2/12, 00:00:00, 5240.2, 5246.5, 5048.5, 5088.4, 188691, 406408
2026/2/13, 00:00:00, 5051.8, 5206.3, 5049.1, 5183.8, 145433, 408683
2026/2/17, 00:00:00, 5184.1, 5187.5, 4990.5, 5039.4, 188205, 407078
2026/2/18, 00:00:00, 5025.1, 5157.2, 5012.2, 5147.3, 113624, 410177
2026/2/19, 00:00:00, 5136.3, 5180.0, 5124.6, 5136.1, 97684, 409585
2026/2/20, 00:00:00, 5150.4, 5265.0, 5145.4, 5223.4, 151822, 416190
2026/2/23, 00:00:00, 5293.3, 5401.8, 5292.4, 5372.0, 155403, 417008
2026/2/24, 00:00:00, 5406.4, 5412.0, 5260.0, 5322.8, 163960, 420182
2026/2/25, 00:00:00, 5300.0, 5385.1, 5295.0, 5374.2, 124389, 404069
2026/2/26, 00:00:00, 5338.2, 5368.0, 5292.2, 5341.1, 148348, 407015
2026/2/27, 00:00:00, 5347.1, 5446.0, 5334.5, 5396.2, 168610, 409142
2026/3/2, 00:00:00, 5540.2, 5583.5, 5426.9, 5462.6, 254002, 409669
2026/3/3, 00:00:00, 5500.0, 5542.9, 5148.4, 5269.7, 316434, 409789
2026/3/4, 00:00:00, 5276.4, 5365.0, 5276.3, 5281.6, 168700, 413734
2026/3/5, 00:00:00, 5311.6, 5352.4, 5207.9, 5225.6, 182546, 411477
2026/3/6, 00:00:00, 5250.7, 5329.3, 5220.0, 5306.8, 209752, 405841
2026/3/9, 00:00:00, 5299.3, 5315.5, 5167.3, 5251.9, 229480, 404829
2026/3/10, 00:00:00, 5289.5, 5397.3, 5287.6, 5392.5, 237025, 413956
2026/3/11, 00:00:00, 5347.2, 5379.8, 5318.0, 5330.9, 194460, 415682
2026/3/12, 00:00:00, 5329.5, 5350.0, 5223.5, 5276.4, 200042, 422948
2026/3/13, 00:00:00, 5237.6, 5282.2, 5169.0, 5210.4, 195280, 419030
2026/3/16, 00:00:00, 5166.0, 5185.0, 5120.0, 5150.3, 212889, 412183
2026/3/17, 00:00:00, 5185.0, 5195.9, 5143.8, 5156.7, 148107, 411388
2026/3/18, 00:00:00, 5153.1, 5164.9, 4960.0, 5041.7, 260784, 412001
2026/3/19, 00:00:00, 4960.0, 5005.8, 4960.0, 5002.4, 15264, 0
