Date, Time, Open, High, Low, Last, Volume, OpenInterest
2025/3/7, 00:00:00, 3174.7, 3174.7, 3174.7, 3174.7, 122169, 33172
2025/3/10, 00:00:00, 3158.2, 3158.2, 3158.2, 3158.2, 133711, 33205
2025/3/11, 00:00:00, 3180.3, 3180.3, 3180.3, 3180.3, 107486, 31965
2025/3/12, 00:00:00, 3204.8, 3204.8, 3204.8, 3204.8, 118681, 32478
2025/3/13, 00:00:00, 3249.8, 3249.8, 3249.8, 3249.8, 162505, 33198
2025/3/14, 00:00:00, 3259.0, 3259.0, 3259.0, 3259.0, 138494, 32623
2025/3/17, 00:00:00, 3264.2, 3264.2, 3264.2, 3264.2, 103132, 33883
2025/3/18, 00:00:00, 3302.5, 3302.5, 3302.5, 3302.5, 151803, 35957
2025/3/19, 00:00:00, 3303.5, 3303.5, 3303.5, 3303.5, 133050, 37702
2025/3/20, 00:00:00, 3304.9, 3304.9, 3304.9, 3304.9, 130852, 37349
2025/3/21, 00:00:00, 3277.9, 3277.9, 3277.9, 3277.9, 154045, 36998
2025/3/24, 00:00:00, 3271.8, 3271.8, 3271.8, 3271.8, 129309, 38130
2025/3/25, 00:00:00, 3282.8, 3282.8, 3282.8, 3282.8, 125224, 38212
2025/3/26, 00:00:00, 3279.2, 3279.2, 3279.2, 3279.2, 121944, 37674
2025/3/27, 00:00:00, 3314.0, 3314.0, 3314.0, 3314.0, 152360, 38606
2025/3/28, 00:00:00, 3339.3, 3339.3, 3339.3, 3339.3, 174439, 34612
2025/3/31, 00:00:00, 3376.3, 3376.3, 3376.3, 3376.3, 188658, 38029
2025/4/1, 00:00:00, 3372.3, 3372.3, 3372.3, 3372.3, 181323, 38070
2025/4/2, 00:00:00, 3395.1, 3395.1, 3395.1, 3395.1, 198881, 40606
2025/4/3, 00:00:00, 3348.6, 3348.6, 3348.6, 3348.6, 322840, 37395
2025/4/4, 00:00:00, 3256.9, 3256.9, 3256.9, 3256.9, 241431, 36186
2025/4/7, 00:00:00, 3195.5, 3195.5, 3195.5, 3195.5, 295523, 36701
2025/4/8, 00:00:00, 3214.4, 3214.4, 3214.4, 3214.4, 176911, 37869
2025/4/9, 00:00:00, 3309.3, 3309.3, 3309.3, 3309.3, 271494, 33321
2025/4/10, 00:00:00, 3407.6, 3407.6, 3407.6, 3407.6, 223840, 37058
2025/4/11, 00:00:00, 3482.7, 3482.7, 3482.7, 3482.7, 289994, 38485
2025/4/14, 00:00:00, 3464.5, 3464.5, 3464.5, 3464.5, 193693, 38449
2025/4/15, 00:00:00, 3478.7, 3478.7, 3478.7, 3478.7, 120388, 38924
2025/4/16, 00:00:00, 3589.4, 3589.4, 3589.4, 3589.4, 279649, 45744
2025/4/17, 00:00:00, 3570.9, 3570.9, 3570.9, 3570.9, 260120, 43036
2025/4/21, 00:00:00, 3671.1, 3671.1, 3671.1, 3671.1, 298878, 48159
2025/4/22, 00:00:00, 3669.0, 3669.0, 3669.0, 3669.0, 563112, 46167
2025/4/23, 00:00:00, 3542.1, 3542.1, 3542.1, 3542.1, 477239, 42671
2025/4/24, 00:00:00, 3598.8, 3598.8, 3598.8, 3598.8, 359006, 43213
2025/4/25, 00:00:00, 3547.6, 3547.6, 3547.6, 3547.6, 362777, 44387
2025/4/28, 00:00:00, 3597.6, 3597.6, 3597.6, 3597.6, 341909, 45002
2025/4/29, 00:00:00, 3581.8, 3581.8, 3581.8, 3581.8, 271829, 43846
2025/4/30, 00:00:00, 3564.3, 3564.3, 3564.3, 3564.3, 287957, 43199
2025/5/1, 00:00:00, 3467.2, 3467.2, 3467.2, 3467.2, 345921, 43264
2025/5/2, 00:00:00, 3489.0, 3489.0, 3489.0, 3489.0, 298650, 42767
2025/5/5, 00:00:00, 3570.3, 3570.3, 3570.3, 3570.3, 278226, 44464
2025/5/6, 00:00:00, 3674.2, 3674.2, 3674.2, 3674.2, 360473, 46294
2025/5/7, 00:00:00, 3643.8, 3643.8, 3643.8, 3643.8, 381302, 44792
2025/5/8, 00:00:00, 3557.6, 3557.6, 3557.6, 3557.6, 449266, 46174
2025/5/9, 00:00:00, 3595.6, 3595.6, 3595.6, 3595.6, 346461, 43801
2025/5/12, 00:00:00, 3479.9, 3479.9, 3479.9, 3479.9, 396160, 42587
2025/5/13, 00:00:00, 3501.1, 3501.1, 3501.1, 3501.1, 272393, 42731
2025/5/14, 00:00:00, 3439.2, 3439.2, 3439.2, 3439.2, 341096, 45356
2025/5/15, 00:00:00, 3476.1, 3476.1, 3476.1, 3476.1, 395732, 45430
2025/5/16, 00:00:00, 3434.9, 3434.9, 3434.9, 3434.9, 406477, 45238
2025/5/19, 00:00:00, 3483.6, 3483.6, 3483.6, 3483.6, 366185, 47825
2025/5/20, 00:00:00, 3533.8, 3533.8, 3533.8, 3533.8, 320417, 48985
2025/5/21, 00:00:00, 3565.4, 3565.4, 3565.4, 3565.4, 343422, 49316
2025/5/22, 00:00:00, 3547.4, 3547.4, 3547.4, 3547.4, 338372, 48826
2025/5/23, 00:00:00, 3620.8, 3620.8, 3620.8, 3620.8, 366717, 49220
2025/5/27, 00:00:00, 3556.9, 3556.9, 3556.9, 3556.9, 458213, 49049
2025/5/28, 00:00:00, 3549.5, 3549.5, 3549.5, 3549.5, 265802, 38189
2025/5/29, 00:00:00, 3567.6, 3567.6, 3567.6, 3567.6, 296462, 36691
2025/5/30, 00:00:00, 3538.4, 3538.4, 3538.4, 3538.4, 250999, 35446
2025/6/2, 00:00:00, 3622.4, 3622.4, 3622.4, 3622.4, 249947, 39889
2025/6/3, 00:00:00, 3604.9, 3604.9, 3604.9, 3604.9, 241317, 39082
2025/6/4, 00:00:00, 3626.3, 3626.3, 3626.3, 3626.3, 245309, 39801
2025/6/5, 00:00:00, 3599.9, 3599.9, 3599.9, 3599.9, 322931, 42904
2025/6/6, 00:00:00, 3571.6, 3571.6, 3571.6, 3571.6, 262247, 44528
2025/6/9, 00:00:00, 3579.4, 3579.4, 3579.4, 3579.4, 212816, 44414
2025/6/10, 00:00:00, 3567.9, 3567.9, 3567.9, 3567.9, 241885, 43741
2025/6/11, 00:00:00, 3567.4, 3567.4, 3567.4, 3567.4, 271339, 40899
2025/6/12, 00:00:00, 3623.2, 3623.2, 3623.2, 3623.2, 304564, 40358
2025/6/13, 00:00:00, 3675.8, 3675.8, 3675.8, 3675.8, 345688, 40769
2025/6/16, 00:00:00, 3639.2, 3639.2, 3639.2, 3639.2, 280768, 44643
2025/6/17, 00:00:00, 3630.0, 3630.0, 3630.0, 3630.0, 273901, 44993
2025/6/18, 00:00:00, 3630.0, 3630.0, 3630.0, 3630.0, 228559, 45579
2025/6/20, 00:00:00, 3607.8, 3607.8, 3607.8, 3607.8, 374009, 46995
2025/6/23, 00:00:00, 3616.4, 3616.4, 3616.4, 3616.4, 244532, 45514
2025/6/24, 00:00:00, 3554.9, 3554.9, 3554.9, 3554.9, 252659, 46420
2025/6/25, 00:00:00, 3563.7, 3563.7, 3563.7, 3563.7, 145812, 45876
2025/6/26, 00:00:00, 3568.3, 3568.3, 3568.3, 3568.3, 198589, 45631
2025/6/27, 00:00:00, 3505.3, 3505.3, 3505.3, 3505.3, 260986, 45882
2025/6/30, 00:00:00, 3525.5, 3525.5, 3525.5, 3525.5, 206318, 45014
2025/7/1, 00:00:00, 3568.5, 3568.5, 3568.5, 3568.5, 195156, 45300
2025/7/2, 00:00:00, 3579.7, 3579.7, 3579.7, 3579.7, 166883, 45696
2025/7/3, 00:00:00, 3564.0, 3564.0, 3564.0, 3564.0, 197315, 44875
2025/7/7, 00:00:00, 3563.4, 3563.4, 3563.4, 3563.4, 303940, 46000
2025/7/8, 00:00:00, 3539.4, 3539.4, 3539.4, 3539.4, 215496, 48319
2025/7/9, 00:00:00, 3541.8, 3541.8, 3541.8, 3541.8, 186351, 48143
2025/7/10, 00:00:00, 3547.7, 3547.7, 3547.7, 3547.7, 166265, 50234
2025/7/11, 00:00:00, 3584.3, 3584.3, 3584.3, 3584.3, 213598, 49454
2025/7/14, 00:00:00, 3581.7, 3581.7, 3581.7, 3581.7, 197665, 51016
2025/7/15, 00:00:00, 3559.1, 3559.1, 3559.1, 3559.1, 197846, 52631
2025/7/16, 00:00:00, 3580.2, 3580.2, 3580.2, 3580.2, 263070, 50426
2025/7/17, 00:00:00, 3567.1, 3567.1, 3567.1, 3567.1, 177120, 51181
2025/7/18, 00:00:00, 3580.1, 3580.1, 3580.1, 3580.1, 141567, 50937
2025/7/21, 00:00:00, 3631.4, 3631.4, 3631.4, 3631.4, 177993, 51738
2025/7/22, 00:00:00, 3672.0, 3672.0, 3672.0, 3672.0, 203771, 52999
2025/7/23, 00:00:00, 3622.2, 3622.2, 3622.2, 3622.2, 246550, 53176
2025/7/24, 00:00:00, 3598.9, 3598.9, 3598.9, 3598.9, 208709, 54468
2025/7/25, 00:00:00, 3556.9, 3556.9, 3556.9, 3556.9, 204799, 55802
2025/7/28, 00:00:00, 3532.4, 3532.4, 3532.4, 3532.4, 207677, 55337
2025/7/29, 00:00:00, 3546.7, 3546.7, 3546.7, 3546.7, 200397, 53658
2025/7/30, 00:00:00, 3517.9, 3517.9, 3517.9, 3517.9, 232802, 45323
2025/7/31, 00:00:00, 3514.7, 3514.7, 3514.7, 3514.7, 169729, 43317
2025/8/1, 00:00:00, 3561.4, 3561.4, 3561.4, 3561.4, 218475, 43935
2025/8/4, 00:00:00, 3587.3, 3587.3, 3587.3, 3587.3, 168413, 44642
2025/8/5, 00:00:00, 3596.4, 3596.4, 3596.4, 3596.4, 175692, 45256
2025/8/6, 00:00:00, 3593.9, 3593.9, 3593.9, 3593.9, 163932, 45392
2025/8/7, 00:00:00, 3608.5, 3608.5, 3608.5, 3608.5, 240076, 48043
2025/8/8, 00:00:00, 3642.5, 3642.5, 3642.5, 3642.5, 337522, 47800
2025/8/11, 00:00:00, 3572.7, 3572.7, 3572.7, 3572.7, 263897, 44361
2025/8/12, 00:00:00, 3565.1, 3565.1, 3565.1, 3565.1, 236605, 44830
2025/8/13, 00:00:00, 3574.4, 3574.4, 3574.4, 3574.4, 179623, 46985
2025/8/14, 00:00:00, 3547.9, 3547.9, 3547.9, 3547.9, 227562, 48934
2025/8/15, 00:00:00, 3544.8, 3544.8, 3544.8, 3544.8, 139988, 47860
2025/8/18, 00:00:00, 3539.7, 3539.7, 3539.7, 3539.7, 161175, 51416
2025/8/19, 00:00:00, 3520.0, 3520.0, 3520.0, 3520.0, 161301, 51255
2025/8/20, 00:00:00, 3551.2, 3551.2, 3551.2, 3551.2, 151712, 47677
2025/8/21, 00:00:00, 3544.7, 3544.7, 3544.7, 3544.7, 148306, 49098
2025/8/22, 00:00:00, 3581.4, 3581.4, 3581.4, 3581.4, 196851, 47613
2025/8/25, 00:00:00, 3580.7, 3580.7, 3580.7, 3580.7, 109048, 47926
2025/8/26, 00:00:00, 3598.0, 3598.0, 3598.0, 3598.0, 198644, 49276
2025/8/27, 00:00:00, 3617.7, 3617.7, 3617.7, 3617.7, 157452, 45829
2025/8/28, 00:00:00, 3641.8, 3641.8, 3641.8, 3641.8, 164287, 49314
2025/8/29, 00:00:00, 3685.1, 3685.1, 3685.1, 3685.1, 193497, 54317
2025/9/2, 00:00:00, 3762.4, 3762.4, 3762.4, 3762.4, 461515, 61871
2025/9/3, 00:00:00, 3806.4, 3806.4, 3806.4, 3806.4, 291187, 61812
2025/9/4, 00:00:00, 3777.3, 3777.3, 3777.3, 3777.3, 294415, 58764
2025/9/5, 00:00:00, 3823.4, 3823.4, 3823.4, 3823.4, 289748, 59632
2025/9/8, 00:00:00, 3845.0, 3845.0, 3845.0, 3845.0, 280693, 59904
2025/9/9, 00:00:00, 3850.5, 3850.5, 3849.8, 3849.8, 375768, 57444
2025/9/10, 00:00:00, 3849.8, 3849.8, 3849.8, 3849.8, 267368, 56660
2025/9/11, 00:00:00, 3840.9, 3840.9, 3840.9, 3840.9, 277148, 55486
2025/9/12, 00:00:00, 3853.8, 3853.8, 3853.8, 3853.8, 198416, 54830
2025/9/15, 00:00:00, 3887.2, 3887.2, 3887.2, 3887.2, 258727, 57772
2025/9/16, 00:00:00, 3894.0, 3894.0, 3894.0, 3894.0, 250182, 55899
2025/9/17, 00:00:00, 3887.2, 3887.2, 3887.2, 3887.2, 354267, 54966
2025/9/18, 00:00:00, 3845.5, 3845.5, 3845.5, 3845.5, 298440, 54760
2025/9/19, 00:00:00, 3874.3, 3874.3, 3874.3, 3874.3, 251839, 57069
2025/9/22, 00:00:00, 3944.7, 3944.7, 3944.7, 3944.7, 277180, 61138
2025/9/23, 00:00:00, 3986.8, 3986.8, 3986.8, 3986.8, 368369, 59196
2025/9/24, 00:00:00, 3940.5, 3940.5, 3940.5, 3940.5, 291482, 57058
2025/9/25, 00:00:00, 3948.9, 3948.9, 3948.9, 3948.9, 339462, 57034
2025/9/26, 00:00:00, 3987.2, 3987.2, 3987.2, 3987.2, 281698, 55750
2025/9/29, 00:00:00, 3992.5, 4038.4, 3991.0, 4038.3, 378442, 54790
2025/9/30, 00:00:00, 4080.0, 4080.0, 4020.0, 4055.9, 483107, 55129
2025/10/1, 00:00:00, 4080.0, 4084.7, 4080.0, 4084.7, 408780, 57256
2025/10/2, 00:00:00, 4084.0, 4084.0, 4030.0, 4054.2, 454135, 58408
2025/10/3, 00:00:00, 4060.0, 4095.5, 4060.0, 4095.5, 361058, 55643
2025/10/6, 00:00:00, 4168.6, 4168.6, 4168.6, 4168.6, 472668, 58711
2025/10/7, 00:00:00, 4168.2, 4202.2, 4168.2, 4202.2, 490865, 55692
2025/10/8, 00:00:00, 4275.0, 4275.0, 4275.0, 4275.0, 571170, 60752
2025/10/9, 00:00:00, 4220.1, 4220.1, 4173.6, 4173.6, 741822, 60645
2025/10/10, 00:00:00, 4190.0, 4199.7, 4190.0, 4199.7, 647963, 59967
2025/10/13, 00:00:00, 4336.3, 4336.3, 4336.3, 4336.3, 467560, 62472
2025/10/14, 00:00:00, 4366.9, 4366.9, 4366.9, 4366.9, 716842, 62468
2025/10/15, 00:00:00, 4407.2, 4407.2, 4407.2, 4407.2, 606936, 61831
2025/10/16, 00:00:00, 4512.4, 4512.4, 4512.4, 4512.4, 746939, 62719
2025/10/17, 00:00:00, 4415.8, 4415.8, 4415.8, 4415.8, 1267436, 61266
2025/10/20, 00:00:00, 4568.7, 4568.7, 4568.7, 4568.7, 746343, 62433
2025/10/21, 00:00:00, 4308.0, 4308.0, 4308.0, 4308.0, 1184203, 65693
2025/10/22, 00:00:00, 4250.0, 4266.1, 4250.0, 4266.1, 1180315, 64530
2025/10/23, 00:00:00, 4349.6, 4349.6, 4349.6, 4349.6, 683316, 66494
2025/10/24, 00:00:00, 4338.0, 4355.0, 4280.0, 4341.8, 755616, 67297
2025/10/27, 00:00:00, 4298.4, 4298.4, 4198.9, 4218.9, 813085, 72347
2025/10/28, 00:00:00, 4215.0, 4215.0, 4135.4, 4180.3, 791351, 74509
2025/10/29, 00:00:00, 4180.0, 4203.6, 4162.0, 4203.6, 749865, 73640
2025/10/30, 00:00:00, 4203.6, 4223.7, 4201.7, 4223.7, 704957, 73834
2025/10/31, 00:00:00, 4246.6, 4246.6, 4201.9, 4201.9, 620633, 73447
2025/11/3, 00:00:00, 4230.0, 4242.4, 4223.2, 4223.2, 524816, 75194
2025/11/4, 00:00:00, 4192.0, 4192.0, 4167.4, 4167.4, 530324, 76611
2025/11/5, 00:00:00, 4184.6, 4202.6, 4184.6, 4202.6, 395431, 77668
2025/11/6, 00:00:00, 4198.9, 4198.9, 4198.9, 4198.9, 409016, 77262
2025/11/7, 00:00:00, 4203.9, 4227.9, 4203.9, 4215.3, 377915, 77307
2025/11/10, 00:00:00, 4268.4, 4330.4, 4268.4, 4330.4, 475186, 80918
2025/11/11, 00:00:00, 4352.9, 4355.0, 4323.7, 4323.7, 427764, 81252
2025/11/12, 00:00:00, 4330.0, 4420.8, 4330.0, 4420.8, 540226, 83998
2025/11/13, 00:00:00, 4435.0, 4440.0, 4403.4, 4403.4, 606767, 84204
2025/11/14, 00:00:00, 4380.0, 4380.0, 4246.0, 4299.4, 686786, 82921
2025/11/17, 00:00:00, 4290.4, 4290.4, 4275.1, 4281.1, 505924, 84884
2025/11/18, 00:00:00, 4248.2, 4269.8, 4214.6, 4269.8, 480543, 84281
2025/11/19, 00:00:00, 4269.8, 4316.3, 4269.8, 4287.6, 471660, 83396
2025/11/20, 00:00:00, 4299.0, 4299.0, 4262.7, 4262.7, 554689, 84352
2025/11/21, 00:00:00, 4238.3, 4276.3, 4228.0, 4276.3, 481600, 82848
2025/11/24, 00:00:00, 4262.0, 4327.7, 4259.0, 4291.7, 394699, 84047
2025/11/25, 00:00:00, 4327.5, 4350.5, 4326.4, 4341.4, 505269, 44734
2025/11/26, 00:00:00, 4336.5, 4367.7, 4336.5, 4367.7, 371460, 43532
2025/11/28, 00:00:00, 4365.0, 4422.0, 4365.0, 4422.0, 300593, 48100
2025/12/1, 00:00:00, 4458.6, 4458.6, 4428.1, 4446.0, 453940, 49452
2025/12/2, 00:00:00, 4429.0, 4429.0, 4375.1, 4391.5, 422315, 51164
2025/12/3, 00:00:00, 4403.3, 4403.3, 4403.3, 4403.3, 358326, 50601
2025/12/4, 00:00:00, 4380.4, 4411.3, 4380.4, 4411.3, 323773, 51951
2025/12/5, 00:00:00, 4442.0, 4450.0, 4398.3, 4411.7, 354646, 52088
2025/12/8, 00:00:00, 4403.0, 4403.0, 4386.9, 4386.9, 301838, 54632
2025/12/9, 00:00:00, 4379.6, 4407.0, 4379.6, 4407.0, 309845, 54042
2025/12/10, 00:00:00, 4393.6, 4437.2, 4390.0, 4396.9, 315638, 53045
2025/12/11, 00:00:00, 4445.6, 4487.2, 4409.2, 4486.7, 395336, 55902
2025/12/12, 00:00:00, 4540.4, 4557.8, 4478.9, 4503.3, 506917, 54979
2025/12/15, 00:00:00, 4502.1, 4554.4, 4502.1, 4511.2, 339930, 56848
2025/12/16, 00:00:00, 4490.0, 4537.1, 4483.0, 4508.0, 336162, 57894
2025/12/17, 00:00:00, 4521.7, 4552.0, 4520.4, 4550.4, 363639, 60094
2025/12/18, 00:00:00, 4525.8, 4577.2, 4525.8, 4540.5, 358029, 59227
2025/12/19, 00:00:00, 4526.0, 4565.6, 4516.3, 4565.6, 278749, 60644
2025/12/22, 00:00:00, 4556.0, 4665.6, 4556.0, 4650.7, 358740, 66269
2025/12/23, 00:00:00, 4681.1, 4703.8, 4641.9, 4688.5, 452547, 65212
2025/12/24, 00:00:00, 4707.9, 4739.0, 4665.0, 4686.1, 350279, 70683
2025/12/26, 00:00:00, 4730.1, 4767.3, 4730.1, 4739.1, 432994, 70153
2025/12/29, 00:00:00, 4740.0, 4746.4, 4507.9, 4524.7, 680267, 70725
2025/12/30, 00:00:00, 4568.9, 4595.7, 4537.1, 4569.7, 406817, 70021
2025/12/31, 00:00:00, 4525.0, 4535.6, 4485.0, 4526.0, 460312, 67633
2026/1/2, 00:00:00, 4545.1, 4566.0, 4513.0, 4513.0, 364617, 69527
2026/1/5, 00:00:00, 4551.6, 4650.0, 4551.6, 4637.6, 449775, 68340
2026/1/6, 00:00:00, 4649.3, 4689.7, 4631.9, 4686.3, 421661, 68733
2026/1/7, 00:00:00, 4694.4, 4694.4, 4626.3, 4650.1, 503897, 70727
2026/1/8, 00:00:00, 4614.2, 4661.5, 4614.2, 4649.6, 452157, 70436
2026/1/9, 00:00:00, 4677.9, 4707.0, 4664.8, 4691.4, 425762, 69180
2026/1/12, 00:00:00, 4734.4, 4826.8, 4733.5, 4807.9, 611289, 72858
2026/1/13, 00:00:00, 4781.9, 4833.5, 4776.0, 4790.1, 471549, 72555
2026/1/14, 00:00:00, 4807.1, 4841.6, 4803.0, 4829.2, 527610, 70647
2026/1/15, 00:00:00, 4802.9, 4819.1, 4777.1, 4818.3, 461643, 72268
2026/1/16, 00:00:00, 4818.0, 4818.4, 4732.9, 4789.9, 495292, 73684
2026/1/20, 00:00:00, 4830.0, 4967.8, 4830.0, 4963.9, 735310, 78970
2026/1/21, 00:00:00, 4968.1, 5089.9, 4968.1, 5038.9, 861130, 77997
2026/1/22, 00:00:00, 4992.2, 5150.0, 4979.6, 5118.8, 557540, 81447
2026/1/23, 00:00:00, 5166.2, 5199.4, 5119.9, 5193.6, 656919, 82079
2026/1/26, 00:00:00, 5223.7, 5325.5, 5217.2, 5307.7, 946168, 78583
2026/1/27, 00:00:00, 5245.1, 5406.7, 5237.6, 5301.4, 746942, 78421
2026/1/28, 00:00:00, 5388.6, 5638.3, 5382.0, 5531.2, 1003151, 77060
2026/1/29, 00:00:00, 5667.1, 5815.6, 5319.7, 5544.1, 1577286, 57875
2026/1/30, 00:00:00, 5615.7, 5673.6, 4897.5, 4911.4, 1586851, 57124
2026/2/2, 00:00:00, 4967.2, 5068.1, 4602.3, 4810.7, 1413717, 58976
2026/2/3, 00:00:00, 4951.5, 5169.0, 4936.3, 5104.6, 947387, 53594
2026/2/4, 00:00:00, 5180.0, 5281.2, 5058.0, 5121.2, 829198, 55395
2026/2/5, 00:00:00, 5216.4, 5216.4, 4941.2, 5053.5, 905204, 58537
2026/2/6, 00:00:00, 4945.0, 5160.9, 4850.0, 5152.4, 650328, 60170
2026/2/9, 00:00:00, 5210.0, 5280.0, 5178.9, 5255.2, 498840, 61615
2026/2/10, 00:00:00, 5215.5, 5223.0, 5204.8, 5204.8, 487238, 60592
2026/2/11, 00:00:00, 5253.9, 5315.5, 5246.6, 5275.8, 533028, 61591
2026/2/12, 00:00:00, 5263.3, 5282.6, 5113.0, 5120.5, 585045, 58735
2026/2/13, 00:00:00, 5177.9, 5223.8, 5148.0, 5214.7, 424873, 61410
2026/2/17, 00:00:00, 5244.5, 5244.5, 5046.8, 5069.6, 614772, 60814
2026/2/18, 00:00:00, 5100.0, 5197.5, 5100.0, 5179.0, 305691, 62668
2026/2/19, 00:00:00, 5158.1, 5209.0, 5153.1, 5168.1, 303835, 61716
2026/2/20, 00:00:00, 5185.7, 5284.0, 5185.7, 5256.1, 385589, 62534
2026/2/23, 00:00:00, 5348.5, 5436.0, 5334.4, 5405.4, 400613, 62342
2026/2/24, 00:00:00, 5350.1, 5390.1, 5330.1, 5356.6, 442511, 59925
2026/2/25, 00:00:00, 5348.4, 5408.2, 5336.1, 5408.2, 385695, 58873
2026/2/26, 00:00:00, 5390.6, 5394.8, 5346.7, 5375.0, 384314, 59851
2026/2/27, 00:00:00, 5377.7, 5456.8, 5369.9, 5430.7, 388691, 62764
2026/3/2, 00:00:00, 5517.9, 5620.0, 5475.0, 5497.7, 610420, 62023
2026/3/3, 00:00:00, 5541.6, 5580.5, 5199.8, 5303.7, 753435, 60931
2026/3/4, 00:00:00, 5330.2, 5393.7, 5316.1, 5316.1, 470313, 57595
2026/3/5, 00:00:00, 5344.2, 5378.3, 5237.1, 5260.5, 456374, 59672
2026/3/6, 00:00:00, 5260.6, 5365.5, 5259.3, 5341.2, 409620, 59346
2026/3/9, 00:00:00, 5350.0, 5350.0, 5254.9, 5286.7, 459606, 57097
2026/3/10, 00:00:00, 5334.5, 5428.5, 5326.8, 5427.7, 366339, 58116
2026/3/11, 00:00:00, 5394.5, 5411.5, 5346.5, 5367.5, 294001, 59221
2026/3/12, 00:00:00, 5374.0, 5380.3, 5259.1, 5312.9, 355544, 61825
2026/3/13, 00:00:00, 5280.2, 5310.6, 5200.0, 5247.0, 348971, 62822
2026/3/16, 00:00:00, 5200.5, 5215.0, 5159.5, 5186.4, 446703, 63231
2026/3/17, 00:00:00, 5222.3, 5222.3, 5170.0, 5192.7, 315448, 64123
2026/3/18, 00:00:00, 5194.1, 5202.6, 4989.0, 5077.4, 506264, 70495
2026/3/19, 00:00:00, 5011.8, 5045.0, 5011.8, 5025.3, 63301, 0
