Date, Time, Open, High, Low, Last, Volume, NumberOfTrades, BidVolume, AskVolume
2026/2/18, 03:00:00, 5100.0, 5100.0, 5100.0, 5100.0, 1, 1, 0, 1
2026/2/18, 14:00:00, 5141.8, 5155.0, 5141.8, 5155.0, 2, 2, 0, 2
2026/2/18, 15:00:00, 5197.5, 5197.5, 5197.5, 5197.5, 1, 1, 0, 1
2026/2/18, 19:00:00, 5181.2, 5181.2, 5181.2, 5181.2, 1, 1, 0, 1
2026/2/18, 23:00:00, 5158.1, 5159.9, 5156.1, 5158.2, 4, 4, 3, 1
2026/2/19, 00:00:00, 5156.1, 5157.9, 5155.1, 5155.1, 5, 5, 3, 2
2026/2/19, 01:00:00, 5156.9, 5156.9, 5156.9, 5156.9, 1, 1, 0, 1
2026/2/19, 02:00:00, 5153.1, 5154.9, 5153.1, 5154.9, 2, 2, 1, 1
2026/2/19, 03:00:00, 5153.1, 5155.2, 5153.1, 5155.2, 2, 2, 1, 1
2026/2/19, 07:00:00, 5205.2, 5205.2, 5205.2, 5205.2, 1, 1, 0, 1
2026/2/19, 10:00:00, 5177.1, 5178.9, 5176.1, 5177.9, 4, 4, 2, 2
2026/2/19, 11:00:00, 5181.9, 5181.9, 5175.1, 5175.1, 2, 2, 1, 1
2026/2/19, 12:00:00, 5176.9, 5176.9, 5173.1, 5174.9, 3, 3, 1, 2
2026/2/19, 14:00:00, 5170.1, 5171.9, 5170.1, 5171.9, 2, 2, 1, 1
2026/2/19, 15:00:00, 5209.0, 5209.0, 5209.0, 5209.0, 1, 1, 0, 1
2026/2/19, 16:00:00, 5192.7, 5197.1, 5192.7, 5197.1, 2, 2, 0, 2
2026/2/19, 17:00:00, 5187.1, 5187.1, 5187.1, 5187.1, 1, 1, 0, 1
2026/2/19, 18:00:00, 5170.1, 5171.9, 5168.1, 5169.9, 5, 5, 3, 2
2026/2/19, 20:00:00, 5180.4, 5180.4, 5180.4, 5180.4, 1, 1, 0, 1
2026/2/20, 02:00:00, 5185.7, 5185.8, 5185.7, 5185.8, 2, 2, 0, 2
2026/2/20, 06:00:00, 5211.4, 5211.4, 5211.4, 5211.4, 1, 1, 0, 1
2026/2/20, 09:00:00, 5220.6, 5220.6, 5220.4, 5220.4, 2, 2, 2, 0
2026/2/20, 13:00:00, 5216.2, 5216.2, 5216.2, 5216.2, 1, 1, 0, 1
2026/2/20, 14:00:00, 5252.3, 5252.3, 5252.3, 5252.3, 1, 1, 0, 1
2026/2/20, 15:00:00, 5212.4, 5235.6, 5200.0, 5229.0, 5, 5, 4, 1
2026/2/20, 16:00:00, 5245.7, 5262.6, 5245.7, 5257.0, 10, 8, 6, 4
2026/2/20, 17:00:00, 5251.0, 5270.0, 5251.0, 5270.0, 3, 3, 2, 1
2026/2/20, 18:00:00, 5256.0, 5263.0, 5256.0, 5263.0, 2, 2, 1, 1
2026/2/20, 19:00:00, 5271.0, 5271.0, 5271.0, 5271.0, 1, 1, 1, 0
2026/2/20, 20:00:00, 5278.0, 5284.0, 5278.0, 5284.0, 2, 2, 1, 1
2026/2/23, 00:00:00, 5348.5, 5348.5, 5338.0, 5338.0, 4, 4, 2, 2
2026/2/23, 01:00:00, 5350.4, 5350.4, 5350.4, 5350.4, 1, 1, 0, 1
2026/2/23, 03:00:00, 5372.3, 5372.4, 5371.8, 5371.8, 6, 4, 1, 5
2026/2/23, 07:00:00, 5334.4, 5334.4, 5334.4, 5334.4, 1, 1, 1, 0
2026/2/23, 10:00:00, 5357.0, 5357.0, 5357.0, 5357.0, 1, 1, 0, 1
2026/2/23, 12:00:00, 5348.8, 5348.8, 5348.8, 5348.8, 1, 1, 0, 1
2026/2/23, 13:00:00, 5352.0, 5352.0, 5344.3, 5344.3, 3, 3, 3, 0
2026/2/23, 14:00:00, 5391.9, 5393.6, 5391.9, 5393.5, 4, 4, 2, 2
2026/2/23, 15:00:00, 5391.6, 5403.6, 5391.6, 5400.4, 5, 5, 1, 4
2026/2/23, 16:00:00, 5411.3, 5412.8, 5411.2, 5411.9, 7, 7, 2, 5
2026/2/23, 17:00:00, 5408.3, 5408.4, 5408.3, 5408.4, 2, 2, 1, 1
2026/2/23, 20:00:00, 5423.0, 5423.0, 5423.0, 5423.0, 1, 1, 0, 1
2026/2/23, 21:00:00, 5436.0, 5436.0, 5436.0, 5436.0, 1, 1, 1, 0
2026/2/24, 01:00:00, 5350.1, 5351.9, 5350.1, 5351.9, 2, 2, 1, 1
2026/2/24, 03:00:00, 5390.1, 5390.1, 5390.1, 5390.1, 1, 1, 1, 0
2026/2/24, 07:00:00, 5379.0, 5379.0, 5379.0, 5379.0, 1, 1, 0, 1
2026/2/24, 08:00:00, 5378.0, 5378.0, 5378.0, 5378.0, 1, 1, 1, 0
2026/2/24, 13:00:00, 5340.0, 5340.0, 5330.1, 5330.1, 4, 4, 3, 1
2026/2/24, 14:00:00, 5334.6, 5334.6, 5334.6, 5334.6, 2, 2, 0, 2
2026/2/24, 15:00:00, 5353.1, 5353.1, 5353.1, 5353.1, 1, 1, 0, 1
2026/2/24, 16:00:00, 5337.9, 5337.9, 5337.9, 5337.9, 1, 1, 1, 0
2026/2/24, 18:00:00, 5364.8, 5365.0, 5357.9, 5357.9, 3, 3, 1, 2
2026/2/24, 20:00:00, 5368.1, 5368.1, 5358.9, 5358.9, 5, 5, 2, 3
2026/2/24, 21:00:00, 5342.9, 5342.9, 5342.9, 5342.9, 1, 1, 1, 0
2026/2/24, 23:00:00, 5348.4, 5348.4, 5348.4, 5348.4, 1, 1, 0, 1
2026/2/25, 00:00:00, 5338.1, 5339.9, 5336.1, 5338.1, 4, 4, 2, 2
2026/2/25, 01:00:00, 5381.8, 5381.8, 5381.8, 5381.8, 1, 1, 0, 1
2026/2/25, 03:00:00, 5383.0, 5383.0, 5383.0, 5383.0, 1, 1, 0, 1
2026/2/25, 05:00:00, 5403.0, 5403.0, 5403.0, 5403.0, 2, 2, 0, 2
2026/2/25, 06:00:00, 5391.0, 5391.0, 5391.0, 5391.0, 1, 1, 0, 1
2026/2/25, 10:00:00, 5374.7, 5374.7, 5374.6, 5374.6, 2, 2, 2, 0
2026/2/25, 11:00:00, 5363.7, 5363.9, 5363.7, 5363.9, 2, 2, 0, 2
2026/2/25, 13:00:00, 5388.4, 5388.4, 5388.4, 5388.4, 1, 1, 0, 1
2026/2/25, 14:00:00, 5381.2, 5386.6, 5362.6, 5386.6, 5, 5, 1, 4
2026/2/25, 16:00:00, 5401.0, 5401.0, 5400.8, 5400.8, 4, 3, 4, 0
2026/2/25, 20:00:00, 5386.7, 5386.7, 5379.3, 5379.3, 2, 2, 2, 0
2026/2/25, 21:00:00, 5354.0, 5354.0, 5354.0, 5354.0, 1, 1, 1, 0
2026/2/26, 01:00:00, 5390.6, 5390.6, 5375.3, 5375.3, 2, 2, 1, 1
2026/2/26, 10:00:00, 5372.1, 5373.9, 5365.1, 5366.9, 6, 6, 3, 3
2026/2/26, 11:00:00, 5357.9, 5359.7, 5357.9, 5359.7, 2, 2, 0, 2
2026/2/26, 13:00:00, 5372.5, 5372.5, 5372.5, 5372.5, 1, 1, 0, 1
2026/2/26, 14:00:00, 5359.5, 5364.0, 5346.7, 5348.6, 7, 7, 2, 5
2026/2/26, 15:00:00, 5384.7, 5384.7, 5384.7, 5384.7, 1, 1, 0, 1
2026/2/26, 16:00:00, 5380.2, 5380.2, 5380.2, 5380.2, 1, 1, 1, 0
2026/2/26, 17:00:00, 5382.7, 5382.7, 5378.8, 5378.8, 2, 2, 1, 1
2026/2/26, 18:00:00, 5380.4, 5380.4, 5380.4, 5380.4, 1, 1, 0, 1
2026/2/26, 19:00:00, 5382.7, 5391.4, 5382.7, 5391.4, 3, 3, 1, 2
2026/2/26, 20:00:00, 5394.8, 5394.8, 5394.8, 5394.8, 1, 1, 0, 1
2026/2/27, 09:00:00, 5377.7, 5377.7, 5377.7, 5377.7, 1, 1, 1, 0
2026/2/27, 10:00:00, 5369.9, 5369.9, 5369.9, 5369.9, 1, 1, 1, 0
2026/2/27, 11:00:00, 5383.5, 5383.5, 5383.5, 5383.5, 1, 1, 0, 1
2026/2/27, 13:00:00, 5407.7, 5418.9, 5407.7, 5417.9, 4, 4, 2, 2
2026/2/27, 14:00:00, 5425.8, 5426.6, 5419.8, 5419.8, 13, 13, 10, 3
2026/2/27, 16:00:00, 5440.0, 5456.8, 5440.0, 5455.0, 15, 12, 8, 7
2026/2/27, 18:00:00, 5436.7, 5436.7, 5428.1, 5428.1, 7, 6, 3, 4
2026/3/1, 23:00:00, 5517.9, 5565.8, 5517.9, 5565.8, 13, 13, 3, 10
2026/3/2, 00:00:00, 5575.0, 5575.0, 5561.5, 5561.5, 3, 3, 3, 0
2026/3/2, 01:00:00, 5530.0, 5530.0, 5515.0, 5516.0, 4, 4, 4, 0
2026/3/2, 02:00:00, 5521.1, 5545.5, 5521.1, 5545.5, 3, 3, 1, 2
2026/3/2, 03:00:00, 5554.1, 5554.1, 5554.1, 5554.1, 1, 1, 0, 1
2026/3/2, 07:00:00, 5600.0, 5620.0, 5600.0, 5612.3, 4, 4, 1, 3
2026/3/2, 08:00:00, 5608.7, 5608.7, 5607.5, 5608.0, 6, 5, 4, 2
2026/3/2, 10:00:00, 5592.9, 5593.3, 5592.9, 5593.3, 2, 2, 0, 2
2026/3/2, 11:00:00, 5584.3, 5584.3, 5584.1, 5584.1, 3, 3, 3, 0
2026/3/2, 12:00:00, 5581.4, 5581.4, 5581.4, 5581.4, 1, 1, 0, 1
2026/3/2, 13:00:00, 5611.6, 5611.6, 5611.6, 5611.6, 1, 1, 0, 1
2026/3/2, 14:00:00, 5521.3, 5541.1, 5510.0, 5541.1, 11, 10, 9, 2
2026/3/2, 15:00:00, 5545.0, 5545.0, 5545.0, 5545.0, 1, 1, 1, 0
2026/3/2, 16:00:00, 5500.0, 5500.0, 5475.0, 5497.2, 4, 4, 2, 2
2026/3/2, 18:00:00, 5490.0, 5512.1, 5490.0, 5512.1, 4, 4, 3, 1
2026/3/2, 19:00:00, 5525.0, 5525.0, 5521.9, 5521.9, 2, 2, 1, 1
2026/3/2, 20:00:00, 5546.5, 5546.5, 5546.5, 5546.5, 1, 1, 0, 1
2026/3/2, 21:00:00, 5528.5, 5528.5, 5528.5, 5528.5, 1, 1, 1, 0
2026/3/2, 23:00:00, 5541.6, 5541.6, 5541.6, 5541.6, 1, 1, 0, 1
2026/3/3, 00:00:00, 5537.7, 5558.9, 5537.7, 5552.5, 5, 5, 0, 5
2026/3/3, 01:00:00, 5564.7, 5580.5, 5546.4, 5546.4, 8, 8, 3, 5
2026/3/3, 02:00:00, 5535.1, 5567.4, 5535.1, 5567.4, 5, 5, 2, 3
2026/3/3, 03:00:00, 5568.8, 5568.8, 5568.8, 5568.8, 1, 1, 1, 0
2026/3/3, 05:00:00, 5521.1, 5521.1, 5521.1, 5521.1, 1, 1, 1, 0
2026/3/3, 06:00:00, 5522.9, 5522.9, 5487.1, 5490.1, 11, 11, 9, 2
2026/3/3, 07:00:00, 5516.0, 5527.4, 5516.0, 5527.4, 2, 2, 0, 2
2026/3/3, 09:00:00, 5487.1, 5487.1, 5440.0, 5474.5, 7, 7, 5, 2
2026/3/3, 10:00:00, 5465.9, 5465.9, 5443.8, 5446.0, 3, 3, 2, 1
2026/3/3, 11:00:00, 5415.0, 5415.0, 5287.1, 5323.9, 20, 20, 13, 7
2026/3/3, 12:00:00, 5347.6, 5388.3, 5347.6, 5388.3, 19, 18, 6, 13
2026/3/3, 13:00:00, 5328.5, 5329.0, 5328.5, 5329.0, 2, 2, 1, 1
2026/3/3, 14:00:00, 5342.9, 5343.1, 5200.0, 5237.7, 30, 29, 19, 11
2026/3/3, 15:00:00, 5235.2, 5271.2, 5199.8, 5271.2, 17, 16, 6, 11
2026/3/3, 16:00:00, 5300.7, 5303.5, 5295.0, 5295.0, 6, 6, 3, 3
2026/3/3, 17:00:00, 5275.2, 5275.2, 5268.6, 5268.6, 2, 2, 1, 1
2026/3/3, 18:00:00, 5307.5, 5327.9, 5307.5, 5327.9, 2, 2, 0, 2
2026/3/3, 19:00:00, 5337.7, 5337.7, 5307.0, 5307.0, 9, 6, 8, 1
2026/3/4, 00:00:00, 5330.2, 5330.5, 5327.8, 5327.9, 5, 5, 0, 5
2026/3/4, 01:00:00, 5338.5, 5338.5, 5338.3, 5338.3, 5, 3, 5, 0
2026/3/4, 02:00:00, 5364.1, 5364.1, 5364.1, 5364.1, 1, 1, 1, 0
2026/3/4, 03:00:00, 5351.4, 5361.1, 5351.4, 5361.1, 4, 4, 2, 2
2026/3/4, 04:00:00, 5363.9, 5363.9, 5363.9, 5363.9, 1, 1, 0, 1
2026/3/4, 06:00:00, 5330.0, 5331.1, 5330.0, 5331.1, 2, 2, 1, 1
2026/3/4, 07:00:00, 5364.2, 5364.2, 5364.2, 5364.2, 1, 1, 0, 1
2026/3/4, 11:00:00, 5388.0, 5391.3, 5388.0, 5388.2, 5, 5, 0, 5
2026/3/4, 12:00:00, 5393.6, 5393.7, 5358.4, 5358.6, 8, 6, 4, 4
2026/3/4, 13:00:00, 5370.7, 5373.0, 5370.6, 5372.8, 5, 5, 5, 0
2026/3/4, 14:00:00, 5336.8, 5336.8, 5336.8, 5336.8, 4, 3, 4, 0
2026/3/4, 15:00:00, 5322.7, 5345.8, 5322.6, 5336.9, 4, 4, 3, 1
2026/3/4, 16:00:00, 5350.0, 5350.7, 5335.7, 5336.6, 4, 4, 2, 2
2026/3/4, 19:00:00, 5323.2, 5323.2, 5323.2, 5323.2, 1, 1, 0, 1
2026/3/4, 21:00:00, 5333.6, 5333.6, 5333.6, 5333.6, 1, 1, 1, 0
2026/3/4, 23:00:00, 5344.2, 5349.4, 5340.0, 5340.0, 4, 3, 1, 3
2026/3/5, 00:00:00, 5369.8, 5369.8, 5369.8, 5369.8, 1, 1, 1, 0
2026/3/5, 01:00:00, 5378.2, 5378.3, 5373.2, 5373.2, 5, 4, 3, 2
2026/3/5, 06:00:00, 5329.3, 5357.0, 5317.0, 5357.0, 5, 5, 2, 3
2026/3/5, 08:00:00, 5360.5, 5360.5, 5360.5, 5360.5, 1, 1, 0, 1
2026/3/5, 12:00:00, 5363.9, 5364.0, 5363.9, 5364.0, 2, 2, 0, 2
2026/3/5, 13:00:00, 5324.6, 5324.6, 5302.1, 5317.5, 4, 4, 3, 1
2026/3/5, 14:00:00, 5297.1, 5299.1, 5284.1, 5286.1, 6, 6, 3, 3
2026/3/5, 15:00:00, 5275.1, 5276.7, 5266.7, 5268.9, 6, 6, 2, 4
2026/3/5, 16:00:00, 5253.8, 5256.0, 5251.6, 5256.0, 6, 5, 5, 1
2026/3/5, 17:00:00, 5251.0, 5251.0, 5248.9, 5248.9, 2, 2, 2, 0
2026/3/5, 18:00:00, 5244.4, 5261.6, 5237.1, 5261.2, 9, 9, 5, 4
2026/3/5, 19:00:00, 5262.7, 5262.7, 5248.8, 5248.8, 5, 5, 4, 1
2026/3/5, 20:00:00, 5270.0, 5277.5, 5270.0, 5277.5, 8, 5, 1, 7
2026/3/5, 21:00:00, 5266.5, 5273.8, 5264.3, 5273.8, 12, 12, 6, 6
2026/3/6, 00:00:00, 5260.6, 5278.4, 5260.5, 5278.4, 4, 4, 2, 2
2026/3/6, 01:00:00, 5260.6, 5327.0, 5260.5, 5327.0, 7, 7, 4, 3
2026/3/6, 02:00:00, 5322.2, 5322.2, 5317.7, 5317.7, 2, 2, 1, 1
2026/3/6, 03:00:00, 5326.3, 5326.3, 5326.3, 5326.3, 1, 1, 1, 0
2026/3/6, 04:00:00, 5326.6, 5326.6, 5326.6, 5326.6, 1, 1, 0, 1
2026/3/6, 05:00:00, 5317.3, 5317.3, 5317.1, 5317.1, 3, 3, 3, 0
2026/3/6, 08:00:00, 5305.1, 5306.9, 5289.6, 5302.5, 15, 15, 13, 2
2026/3/6, 09:00:00, 5295.1, 5295.1, 5274.9, 5274.9, 8, 8, 7, 1
2026/3/6, 12:00:00, 5280.7, 5280.9, 5278.0, 5278.0, 3, 3, 2, 1
2026/3/6, 13:00:00, 5260.5, 5306.7, 5259.3, 5268.1, 30, 28, 16, 14
2026/3/6, 14:00:00, 5281.9, 5316.6, 5281.9, 5312.4, 11, 11, 7, 4
2026/3/6, 15:00:00, 5324.7, 5350.0, 5324.7, 5342.3, 4, 4, 2, 2
2026/3/6, 16:00:00, 5343.0, 5343.0, 5331.6, 5331.8, 10, 10, 6, 4
2026/3/6, 17:00:00, 5327.5, 5331.8, 5326.9, 5331.8, 7, 7, 2, 5
2026/3/6, 18:00:00, 5335.7, 5356.7, 5334.1, 5356.7, 9, 9, 4, 5
2026/3/6, 19:00:00, 5359.8, 5365.5, 5359.6, 5365.4, 10, 7, 6, 4
2026/3/6, 20:00:00, 5347.7, 5349.5, 5347.7, 5348.8, 3, 3, 2, 1
2026/3/6, 21:00:00, 5356.3, 5362.8, 5355.9, 5362.8, 4, 4, 1, 3
2026/3/8, 22:00:00, 5350.0, 5350.0, 5308.8, 5308.8, 11, 10, 11, 0
2026/3/8, 23:00:00, 5328.4, 5328.4, 5254.9, 5261.7, 10, 10, 8, 2
2026/3/9, 01:00:00, 5261.1, 5268.7, 5261.1, 5265.5, 5, 5, 2, 3
2026/3/9, 02:00:00, 5281.0, 5281.0, 5281.0, 5281.0, 1, 1, 0, 1
2026/3/9, 03:00:00, 5279.6, 5279.7, 5279.6, 5279.7, 2, 2, 0, 2
2026/3/9, 04:00:00, 5284.4, 5284.4, 5284.4, 5284.4, 1, 1, 0, 1
2026/3/9, 06:00:00, 5314.2, 5317.1, 5292.8, 5294.7, 8, 8, 6, 2
2026/3/9, 07:00:00, 5285.5, 5290.2, 5284.1, 5286.3, 5, 5, 4, 1
2026/3/9, 09:00:00, 5302.4, 5302.4, 5290.5, 5290.5, 2, 2, 1, 1
2026/3/9, 10:00:00, 5281.3, 5283.1, 5274.1, 5281.9, 6, 6, 4, 2
2026/3/9, 11:00:00, 5273.3, 5275.1, 5273.3, 5275.1, 2, 2, 1, 1
2026/3/9, 12:00:00, 5285.3, 5285.3, 5285.3, 5285.3, 1, 1, 1, 0
2026/3/9, 13:00:00, 5276.1, 5276.1, 5265.0, 5265.0, 2, 2, 2, 0
2026/3/9, 14:00:00, 5277.3, 5278.9, 5263.1, 5278.9, 10, 10, 5, 5
2026/3/9, 15:00:00, 5289.4, 5289.4, 5287.8, 5287.8, 2, 2, 1, 1
2026/3/9, 18:00:00, 5318.6, 5318.6, 5318.6, 5318.6, 1, 1, 0, 1
2026/3/9, 19:00:00, 5314.2, 5335.0, 5314.2, 5334.9, 10, 10, 6, 4
2026/3/9, 23:00:00, 5334.5, 5334.6, 5334.5, 5334.6, 2, 2, 0, 2
2026/3/10, 00:00:00, 5326.8, 5326.8, 5326.8, 5326.8, 1, 1, 0, 1
2026/3/10, 01:00:00, 5333.0, 5357.5, 5332.9, 5357.5, 6, 6, 4, 2
2026/3/10, 05:00:00, 5365.9, 5365.9, 5365.9, 5365.9, 1, 1, 0, 1
2026/3/10, 08:00:00, 5380.4, 5380.4, 5380.4, 5380.4, 1, 1, 0, 1
2026/3/10, 12:00:00, 5376.9, 5376.9, 5376.8, 5376.8, 2, 2, 2, 0
2026/3/10, 13:00:00, 5383.9, 5421.0, 5383.9, 5405.9, 19, 18, 9, 10
2026/3/10, 14:00:00, 5389.5, 5389.5, 5389.5, 5389.5, 1, 1, 0, 1
2026/3/10, 15:00:00, 5426.8, 5426.8, 5426.8, 5426.8, 1, 1, 1, 0
2026/3/10, 17:00:00, 5428.3, 5428.5, 5428.3, 5428.5, 2, 2, 0, 2
2026/3/10, 18:00:00, 5376.8, 5400.9, 5376.8, 5396.9, 16, 14, 8, 8
2026/3/10, 19:00:00, 5384.9, 5397.5, 5379.9, 5385.3, 9, 9, 4, 5
2026/3/10, 20:00:00, 5390.7, 5390.7, 5390.2, 5390.3, 4, 3, 3, 1
2026/3/11, 00:00:00, 5394.5, 5408.7, 5394.4, 5408.7, 4, 4, 3, 1
2026/3/11, 01:00:00, 5408.2, 5411.5, 5408.2, 5411.3, 4, 4, 2, 2
2026/3/11, 02:00:00, 5401.9, 5405.5, 5392.5, 5405.5, 8, 7, 4, 4
2026/3/11, 03:00:00, 5411.2, 5411.2, 5403.3, 5403.3, 2, 2, 2, 0
2026/3/11, 04:00:00, 5399.3, 5399.6, 5398.4, 5398.4, 4, 4, 2, 2
2026/3/11, 06:00:00, 5389.1, 5389.1, 5389.1, 5389.1, 1, 1, 1, 0
2026/3/11, 07:00:00, 5381.0, 5381.0, 5381.0, 5381.0, 1, 1, 1, 0
2026/3/11, 09:00:00, 5388.9, 5388.9, 5388.9, 5388.9, 1, 1, 0, 1
2026/3/11, 10:00:00, 5378.5, 5383.3, 5370.7, 5378.2, 13, 13, 9, 4
2026/3/11, 11:00:00, 5379.4, 5385.4, 5372.1, 5372.1, 12, 12, 2, 10
2026/3/11, 12:00:00, 5374.1, 5374.1, 5362.6, 5362.6, 22, 22, 9, 13
2026/3/11, 13:00:00, 5364.4, 5373.7, 5346.5, 5366.3, 19, 17, 13, 6
2026/3/11, 14:00:00, 5368.1, 5388.8, 5368.1, 5385.6, 25, 25, 14, 11
2026/3/11, 15:00:00, 5374.8, 5375.7, 5361.1, 5361.1, 16, 15, 2, 14
2026/3/11, 16:00:00, 5370.9, 5370.9, 5368.5, 5368.5, 2, 2, 1, 1
2026/3/11, 17:00:00, 5372.5, 5374.8, 5360.1, 5360.1, 4, 4, 2, 2
2026/3/11, 18:00:00, 5366.1, 5373.3, 5366.1, 5369.2, 8, 8, 5, 3
2026/3/11, 19:00:00, 5372.7, 5373.1, 5372.7, 5373.1, 2, 2, 0, 2
2026/3/11, 20:00:00, 5374.5, 5374.5, 5374.4, 5374.4, 2, 2, 2, 0
2026/3/11, 22:00:00, 5374.0, 5374.0, 5328.6, 5331.1, 9, 9, 5, 4
2026/3/11, 23:00:00, 5350.0, 5350.0, 5328.1, 5328.1, 3, 3, 3, 0
2026/3/12, 00:00:00, 5329.7, 5350.1, 5329.7, 5350.1, 2, 2, 0, 2
2026/3/12, 01:00:00, 5347.1, 5347.1, 5347.1, 5347.1, 1, 1, 1, 0
2026/3/12, 02:00:00, 5340.3, 5344.3, 5340.3, 5344.3, 2, 2, 2, 0
2026/3/12, 05:00:00, 5335.1, 5338.7, 5335.1, 5338.7, 3, 3, 2, 1
2026/3/12, 07:00:00, 5378.1, 5378.1, 5378.1, 5378.1, 1, 1, 1, 0
2026/3/12, 08:00:00, 5378.5, 5380.3, 5378.5, 5380.3, 3, 3, 3, 0
2026/3/12, 09:00:00, 5371.7, 5378.6, 5371.7, 5378.6, 2, 2, 0, 2
2026/3/12, 11:00:00, 5370.6, 5374.4, 5370.6, 5374.4, 5, 5, 1, 4
2026/3/12, 12:00:00, 5362.0, 5377.7, 5360.9, 5377.7, 18, 16, 11, 7
2026/3/12, 13:00:00, 5379.2, 5379.2, 5347.2, 5347.2, 8, 8, 8, 0
2026/3/12, 15:00:00, 5332.0, 5332.1, 5312.3, 5312.3, 14, 10, 12, 2
2026/3/12, 17:00:00, 5314.4, 5314.4, 5300.0, 5302.6, 6, 6, 5, 1
2026/3/12, 18:00:00, 5290.1, 5290.1, 5286.4, 5286.4, 2, 2, 1, 1
2026/3/12, 20:00:00, 5277.3, 5277.3, 5259.1, 5259.1, 6, 6, 5, 1
2026/3/12, 22:00:00, 5280.2, 5280.2, 5280.2, 5280.2, 1, 1, 1, 0
2026/3/13, 00:00:00, 5295.7, 5303.1, 5295.7, 5303.0, 7, 6, 3, 4
2026/3/13, 01:00:00, 5309.7, 5309.7, 5309.4, 5309.4, 2, 2, 2, 0
2026/3/13, 02:00:00, 5307.7, 5307.8, 5307.7, 5307.8, 2, 2, 0, 2
2026/3/13, 05:00:00, 5286.2, 5286.2, 5286.2, 5286.2, 1, 1, 1, 0
2026/3/13, 06:00:00, 5285.8, 5285.8, 5277.5, 5277.5, 4, 4, 4, 0
2026/3/13, 07:00:00, 5279.5, 5279.5, 5273.4, 5273.8, 4, 4, 1, 3
2026/3/13, 08:00:00, 5270.5, 5275.6, 5258.7, 5275.3, 7, 7, 4, 3
2026/3/13, 10:00:00, 5273.0, 5273.0, 5273.0, 5273.0, 1, 1, 1, 0
2026/3/13, 12:00:00, 5307.4, 5310.6, 5300.8, 5310.6, 9, 7, 5, 4
2026/3/13, 14:00:00, 5266.2, 5268.2, 5258.1, 5258.1, 5, 5, 2, 3
2026/3/13, 15:00:00, 5259.9, 5259.9, 5229.6, 5231.6, 7, 7, 1, 6
2026/3/13, 16:00:00, 5218.8, 5235.0, 5218.8, 5232.0, 6, 6, 0, 6
2026/3/13, 18:00:00, 5229.0, 5229.0, 5229.0, 5229.0, 1, 1, 1, 0
2026/3/13, 19:00:00, 5220.4, 5220.4, 5200.0, 5208.1, 5, 5, 2, 3
2026/3/13, 20:00:00, 5206.7, 5206.7, 5203.4, 5203.4, 2, 2, 2, 0
2026/3/15, 22:00:00, 5200.5, 5210.0, 5193.8, 5199.1, 17, 17, 11, 6
2026/3/15, 23:00:00, 5196.1, 5196.1, 5163.0, 5163.0, 5, 5, 4, 1
2026/3/16, 00:00:00, 5197.7, 5205.4, 5197.7, 5205.4, 2, 2, 0, 2
2026/3/16, 01:00:00, 5194.1, 5195.9, 5180.0, 5192.1, 7, 7, 4, 3
2026/3/16, 02:00:00, 5202.2, 5202.2, 5188.1, 5190.1, 3, 3, 1, 2
2026/3/16, 03:00:00, 5187.1, 5189.9, 5187.1, 5189.1, 4, 4, 3, 1
2026/3/16, 07:00:00, 5186.1, 5188.1, 5185.1, 5185.1, 3, 3, 2, 1
2026/3/16, 08:00:00, 5187.1, 5187.1, 5183.1, 5183.1, 4, 4, 2, 2
2026/3/16, 10:00:00, 5159.5, 5184.7, 5159.5, 5184.7, 4, 4, 3, 1
2026/3/16, 11:00:00, 5182.1, 5198.4, 5181.1, 5183.1, 8, 8, 2, 6
2026/3/16, 12:00:00, 5208.0, 5208.0, 5208.0, 5208.0, 1, 1, 0, 1
2026/3/16, 14:00:00, 5215.0, 5215.0, 5180.1, 5186.8, 5, 5, 4, 1
2026/3/16, 15:00:00, 5179.1, 5184.2, 5177.1, 5177.1, 7, 7, 3, 4
2026/3/16, 16:00:00, 5179.1, 5180.8, 5166.6, 5180.8, 8, 8, 3, 5
2026/3/16, 17:00:00, 5176.7, 5176.7, 5176.7, 5176.7, 2, 2, 2, 0
2026/3/16, 18:00:00, 5199.8, 5199.8, 5199.8, 5199.8, 1, 1, 1, 0
2026/3/16, 20:00:00, 5211.0, 5211.0, 5207.9, 5207.9, 2, 2, 0, 2
2026/3/17, 05:00:00, 5222.3, 5222.3, 5222.2, 5222.2, 2, 2, 1, 1
2026/3/17, 08:00:00, 5211.9, 5211.9, 5211.9, 5211.9, 1, 1, 0, 1
2026/3/17, 13:00:00, 5213.9, 5220.3, 5213.9, 5220.3, 5, 4, 0, 5
2026/3/17, 15:00:00, 5180.3, 5180.3, 5170.0, 5177.1, 7, 5, 6, 1
2026/3/17, 16:00:00, 5192.4, 5192.4, 5192.4, 5192.4, 6, 3, 0, 6
2026/3/17, 20:00:00, 5191.1, 5194.8, 5191.1, 5193.8, 3, 3, 0, 3
2026/3/18, 00:00:00, 5194.1, 5195.7, 5194.1, 5195.7, 2, 2, 1, 1
2026/3/18, 01:00:00, 5189.1, 5189.1, 5189.1, 5189.1, 1, 1, 1, 0
2026/3/18, 02:00:00, 5190.7, 5190.7, 5187.1, 5187.1, 2, 2, 1, 1
2026/3/18, 03:00:00, 5173.5, 5173.5, 5173.5, 5173.5, 1, 1, 1, 0
2026/3/18, 04:00:00, 5178.9, 5178.9, 5171.5, 5171.5, 10, 8, 8, 2
2026/3/18, 05:00:00, 5188.7, 5188.7, 5188.7, 5188.7, 1, 1, 0, 1
2026/3/18, 06:00:00, 5194.9, 5202.6, 5194.9, 5202.6, 16, 9, 0, 16
2026/3/18, 07:00:00, 5178.4, 5180.4, 5178.4, 5180.4, 2, 2, 1, 1
2026/3/18, 08:00:00, 5178.1, 5180.1, 5178.1, 5178.1, 3, 3, 2, 1
2026/3/18, 09:00:00, 5179.9, 5179.9, 5179.9, 5179.9, 1, 1, 0, 1
2026/3/18, 10:00:00, 5177.1, 5179.1, 5158.4, 5158.4, 6, 6, 3, 3
2026/3/18, 12:00:00, 5100.0, 5100.0, 5062.5, 5062.5, 11, 8, 11, 0
2026/3/18, 13:00:00, 5042.4, 5054.3, 5020.0, 5054.3, 15, 10, 5, 10
2026/3/18, 14:00:00, 5064.5, 5069.3, 5044.1, 5044.1, 4, 4, 0, 4
2026/3/18, 15:00:00, 5061.1, 5061.1, 5051.8, 5051.8, 2, 2, 0, 2
2026/3/18, 18:00:00, 5071.6, 5071.6, 5050.5, 5051.3, 3, 3, 2, 1
2026/3/18, 19:00:00, 5045.1, 5049.0, 5025.0, 5025.0, 9, 9, 4, 5
2026/3/18, 20:00:00, 5000.0, 5006.1, 4989.0, 5006.1, 10, 7, 9, 1
2026/3/18, 23:00:00, 5011.8, 5013.0, 5011.8, 5012.7, 6, 5, 2, 4
2026/3/19, 01:00:00, 5045.0, 5045.0, 5040.4, 5040.4, 2, 2, 2, 0
2026/3/19, 02:00:00, 5025.3, 5025.3, 5025.3, 5025.3, 1, 1, 1, 0
