Date, Time, Open, High, Low, Last, Volume, NumberOfTrades, BidVolume, AskVolume
2026/2/18, 03:20:00, 5100.0, 5100.0, 5100.0, 5100.0, 1, 1, 0, 1
2026/2/18, 14:00:00, 5141.8, 5141.8, 5141.8, 5141.8, 1, 1, 0, 1
2026/2/18, 14:30:00, 5155.0, 5155.0, 5155.0, 5155.0, 1, 1, 0, 1
2026/2/18, 15:15:00, 5197.5, 5197.5, 5197.5, 5197.5, 1, 1, 0, 1
2026/2/18, 19:00:00, 5181.2, 5181.2, 5181.2, 5181.2, 1, 1, 0, 1
2026/2/18, 23:05:00, 5158.1, 5159.9, 5158.1, 5159.9, 2, 2, 1, 1
2026/2/18, 23:55:00, 5156.1, 5158.2, 5156.1, 5158.2, 2, 2, 2, 0
2026/2/19, 00:00:00, 5156.1, 5156.1, 5156.1, 5156.1, 1, 1, 1, 0
2026/2/19, 00:15:00, 5157.9, 5157.9, 5155.1, 5155.1, 2, 2, 1, 1
2026/2/19, 00:30:00, 5156.9, 5156.9, 5156.9, 5156.9, 1, 1, 0, 1
2026/2/19, 00:40:00, 5155.1, 5155.1, 5155.1, 5155.1, 1, 1, 1, 0
2026/2/19, 01:35:00, 5156.9, 5156.9, 5156.9, 5156.9, 1, 1, 0, 1
2026/2/19, 02:15:00, 5153.1, 5154.9, 5153.1, 5154.9, 2, 2, 1, 1
2026/2/19, 03:00:00, 5153.1, 5153.1, 5153.1, 5153.1, 1, 1, 1, 0
2026/2/19, 03:20:00, 5155.2, 5155.2, 5155.2, 5155.2, 1, 1, 0, 1
2026/2/19, 07:25:00, 5205.2, 5205.2, 5205.2, 5205.2, 1, 1, 0, 1
2026/2/19, 10:10:00, 5177.1, 5178.9, 5176.1, 5177.9, 4, 4, 2, 2
2026/2/19, 11:15:00, 5181.9, 5181.9, 5181.9, 5181.9, 1, 1, 0, 1
2026/2/19, 11:25:00, 5175.1, 5175.1, 5175.1, 5175.1, 1, 1, 1, 0
2026/2/19, 12:05:00, 5176.9, 5176.9, 5176.9, 5176.9, 1, 1, 0, 1
2026/2/19, 12:45:00, 5173.1, 5173.1, 5173.1, 5173.1, 1, 1, 1, 0
2026/2/19, 12:50:00, 5174.9, 5174.9, 5174.9, 5174.9, 1, 1, 0, 1
2026/2/19, 14:05:00, 5170.1, 5170.1, 5170.1, 5170.1, 1, 1, 1, 0
2026/2/19, 14:35:00, 5171.9, 5171.9, 5171.9, 5171.9, 1, 1, 0, 1
2026/2/19, 15:30:00, 5209.0, 5209.0, 5209.0, 5209.0, 1, 1, 0, 1
2026/2/19, 16:30:00, 5192.7, 5192.7, 5192.7, 5192.7, 1, 1, 0, 1
2026/2/19, 16:40:00, 5197.1, 5197.1, 5197.1, 5197.1, 1, 1, 0, 1
2026/2/19, 17:05:00, 5187.1, 5187.1, 5187.1, 5187.1, 1, 1, 0, 1
2026/2/19, 18:20:00, 5170.1, 5170.1, 5170.1, 5170.1, 1, 1, 1, 0
2026/2/19, 18:30:00, 5171.9, 5171.9, 5171.0, 5171.0, 2, 2, 1, 1
2026/2/19, 18:40:00, 5168.1, 5168.1, 5168.1, 5168.1, 1, 1, 1, 0
2026/2/19, 18:45:00, 5169.9, 5169.9, 5169.9, 5169.9, 1, 1, 0, 1
2026/2/19, 20:10:00, 5180.4, 5180.4, 5180.4, 5180.4, 1, 1, 0, 1
2026/2/20, 02:20:00, 5185.7, 5185.8, 5185.7, 5185.8, 2, 2, 0, 2
2026/2/20, 06:30:00, 5211.4, 5211.4, 5211.4, 5211.4, 1, 1, 0, 1
2026/2/20, 09:55:00, 5220.6, 5220.6, 5220.4, 5220.4, 2, 2, 2, 0
2026/2/20, 13:15:00, 5216.2, 5216.2, 5216.2, 5216.2, 1, 1, 0, 1
2026/2/20, 14:45:00, 5252.3, 5252.3, 5252.3, 5252.3, 1, 1, 0, 1
2026/2/20, 15:00:00, 5212.4, 5212.4, 5212.4, 5212.4, 1, 1, 1, 0
2026/2/20, 15:05:00, 5200.0, 5200.0, 5200.0, 5200.0, 1, 1, 1, 0
2026/2/20, 15:10:00, 5216.0, 5216.0, 5216.0, 5216.0, 1, 1, 1, 0
2026/2/20, 15:15:00, 5235.6, 5235.6, 5229.0, 5229.0, 2, 2, 1, 1
2026/2/20, 16:10:00, 5245.7, 5245.7, 5245.7, 5245.7, 1, 1, 0, 1
2026/2/20, 16:15:00, 5246.2, 5246.2, 5246.2, 5246.2, 1, 1, 0, 1
2026/2/20, 16:30:00, 5262.6, 5262.6, 5262.5, 5262.5, 2, 2, 2, 0
2026/2/20, 16:40:00, 5256.5, 5257.0, 5256.5, 5257.0, 2, 2, 0, 2
2026/2/20, 16:55:00, 5257.0, 5257.0, 5257.0, 5257.0, 4, 2, 4, 0
2026/2/20, 17:25:00, 5251.0, 5251.0, 5251.0, 5251.0, 1, 1, 1, 0
2026/2/20, 17:35:00, 5259.0, 5259.0, 5259.0, 5259.0, 1, 1, 1, 0
2026/2/20, 17:50:00, 5270.0, 5270.0, 5270.0, 5270.0, 1, 1, 0, 1
2026/2/20, 18:25:00, 5256.0, 5256.0, 5256.0, 5256.0, 1, 1, 1, 0
2026/2/20, 18:30:00, 5263.0, 5263.0, 5263.0, 5263.0, 1, 1, 0, 1
2026/2/20, 19:20:00, 5271.0, 5271.0, 5271.0, 5271.0, 1, 1, 1, 0
2026/2/20, 20:00:00, 5278.0, 5278.0, 5278.0, 5278.0, 1, 1, 0, 1
2026/2/20, 20:35:00, 5284.0, 5284.0, 5284.0, 5284.0, 1, 1, 1, 0
2026/2/23, 00:00:00, 5348.5, 5348.5, 5346.0, 5346.0, 2, 2, 1, 1
2026/2/23, 00:35:00, 5342.0, 5342.0, 5342.0, 5342.0, 1, 1, 0, 1
2026/2/23, 00:45:00, 5338.0, 5338.0, 5338.0, 5338.0, 1, 1, 1, 0
2026/2/23, 01:10:00, 5350.4, 5350.4, 5350.4, 5350.4, 1, 1, 0, 1
2026/2/23, 03:05:00, 5372.3, 5372.4, 5371.8, 5371.8, 6, 4, 1, 5
2026/2/23, 07:50:00, 5334.4, 5334.4, 5334.4, 5334.4, 1, 1, 1, 0
2026/2/23, 10:50:00, 5357.0, 5357.0, 5357.0, 5357.0, 1, 1, 0, 1
2026/2/23, 12:15:00, 5348.8, 5348.8, 5348.8, 5348.8, 1, 1, 0, 1
2026/2/23, 13:20:00, 5352.0, 5352.0, 5352.0, 5352.0, 1, 1, 1, 0
2026/2/23, 13:45:00, 5347.8, 5347.8, 5347.8, 5347.8, 1, 1, 1, 0
2026/2/23, 13:55:00, 5344.3, 5344.3, 5344.3, 5344.3, 1, 1, 1, 0
2026/2/23, 14:40:00, 5391.9, 5392.0, 5391.9, 5392.0, 2, 2, 0, 2
2026/2/23, 14:45:00, 5393.6, 5393.6, 5393.5, 5393.5, 2, 2, 2, 0
2026/2/23, 15:35:00, 5391.6, 5398.1, 5391.6, 5398.1, 2, 2, 1, 1
2026/2/23, 15:40:00, 5400.8, 5403.6, 5400.8, 5403.6, 2, 2, 0, 2
2026/2/23, 15:45:00, 5400.4, 5400.4, 5400.4, 5400.4, 1, 1, 0, 1
2026/2/23, 16:35:00, 5411.3, 5412.8, 5411.2, 5411.9, 7, 7, 2, 5
2026/2/23, 17:30:00, 5408.3, 5408.4, 5408.3, 5408.4, 2, 2, 1, 1
2026/2/23, 20:15:00, 5423.0, 5423.0, 5423.0, 5423.0, 1, 1, 0, 1
2026/2/23, 21:05:00, 5436.0, 5436.0, 5436.0, 5436.0, 1, 1, 1, 0
2026/2/24, 01:15:00, 5350.1, 5351.9, 5350.1, 5351.9, 2, 2, 1, 1
2026/2/24, 03:00:00, 5390.1, 5390.1, 5390.1, 5390.1, 1, 1, 1, 0
2026/2/24, 07:20:00, 5379.0, 5379.0, 5379.0, 5379.0, 1, 1, 0, 1
2026/2/24, 08:40:00, 5378.0, 5378.0, 5378.0, 5378.0, 1, 1, 1, 0
2026/2/24, 13:35:00, 5340.0, 5340.0, 5337.1, 5337.1, 2, 2, 2, 0
2026/2/24, 13:45:00, 5338.0, 5338.0, 5330.1, 5330.1, 2, 2, 1, 1
2026/2/24, 14:40:00, 5334.6, 5334.6, 5334.6, 5334.6, 2, 2, 0, 2
2026/2/24, 15:45:00, 5353.1, 5353.1, 5353.1, 5353.1, 1, 1, 0, 1
2026/2/24, 16:35:00, 5337.9, 5337.9, 5337.9, 5337.9, 1, 1, 1, 0
2026/2/24, 18:00:00, 5364.8, 5365.0, 5364.8, 5365.0, 2, 2, 0, 2
2026/2/24, 18:20:00, 5357.9, 5357.9, 5357.9, 5357.9, 1, 1, 1, 0
2026/2/24, 20:30:00, 5368.1, 5368.1, 5368.1, 5368.1, 1, 1, 0, 1
2026/2/24, 20:45:00, 5366.9, 5366.9, 5366.9, 5366.9, 1, 1, 1, 0
2026/2/24, 20:50:00, 5360.5, 5360.6, 5360.5, 5360.6, 2, 2, 0, 2
2026/2/24, 20:55:00, 5358.9, 5358.9, 5358.9, 5358.9, 1, 1, 1, 0
2026/2/24, 21:50:00, 5342.9, 5342.9, 5342.9, 5342.9, 1, 1, 1, 0
2026/2/24, 23:45:00, 5348.4, 5348.4, 5348.4, 5348.4, 1, 1, 0, 1
2026/2/25, 00:05:00, 5338.1, 5339.9, 5338.1, 5339.9, 2, 2, 1, 1
2026/2/25, 00:25:00, 5336.1, 5338.1, 5336.1, 5338.1, 2, 2, 1, 1
2026/2/25, 01:20:00, 5381.8, 5381.8, 5381.8, 5381.8, 1, 1, 0, 1
2026/2/25, 03:55:00, 5383.0, 5383.0, 5383.0, 5383.0, 1, 1, 0, 1
2026/2/25, 05:40:00, 5403.0, 5403.0, 5403.0, 5403.0, 2, 2, 0, 2
2026/2/25, 06:05:00, 5391.0, 5391.0, 5391.0, 5391.0, 1, 1, 0, 1
2026/2/25, 10:20:00, 5374.7, 5374.7, 5374.6, 5374.6, 2, 2, 2, 0
2026/2/25, 11:20:00, 5363.7, 5363.9, 5363.7, 5363.9, 2, 2, 0, 2
2026/2/25, 13:15:00, 5388.4, 5388.4, 5388.4, 5388.4, 1, 1, 0, 1
2026/2/25, 14:25:00, 5381.2, 5381.3, 5381.2, 5381.3, 2, 2, 0, 2
2026/2/25, 14:35:00, 5362.6, 5362.6, 5362.6, 5362.6, 1, 1, 1, 0
2026/2/25, 14:50:00, 5386.6, 5386.6, 5386.6, 5386.6, 2, 2, 0, 2
2026/2/25, 16:20:00, 5401.0, 5401.0, 5400.8, 5400.8, 4, 3, 4, 0
2026/2/25, 20:15:00, 5386.7, 5386.7, 5386.7, 5386.7, 1, 1, 1, 0
2026/2/25, 20:40:00, 5379.3, 5379.3, 5379.3, 5379.3, 1, 1, 1, 0
2026/2/25, 21:00:00, 5354.0, 5354.0, 5354.0, 5354.0, 1, 1, 1, 0
2026/2/26, 01:05:00, 5390.6, 5390.6, 5390.6, 5390.6, 1, 1, 0, 1
2026/2/26, 01:30:00, 5375.3, 5375.3, 5375.3, 5375.3, 1, 1, 1, 0
2026/2/26, 10:30:00, 5372.1, 5373.9, 5372.1, 5373.9, 2, 2, 1, 1
2026/2/26, 10:45:00, 5368.1, 5369.9, 5368.1, 5369.9, 2, 2, 1, 1
2026/2/26, 10:50:00, 5365.1, 5366.9, 5365.1, 5366.9, 2, 2, 1, 1
2026/2/26, 11:55:00, 5357.9, 5359.7, 5357.9, 5359.7, 2, 2, 0, 2
2026/2/26, 13:25:00, 5372.5, 5372.5, 5372.5, 5372.5, 1, 1, 0, 1
2026/2/26, 14:00:00, 5359.5, 5361.4, 5359.5, 5361.4, 2, 2, 1, 1
2026/2/26, 14:20:00, 5363.8, 5364.0, 5363.8, 5364.0, 3, 3, 0, 3
2026/2/26, 14:30:00, 5346.7, 5348.6, 5346.7, 5348.6, 2, 2, 1, 1
2026/2/26, 15:50:00, 5384.7, 5384.7, 5384.7, 5384.7, 1, 1, 0, 1
2026/2/26, 16:40:00, 5380.2, 5380.2, 5380.2, 5380.2, 1, 1, 1, 0
2026/2/26, 17:10:00, 5382.7, 5382.7, 5378.8, 5378.8, 2, 2, 1, 1
2026/2/26, 18:45:00, 5380.4, 5380.4, 5380.4, 5380.4, 1, 1, 0, 1
2026/2/26, 19:05:00, 5382.7, 5382.7, 5382.7, 5382.7, 1, 1, 1, 0
2026/2/26, 19:10:00, 5385.6, 5385.6, 5385.6, 5385.6, 1, 1, 0, 1
2026/2/26, 19:45:00, 5391.4, 5391.4, 5391.4, 5391.4, 1, 1, 0, 1
2026/2/26, 20:05:00, 5394.8, 5394.8, 5394.8, 5394.8, 1, 1, 0, 1
2026/2/27, 09:40:00, 5377.7, 5377.7, 5377.7, 5377.7, 1, 1, 1, 0
2026/2/27, 10:15:00, 5369.9, 5369.9, 5369.9, 5369.9, 1, 1, 1, 0
2026/2/27, 11:55:00, 5383.5, 5383.5, 5383.5, 5383.5, 1, 1, 0, 1
2026/2/27, 13:05:00, 5407.7, 5411.8, 5407.7, 5411.8, 2, 2, 1, 1
2026/2/27, 13:35:00, 5418.9, 5418.9, 5417.9, 5417.9, 2, 2, 1, 1
2026/2/27, 14:00:00, 5425.8, 5426.6, 5425.6, 5426.6, 3, 3, 3, 0
2026/2/27, 14:05:00, 5426.1, 5426.1, 5423.1, 5423.1, 5, 5, 5, 0
2026/2/27, 14:10:00, 5426.6, 5426.6, 5426.6, 5426.6, 1, 1, 0, 1
2026/2/27, 14:30:00, 5426.0, 5426.0, 5426.0, 5426.0, 1, 1, 1, 0
2026/2/27, 14:35:00, 5423.0, 5423.0, 5419.8, 5419.8, 3, 3, 1, 2
2026/2/27, 16:00:00, 5440.0, 5440.0, 5440.0, 5440.0, 1, 1, 0, 1
2026/2/27, 16:10:00, 5450.0, 5455.5, 5450.0, 5455.0, 10, 7, 7, 3
2026/2/27, 16:15:00, 5456.1, 5456.8, 5455.0, 5455.0, 4, 4, 1, 3
2026/2/27, 18:05:00, 5436.7, 5436.7, 5435.5, 5435.5, 3, 3, 3, 0
2026/2/27, 18:10:00, 5435.1, 5435.2, 5435.1, 5435.2, 3, 2, 0, 3
2026/2/27, 18:25:00, 5428.1, 5428.1, 5428.1, 5428.1, 1, 1, 0, 1
2026/3/1, 23:00:00, 5517.9, 5556.6, 5517.9, 5556.6, 4, 4, 1, 3
2026/3/1, 23:15:00, 5553.9, 5553.9, 5553.9, 5553.9, 1, 1, 0, 1
2026/3/1, 23:25:00, 5553.5, 5556.7, 5553.5, 5556.7, 4, 4, 0, 4
2026/3/1, 23:30:00, 5555.8, 5565.8, 5555.6, 5565.8, 4, 4, 2, 2
2026/3/2, 00:00:00, 5575.0, 5575.0, 5570.0, 5570.0, 2, 2, 2, 0
2026/3/2, 00:30:00, 5561.5, 5561.5, 5561.5, 5561.5, 1, 1, 1, 0
2026/3/2, 01:00:00, 5530.0, 5530.0, 5515.0, 5515.0, 3, 3, 3, 0
2026/3/2, 01:25:00, 5516.0, 5516.0, 5516.0, 5516.0, 1, 1, 1, 0
2026/3/2, 02:00:00, 5521.1, 5522.9, 5521.1, 5522.9, 2, 2, 1, 1
2026/3/2, 02:50:00, 5545.5, 5545.5, 5545.5, 5545.5, 1, 1, 0, 1
2026/3/2, 03:30:00, 5554.1, 5554.1, 5554.1, 5554.1, 1, 1, 0, 1
2026/3/2, 07:05:00, 5600.0, 5600.0, 5600.0, 5600.0, 2, 2, 0, 2
2026/3/2, 07:15:00, 5620.0, 5620.0, 5620.0, 5620.0, 1, 1, 0, 1
2026/3/2, 07:30:00, 5612.3, 5612.3, 5612.3, 5612.3, 1, 1, 1, 0
2026/3/2, 08:20:00, 5608.7, 5608.7, 5607.5, 5608.0, 6, 5, 4, 2
2026/3/2, 10:50:00, 5592.9, 5593.3, 5592.9, 5593.3, 2, 2, 0, 2
2026/3/2, 11:55:00, 5584.3, 5584.3, 5584.1, 5584.1, 3, 3, 3, 0
2026/3/2, 12:00:00, 5581.4, 5581.4, 5581.4, 5581.4, 1, 1, 0, 1
2026/3/2, 13:05:00, 5611.6, 5611.6, 5611.6, 5611.6, 1, 1, 0, 1
2026/3/2, 14:25:00, 5521.3, 5531.3, 5510.0, 5531.2, 7, 6, 7, 0
2026/3/2, 14:30:00, 5534.8, 5534.8, 5518.2, 5518.2, 3, 3, 1, 2
2026/3/2, 14:35:00, 5541.1, 5541.1, 5541.1, 5541.1, 1, 1, 1, 0
2026/3/2, 15:35:00, 5545.0, 5545.0, 5545.0, 5545.0, 1, 1, 1, 0
2026/3/2, 16:00:00, 5500.0, 5500.0, 5475.0, 5475.0, 3, 3, 2, 1
2026/3/2, 16:35:00, 5497.2, 5497.2, 5497.2, 5497.2, 1, 1, 0, 1
2026/3/2, 18:05:00, 5490.0, 5490.0, 5490.0, 5490.0, 1, 1, 1, 0
2026/3/2, 18:35:00, 5490.4, 5490.4, 5490.4, 5490.4, 1, 1, 0, 1
2026/3/2, 18:45:00, 5504.3, 5504.3, 5504.3, 5504.3, 1, 1, 1, 0
2026/3/2, 18:50:00, 5512.1, 5512.1, 5512.1, 5512.1, 1, 1, 1, 0
2026/3/2, 19:00:00, 5525.0, 5525.0, 5525.0, 5525.0, 1, 1, 0, 1
2026/3/2, 19:15:00, 5521.9, 5521.9, 5521.9, 5521.9, 1, 1, 1, 0
2026/3/2, 20:10:00, 5546.5, 5546.5, 5546.5, 5546.5, 1, 1, 0, 1
2026/3/2, 21:35:00, 5528.5, 5528.5, 5528.5, 5528.5, 1, 1, 1, 0
2026/3/2, 23:00:00, 5541.6, 5541.6, 5541.6, 5541.6, 1, 1, 0, 1
2026/3/3, 00:00:00, 5537.7, 5537.8, 5537.7, 5537.8, 2, 2, 0, 2
2026/3/3, 00:15:00, 5557.5, 5557.5, 5557.5, 5557.5, 1, 1, 0, 1
2026/3/3, 00:45:00, 5558.9, 5558.9, 5558.9, 5558.9, 1, 1, 0, 1
2026/3/3, 00:55:00, 5552.5, 5552.5, 5552.5, 5552.5, 1, 1, 0, 1
2026/3/3, 01:00:00, 5564.7, 5564.7, 5564.7, 5564.7, 1, 1, 0, 1
2026/3/3, 01:20:00, 5580.5, 5580.5, 5580.5, 5580.5, 1, 1, 0, 1
2026/3/3, 01:30:00, 5577.2, 5577.2, 5577.2, 5577.2, 1, 1, 0, 1
2026/3/3, 01:45:00, 5551.6, 5551.6, 5551.5, 5551.5, 2, 2, 2, 0
2026/3/3, 01:50:00, 5558.1, 5559.2, 5558.1, 5559.2, 2, 2, 0, 2
2026/3/3, 01:55:00, 5546.4, 5546.4, 5546.4, 5546.4, 1, 1, 1, 0
2026/3/3, 02:00:00, 5535.1, 5535.1, 5535.1, 5535.1, 1, 1, 1, 0
2026/3/3, 02:05:00, 5550.7, 5550.8, 5550.7, 5550.8, 2, 2, 0, 2
2026/3/3, 02:20:00, 5555.7, 5555.7, 5555.7, 5555.7, 1, 1, 0, 1
2026/3/3, 02:55:00, 5567.4, 5567.4, 5567.4, 5567.4, 1, 1, 1, 0
2026/3/3, 03:30:00, 5568.8, 5568.8, 5568.8, 5568.8, 1, 1, 1, 0
2026/3/3, 05:50:00, 5521.1, 5521.1, 5521.1, 5521.1, 1, 1, 1, 0
2026/3/3, 06:00:00, 5522.9, 5522.9, 5520.5, 5520.5, 3, 3, 2, 1
2026/3/3, 06:05:00, 5515.0, 5515.0, 5505.1, 5507.1, 3, 3, 2, 1
2026/3/3, 06:10:00, 5500.0, 5500.0, 5488.0, 5488.0, 2, 2, 2, 0
2026/3/3, 06:15:00, 5487.7, 5490.1, 5487.1, 5490.1, 3, 3, 3, 0
2026/3/3, 07:25:00, 5516.0, 5516.0, 5516.0, 5516.0, 1, 1, 0, 1
2026/3/3, 07:50:00, 5527.4, 5527.4, 5527.4, 5527.4, 1, 1, 0, 1
2026/3/3, 09:20:00, 5487.1, 5487.1, 5487.1, 5487.1, 1, 1, 1, 0
2026/3/3, 09:25:00, 5450.0, 5450.0, 5440.0, 5440.3, 4, 4, 3, 1
2026/3/3, 09:30:00, 5455.8, 5455.8, 5455.8, 5455.8, 1, 1, 0, 1
2026/3/3, 09:55:00, 5474.5, 5474.5, 5474.5, 5474.5, 1, 1, 1, 0
2026/3/3, 10:30:00, 5465.9, 5465.9, 5465.9, 5465.9, 1, 1, 1, 0
2026/3/3, 10:50:00, 5443.8, 5443.8, 5443.8, 5443.8, 1, 1, 1, 0
2026/3/3, 10:55:00, 5446.0, 5446.0, 5446.0, 5446.0, 1, 1, 0, 1
2026/3/3, 11:05:00, 5415.0, 5415.0, 5364.2, 5364.2, 3, 3, 3, 0
2026/3/3, 11:10:00, 5396.1, 5398.3, 5396.1, 5398.3, 2, 2, 1, 1
2026/3/3, 11:15:00, 5380.0, 5395.6, 5380.0, 5395.6, 4, 4, 2, 2
2026/3/3, 11:20:00, 5386.1, 5386.1, 5386.1, 5386.1, 1, 1, 0, 1
2026/3/3, 11:25:00, 5370.6, 5378.5, 5350.0, 5350.0, 4, 4, 3, 1
2026/3/3, 11:30:00, 5314.4, 5314.4, 5287.1, 5287.1, 2, 2, 1, 1
2026/3/3, 11:35:00, 5314.5, 5314.5, 5314.4, 5314.4, 2, 2, 2, 0
2026/3/3, 11:40:00, 5298.9, 5298.9, 5298.9, 5298.9, 1, 1, 1, 0
2026/3/3, 11:45:00, 5323.9, 5323.9, 5323.9, 5323.9, 1, 1, 0, 1
2026/3/3, 12:05:00, 5347.6, 5364.5, 5347.6, 5362.7, 11, 10, 2, 9
2026/3/3, 12:10:00, 5368.3, 5381.2, 5368.3, 5381.2, 6, 6, 4, 2
2026/3/3, 12:20:00, 5388.3, 5388.3, 5388.3, 5388.3, 2, 2, 0, 2
2026/3/3, 13:45:00, 5328.5, 5329.0, 5328.5, 5329.0, 2, 2, 1, 1
2026/3/3, 14:00:00, 5342.9, 5343.1, 5342.9, 5343.1, 2, 2, 2, 0
2026/3/3, 14:20:00, 5327.7, 5327.7, 5327.7, 5327.7, 1, 1, 1, 0
2026/3/3, 14:25:00, 5333.0, 5333.0, 5333.0, 5333.0, 1, 1, 0, 1
2026/3/3, 14:30:00, 5320.4, 5320.4, 5303.1, 5309.0, 12, 11, 7, 5
2026/3/3, 14:35:00, 5301.1, 5313.4, 5301.1, 5313.4, 3, 3, 1, 2
2026/3/3, 14:40:00, 5299.1, 5299.1, 5264.8, 5264.8, 3, 3, 3, 0
2026/3/3, 14:45:00, 5245.0, 5245.0, 5245.0, 5245.0, 1, 1, 1, 0
2026/3/3, 14:50:00, 5218.8, 5235.7, 5200.0, 5235.7, 4, 4, 2, 2
2026/3/3, 14:55:00, 5240.5, 5240.5, 5235.9, 5237.7, 3, 3, 2, 1
2026/3/3, 15:00:00, 5235.2, 5235.4, 5235.2, 5235.4, 2, 2, 0, 2
2026/3/3, 15:05:00, 5247.1, 5247.1, 5247.1, 5247.1, 1, 1, 1, 0
2026/3/3, 15:10:00, 5230.7, 5230.7, 5228.9, 5228.9, 2, 2, 1, 1
2026/3/3, 15:15:00, 5221.4, 5221.4, 5199.8, 5199.8, 3, 3, 2, 1
2026/3/3, 15:50:00, 5266.0, 5266.0, 5266.0, 5266.0, 1, 1, 0, 1
2026/3/3, 15:55:00, 5268.8, 5271.2, 5266.7, 5271.2, 8, 7, 2, 6
2026/3/3, 16:05:00, 5300.7, 5303.5, 5300.7, 5303.5, 5, 5, 3, 2
2026/3/3, 16:10:00, 5295.0, 5295.0, 5295.0, 5295.0, 1, 1, 0, 1
2026/3/3, 17:05:00, 5275.2, 5275.2, 5275.2, 5275.2, 1, 1, 1, 0
2026/3/3, 17:45:00, 5268.6, 5268.6, 5268.6, 5268.6, 1, 1, 0, 1
2026/3/3, 18:35:00, 5307.5, 5307.5, 5307.5, 5307.5, 1, 1, 0, 1
2026/3/3, 18:50:00, 5327.9, 5327.9, 5327.9, 5327.9, 1, 1, 0, 1
2026/3/3, 19:00:00, 5337.7, 5337.7, 5337.7, 5337.7, 1, 1, 0, 1
2026/3/3, 19:20:00, 5307.4, 5307.4, 5307.0, 5307.0, 8, 5, 8, 0
2026/3/4, 00:45:00, 5330.2, 5330.5, 5330.2, 5330.5, 3, 3, 0, 3
2026/3/4, 00:55:00, 5327.8, 5327.9, 5327.8, 5327.9, 2, 2, 0, 2
2026/3/4, 01:00:00, 5338.5, 5338.5, 5338.3, 5338.3, 5, 3, 5, 0
2026/3/4, 02:05:00, 5364.1, 5364.1, 5364.1, 5364.1, 1, 1, 1, 0
2026/3/4, 03:20:00, 5351.4, 5355.3, 5351.4, 5355.3, 2, 2, 2, 0
2026/3/4, 03:30:00, 5355.4, 5355.4, 5355.4, 5355.4, 1, 1, 0, 1
2026/3/4, 03:55:00, 5361.1, 5361.1, 5361.1, 5361.1, 1, 1, 0, 1
2026/3/4, 04:05:00, 5363.9, 5363.9, 5363.9, 5363.9, 1, 1, 0, 1
2026/3/4, 06:05:00, 5330.0, 5330.0, 5330.0, 5330.0, 1, 1, 1, 0
2026/3/4, 06:20:00, 5331.1, 5331.1, 5331.1, 5331.1, 1, 1, 0, 1
2026/3/4, 07:45:00, 5364.2, 5364.2, 5364.2, 5364.2, 1, 1, 0, 1
2026/3/4, 11:25:00, 5388.0, 5388.1, 5388.0, 5388.1, 2, 2, 0, 2
2026/3/4, 11:35:00, 5391.1, 5391.3, 5391.1, 5391.3, 2, 2, 0, 2
2026/3/4, 11:40:00, 5388.2, 5388.2, 5388.2, 5388.2, 1, 1, 0, 1
2026/3/4, 12:05:00, 5393.6, 5393.6, 5393.6, 5393.6, 1, 1, 0, 1
2026/3/4, 12:10:00, 5393.7, 5393.7, 5393.5, 5393.5, 3, 2, 3, 0
2026/3/4, 12:20:00, 5373.0, 5373.0, 5373.0, 5373.0, 1, 1, 1, 0
2026/3/4, 12:45:00, 5358.4, 5358.6, 5358.4, 5358.6, 3, 2, 0, 3
2026/3/4, 13:05:00, 5370.7, 5373.0, 5370.6, 5372.8, 5, 5, 5, 0
2026/3/4, 14:45:00, 5336.8, 5336.8, 5336.8, 5336.8, 4, 3, 4, 0
2026/3/4, 15:15:00, 5322.7, 5322.7, 5322.6, 5322.6, 2, 2, 2, 0
2026/3/4, 15:25:00, 5345.8, 5345.8, 5345.8, 5345.8, 1, 1, 0, 1
2026/3/4, 15:40:00, 5336.9, 5336.9, 5336.9, 5336.9, 1, 1, 1, 0
2026/3/4, 16:00:00, 5350.0, 5350.0, 5350.0, 5350.0, 1, 1, 0, 1
2026/3/4, 16:10:00, 5335.7, 5335.7, 5335.7, 5335.7, 1, 1, 1, 0
2026/3/4, 16:40:00, 5350.7, 5350.7, 5350.7, 5350.7, 1, 1, 0, 1
2026/3/4, 16:50:00, 5336.6, 5336.6, 5336.6, 5336.6, 1, 1, 1, 0
2026/3/4, 19:05:00, 5323.2, 5323.2, 5323.2, 5323.2, 1, 1, 0, 1
2026/3/4, 21:55:00, 5333.6, 5333.6, 5333.6, 5333.6, 1, 1, 1, 0
2026/3/4, 23:00:00, 5344.2, 5349.4, 5344.2, 5349.4, 3, 2, 0, 3
2026/3/4, 23:10:00, 5340.0, 5340.0, 5340.0, 5340.0, 1, 1, 1, 0
2026/3/5, 00:15:00, 5369.8, 5369.8, 5369.8, 5369.8, 1, 1, 1, 0
2026/3/5, 01:10:00, 5378.2, 5378.3, 5378.2, 5378.3, 2, 2, 0, 2
2026/3/5, 01:15:00, 5373.4, 5373.4, 5373.2, 5373.2, 3, 2, 3, 0
2026/3/5, 06:05:00, 5329.3, 5329.3, 5329.3, 5329.3, 1, 1, 1, 0
2026/3/5, 06:10:00, 5323.3, 5325.5, 5323.3, 5325.5, 2, 2, 0, 2
2026/3/5, 06:15:00, 5317.0, 5317.0, 5317.0, 5317.0, 1, 1, 1, 0
2026/3/5, 06:55:00, 5357.0, 5357.0, 5357.0, 5357.0, 1, 1, 0, 1
2026/3/5, 08:45:00, 5360.5, 5360.5, 5360.5, 5360.5, 1, 1, 0, 1
2026/3/5, 12:10:00, 5363.9, 5364.0, 5363.9, 5364.0, 2, 2, 0, 2
2026/3/5, 13:15:00, 5324.6, 5324.6, 5324.6, 5324.6, 1, 1, 1, 0
2026/3/5, 13:25:00, 5302.1, 5304.1, 5302.1, 5304.1, 2, 2, 1, 1
2026/3/5, 13:40:00, 5317.5, 5317.5, 5317.5, 5317.5, 1, 1, 1, 0
2026/3/5, 14:15:00, 5297.1, 5299.1, 5292.1, 5294.1, 4, 4, 2, 2
2026/3/5, 14:40:00, 5284.1, 5286.1, 5284.1, 5286.1, 2, 2, 1, 1
2026/3/5, 15:05:00, 5275.1, 5275.1, 5275.1, 5275.1, 1, 1, 1, 0
2026/3/5, 15:10:00, 5276.7, 5276.7, 5276.7, 5276.7, 1, 1, 0, 1
2026/3/5, 15:30:00, 5272.1, 5274.1, 5272.1, 5274.1, 2, 2, 1, 1
2026/3/5, 15:40:00, 5266.7, 5268.9, 5266.7, 5268.9, 2, 2, 0, 2
2026/3/5, 16:20:00, 5253.8, 5253.8, 5253.8, 5253.8, 1, 1, 1, 0
2026/3/5, 16:25:00, 5251.6, 5256.0, 5251.6, 5256.0, 5, 4, 4, 1
2026/3/5, 17:40:00, 5251.0, 5251.0, 5251.0, 5251.0, 1, 1, 1, 0
2026/3/5, 17:50:00, 5248.9, 5248.9, 5248.9, 5248.9, 1, 1, 1, 0
2026/3/5, 18:00:00, 5244.4, 5244.4, 5237.1, 5237.1, 4, 4, 4, 0
2026/3/5, 18:05:00, 5258.2, 5258.9, 5258.2, 5258.9, 2, 2, 0, 2
2026/3/5, 18:10:00, 5258.9, 5261.6, 5258.9, 5261.2, 3, 3, 1, 2
2026/3/5, 19:15:00, 5262.7, 5262.7, 5262.7, 5262.7, 1, 1, 0, 1
2026/3/5, 19:35:00, 5248.9, 5248.9, 5248.8, 5248.8, 4, 4, 4, 0
2026/3/5, 20:10:00, 5270.0, 5270.4, 5270.0, 5270.4, 2, 2, 1, 1
2026/3/5, 20:15:00, 5272.2, 5277.5, 5272.2, 5277.5, 6, 3, 0, 6
2026/3/5, 21:10:00, 5266.5, 5266.5, 5264.9, 5264.9, 4, 4, 4, 0
2026/3/5, 21:30:00, 5273.1, 5273.1, 5273.1, 5273.1, 1, 1, 0, 1
2026/3/5, 21:35:00, 5264.4, 5264.4, 5264.4, 5264.4, 1, 1, 1, 0
2026/3/5, 21:40:00, 5264.3, 5264.3, 5264.3, 5264.3, 1, 1, 1, 0
2026/3/5, 21:50:00, 5273.6, 5273.8, 5273.6, 5273.8, 5, 5, 0, 5
2026/3/6, 00:00:00, 5260.6, 5260.6, 5260.5, 5260.5, 2, 2, 2, 0
2026/3/6, 00:15:00, 5277.5, 5278.4, 5277.5, 5278.4, 2, 2, 0, 2
2026/3/6, 01:00:00, 5260.6, 5260.6, 5260.5, 5260.5, 2, 2, 2, 0
2026/3/6, 01:05:00, 5268.4, 5269.5, 5268.4, 5269.5, 2, 2, 0, 2
2026/3/6, 01:35:00, 5296.0, 5296.0, 5296.0, 5296.0, 2, 2, 2, 0
2026/3/6, 01:50:00, 5327.0, 5327.0, 5327.0, 5327.0, 1, 1, 0, 1
2026/3/6, 02:10:00, 5322.2, 5322.2, 5322.2, 5322.2, 1, 1, 1, 0
2026/3/6, 02:50:00, 5317.7, 5317.7, 5317.7, 5317.7, 1, 1, 0, 1
2026/3/6, 03:35:00, 5326.3, 5326.3, 5326.3, 5326.3, 1, 1, 1, 0
2026/3/6, 04:50:00, 5326.6, 5326.6, 5326.6, 5326.6, 1, 1, 0, 1
2026/3/6, 05:15:00, 5317.3, 5317.3, 5317.1, 5317.1, 3, 3, 3, 0
2026/3/6, 08:15:00, 5305.1, 5306.9, 5303.7, 5306.9, 3, 3, 2, 1
2026/3/6, 08:20:00, 5303.7, 5303.7, 5301.1, 5301.1, 7, 7, 7, 0
2026/3/6, 08:25:00, 5296.9, 5296.9, 5293.5, 5293.5, 2, 2, 2, 0
2026/3/6, 08:30:00, 5289.6, 5289.6, 5289.6, 5289.6, 1, 1, 1, 0
2026/3/6, 08:45:00, 5300.3, 5302.5, 5300.3, 5302.5, 2, 2, 1, 1
2026/3/6, 09:00:00, 5295.1, 5295.1, 5295.1, 5295.1, 1, 1, 1, 0
2026/3/6, 09:35:00, 5282.1, 5282.1, 5279.4, 5279.4, 3, 3, 3, 0
2026/3/6, 09:45:00, 5279.9, 5279.9, 5277.5, 5277.5, 2, 2, 2, 0
2026/3/6, 09:50:00, 5275.0, 5275.0, 5274.9, 5274.9, 2, 2, 1, 1
2026/3/6, 12:10:00, 5280.7, 5280.7, 5280.7, 5280.7, 1, 1, 1, 0
2026/3/6, 12:15:00, 5280.9, 5280.9, 5280.9, 5280.9, 1, 1, 1, 0
2026/3/6, 12:25:00, 5278.0, 5278.0, 5278.0, 5278.0, 1, 1, 0, 1
2026/3/6, 13:00:00, 5260.5, 5260.5, 5260.5, 5260.5, 2, 2, 2, 0
2026/3/6, 13:05:00, 5261.5, 5261.5, 5259.3, 5259.4, 4, 4, 2, 2
2026/3/6, 13:25:00, 5276.2, 5276.5, 5276.2, 5276.5, 2, 2, 2, 0
2026/3/6, 13:30:00, 5296.5, 5306.7, 5296.5, 5306.7, 11, 11, 0, 11
2026/3/6, 13:50:00, 5296.8, 5296.8, 5290.8, 5290.8, 7, 7, 6, 1
2026/3/6, 13:55:00, 5268.1, 5268.1, 5268.1, 5268.1, 4, 2, 4, 0
2026/3/6, 14:15:00, 5281.9, 5284.1, 5281.9, 5284.1, 2, 2, 0, 2
2026/3/6, 14:45:00, 5284.0, 5284.0, 5284.0, 5284.0, 1, 1, 0, 1
2026/3/6, 14:55:00, 5305.4, 5316.6, 5305.4, 5312.4, 8, 8, 7, 1
2026/3/6, 15:00:00, 5324.7, 5350.0, 5324.7, 5350.0, 3, 3, 1, 2
2026/3/6, 15:15:00, 5342.3, 5342.3, 5342.3, 5342.3, 1, 1, 1, 0
2026/3/6, 16:00:00, 5343.0, 5343.0, 5343.0, 5343.0, 1, 1, 1, 0
2026/3/6, 16:15:00, 5342.6, 5342.6, 5342.5, 5342.5, 2, 2, 2, 0
2026/3/6, 16:25:00, 5331.6, 5331.7, 5331.6, 5331.7, 2, 2, 0, 2
2026/3/6, 16:40:00, 5334.5, 5334.6, 5334.5, 5334.6, 2, 2, 0, 2
2026/3/6, 16:45:00, 5339.1, 5339.1, 5338.9, 5338.9, 2, 2, 2, 0
2026/3/6, 16:55:00, 5331.8, 5331.8, 5331.8, 5331.8, 1, 1, 1, 0
2026/3/6, 17:00:00, 5327.5, 5327.5, 5327.5, 5327.5, 1, 1, 0, 1
2026/3/6, 17:10:00, 5328.6, 5329.0, 5328.6, 5329.0, 2, 2, 1, 1
2026/3/6, 17:45:00, 5329.4, 5329.4, 5329.4, 5329.4, 1, 1, 1, 0
2026/3/6, 17:55:00, 5326.9, 5331.8, 5326.9, 5331.8, 3, 3, 0, 3
2026/3/6, 18:00:00, 5335.7, 5335.7, 5334.2, 5334.2, 3, 3, 2, 1
2026/3/6, 18:05:00, 5334.4, 5334.4, 5334.1, 5334.1, 3, 3, 2, 1
2026/3/6, 18:40:00, 5356.5, 5356.7, 5356.5, 5356.7, 3, 3, 0, 3
2026/3/6, 19:10:00, 5359.8, 5362.0, 5359.6, 5362.0, 6, 4, 3, 3
2026/3/6, 19:15:00, 5363.7, 5365.5, 5363.7, 5365.4, 4, 3, 3, 1
2026/3/6, 20:20:00, 5347.7, 5347.7, 5347.7, 5347.7, 1, 1, 1, 0
2026/3/6, 20:40:00, 5349.5, 5349.5, 5349.5, 5349.5, 1, 1, 0, 1
2026/3/6, 20:50:00, 5348.8, 5348.8, 5348.8, 5348.8, 1, 1, 1, 0
2026/3/6, 21:10:00, 5356.3, 5356.3, 5356.3, 5356.3, 1, 1, 0, 1
2026/3/6, 21:30:00, 5355.9, 5355.9, 5355.9, 5355.9, 1, 1, 1, 0
2026/3/6, 21:35:00, 5362.6, 5362.8, 5362.6, 5362.8, 2, 2, 0, 2
2026/3/8, 22:00:00, 5350.0, 5350.0, 5350.0, 5350.0, 2, 1, 2, 0
2026/3/8, 22:20:00, 5326.5, 5326.5, 5326.5, 5326.5, 1, 1, 1, 0
2026/3/8, 22:40:00, 5326.5, 5326.5, 5308.8, 5308.8, 8, 8, 8, 0
2026/3/8, 23:00:00, 5328.4, 5328.4, 5327.1, 5327.1, 2, 2, 1, 1
2026/3/8, 23:05:00, 5300.0, 5300.0, 5300.0, 5300.0, 1, 1, 1, 0
2026/3/8, 23:10:00, 5295.0, 5295.0, 5286.3, 5292.9, 3, 3, 2, 1
2026/3/8, 23:25:00, 5286.4, 5286.4, 5286.3, 5286.3, 2, 2, 2, 0
2026/3/8, 23:40:00, 5254.9, 5254.9, 5254.9, 5254.9, 1, 1, 1, 0
2026/3/8, 23:55:00, 5261.7, 5261.7, 5261.7, 5261.7, 1, 1, 1, 0
2026/3/9, 01:10:00, 5261.1, 5261.2, 5261.1, 5261.2, 2, 2, 0, 2
2026/3/9, 01:15:00, 5268.7, 5268.7, 5265.5, 5265.5, 3, 3, 2, 1
2026/3/9, 02:45:00, 5281.0, 5281.0, 5281.0, 5281.0, 1, 1, 0, 1
2026/3/9, 03:05:00, 5279.6, 5279.7, 5279.6, 5279.7, 2, 2, 0, 2
2026/3/9, 04:05:00, 5284.4, 5284.4, 5284.4, 5284.4, 1, 1, 0, 1
2026/3/9, 06:05:00, 5314.2, 5317.1, 5313.0, 5313.0, 5, 5, 4, 1
2026/3/9, 06:50:00, 5292.9, 5292.9, 5292.8, 5292.8, 2, 2, 2, 0
2026/3/9, 06:55:00, 5294.7, 5294.7, 5294.7, 5294.7, 1, 1, 0, 1
2026/3/9, 07:00:00, 5285.5, 5285.5, 5284.1, 5284.1, 2, 2, 2, 0
2026/3/9, 07:10:00, 5289.9, 5289.9, 5289.9, 5289.9, 1, 1, 0, 1
2026/3/9, 07:20:00, 5290.2, 5290.2, 5290.2, 5290.2, 1, 1, 1, 0
2026/3/9, 07:45:00, 5286.3, 5286.3, 5286.3, 5286.3, 1, 1, 1, 0
2026/3/9, 09:10:00, 5302.4, 5302.4, 5302.4, 5302.4, 1, 1, 0, 1
2026/3/9, 09:45:00, 5290.5, 5290.5, 5290.5, 5290.5, 1, 1, 1, 0
2026/3/9, 10:30:00, 5281.3, 5281.3, 5281.3, 5281.3, 1, 1, 1, 0
2026/3/9, 10:35:00, 5281.1, 5283.1, 5281.1, 5283.1, 2, 2, 1, 1
2026/3/9, 10:50:00, 5280.1, 5281.9, 5274.1, 5281.9, 3, 3, 2, 1
2026/3/9, 11:25:00, 5273.3, 5275.1, 5273.3, 5275.1, 2, 2, 1, 1
2026/3/9, 12:05:00, 5285.3, 5285.3, 5285.3, 5285.3, 1, 1, 1, 0
2026/3/9, 13:40:00, 5276.1, 5276.1, 5276.1, 5276.1, 1, 1, 1, 0
2026/3/9, 13:50:00, 5265.0, 5265.0, 5265.0, 5265.0, 1, 1, 1, 0
2026/3/9, 14:00:00, 5277.3, 5277.3, 5277.3, 5277.3, 1, 1, 0, 1
2026/3/9, 14:05:00, 5266.1, 5268.1, 5265.1, 5266.7, 4, 4, 2, 2
2026/3/9, 14:10:00, 5263.1, 5265.1, 5263.1, 5263.1, 3, 3, 2, 1
2026/3/9, 14:15:00, 5264.5, 5264.5, 5264.5, 5264.5, 1, 1, 0, 1
2026/3/9, 14:30:00, 5278.9, 5278.9, 5278.9, 5278.9, 1, 1, 1, 0
2026/3/9, 15:35:00, 5289.4, 5289.4, 5287.8, 5287.8, 2, 2, 1, 1
2026/3/9, 18:55:00, 5318.6, 5318.6, 5318.6, 5318.6, 1, 1, 0, 1
2026/3/9, 19:05:00, 5314.2, 5314.2, 5314.2, 5314.2, 1, 1, 1, 0
2026/3/9, 19:20:00, 5332.0, 5332.0, 5332.0, 5332.0, 1, 1, 1, 0
2026/3/9, 19:30:00, 5326.5, 5326.5, 5326.5, 5326.5, 1, 1, 0, 1
2026/3/9, 19:40:00, 5327.9, 5327.9, 5327.9, 5327.9, 1, 1, 1, 0
2026/3/9, 19:45:00, 5327.8, 5327.8, 5327.3, 5327.3, 2, 2, 2, 0
2026/3/9, 19:50:00, 5328.0, 5328.0, 5328.0, 5328.0, 1, 1, 1, 0
2026/3/9, 19:55:00, 5335.0, 5335.0, 5334.9, 5334.9, 3, 3, 0, 3
2026/3/9, 23:50:00, 5334.5, 5334.6, 5334.5, 5334.6, 2, 2, 0, 2
2026/3/10, 00:35:00, 5326.8, 5326.8, 5326.8, 5326.8, 1, 1, 0, 1
2026/3/10, 01:05:00, 5333.0, 5333.0, 5332.9, 5332.9, 2, 2, 2, 0
2026/3/10, 01:10:00, 5337.9, 5337.9, 5337.9, 5337.9, 1, 1, 0, 1
2026/3/10, 01:15:00, 5340.2, 5340.2, 5340.0, 5340.0, 2, 2, 2, 0
2026/3/10, 01:50:00, 5357.5, 5357.5, 5357.5, 5357.5, 1, 1, 0, 1
2026/3/10, 05:50:00, 5365.9, 5365.9, 5365.9, 5365.9, 1, 1, 0, 1
2026/3/10, 08:30:00, 5380.4, 5380.4, 5380.4, 5380.4, 1, 1, 0, 1
2026/3/10, 12:40:00, 5376.9, 5376.9, 5376.8, 5376.8, 2, 2, 2, 0
2026/3/10, 13:00:00, 5383.9, 5383.9, 5383.9, 5383.9, 1, 1, 0, 1
2026/3/10, 13:15:00, 5396.7, 5405.9, 5396.7, 5405.7, 4, 4, 2, 2
2026/3/10, 13:20:00, 5409.8, 5412.9, 5409.8, 5412.9, 2, 2, 1, 1
2026/3/10, 13:25:00, 5421.0, 5421.0, 5414.3, 5414.3, 3, 2, 0, 3
2026/3/10, 13:40:00, 5407.4, 5408.3, 5405.8, 5405.8, 4, 4, 2, 2
2026/3/10, 13:45:00, 5390.5, 5395.2, 5390.5, 5395.2, 2, 2, 1, 1
2026/3/10, 13:50:00, 5400.5, 5400.5, 5400.5, 5400.5, 1, 1, 1, 0
2026/3/10, 13:55:00, 5406.1, 5406.1, 5405.9, 5405.9, 2, 2, 2, 0
2026/3/10, 14:15:00, 5389.5, 5389.5, 5389.5, 5389.5, 1, 1, 0, 1
2026/3/10, 15:35:00, 5426.8, 5426.8, 5426.8, 5426.8, 1, 1, 1, 0
2026/3/10, 17:25:00, 5428.3, 5428.3, 5428.3, 5428.3, 1, 1, 0, 1
2026/3/10, 17:30:00, 5428.5, 5428.5, 5428.5, 5428.5, 1, 1, 0, 1
2026/3/10, 18:20:00, 5376.8, 5387.1, 5376.8, 5387.1, 4, 4, 1, 3
2026/3/10, 18:25:00, 5392.3, 5398.4, 5392.3, 5398.4, 4, 4, 2, 2
2026/3/10, 18:30:00, 5400.9, 5400.9, 5400.9, 5400.9, 1, 1, 1, 0
2026/3/10, 18:35:00, 5389.3, 5389.3, 5389.3, 5389.3, 1, 1, 0, 1
2026/3/10, 18:40:00, 5385.4, 5385.4, 5385.3, 5385.3, 2, 2, 2, 0
2026/3/10, 18:45:00, 5396.7, 5396.9, 5396.7, 5396.9, 4, 2, 2, 2
2026/3/10, 19:00:00, 5384.9, 5387.3, 5384.9, 5387.3, 2, 2, 1, 1
2026/3/10, 19:15:00, 5392.7, 5395.7, 5392.7, 5395.5, 3, 3, 1, 2
2026/3/10, 19:20:00, 5397.5, 5397.5, 5397.5, 5397.5, 1, 1, 1, 0
2026/3/10, 19:30:00, 5379.9, 5380.0, 5379.9, 5380.0, 2, 2, 0, 2
2026/3/10, 19:35:00, 5385.3, 5385.3, 5385.3, 5385.3, 1, 1, 1, 0
2026/3/10, 20:00:00, 5390.7, 5390.7, 5390.7, 5390.7, 1, 1, 1, 0
2026/3/10, 20:05:00, 5390.2, 5390.2, 5390.2, 5390.2, 2, 1, 2, 0
2026/3/10, 20:20:00, 5390.3, 5390.3, 5390.3, 5390.3, 1, 1, 0, 1
2026/3/11, 00:20:00, 5394.5, 5394.5, 5394.4, 5394.4, 2, 2, 2, 0
2026/3/11, 00:25:00, 5401.4, 5401.4, 5401.4, 5401.4, 1, 1, 0, 1
2026/3/11, 00:55:00, 5408.7, 5408.7, 5408.7, 5408.7, 1, 1, 1, 0
2026/3/11, 01:30:00, 5408.2, 5408.3, 5408.2, 5408.3, 2, 2, 0, 2
2026/3/11, 01:35:00, 5411.5, 5411.5, 5411.3, 5411.3, 2, 2, 2, 0
2026/3/11, 02:00:00, 5401.9, 5401.9, 5401.9, 5401.9, 1, 1, 1, 0
2026/3/11, 02:05:00, 5392.5, 5393.7, 5392.5, 5393.7, 5, 4, 3, 2
2026/3/11, 02:20:00, 5395.9, 5395.9, 5395.9, 5395.9, 1, 1, 0, 1
2026/3/11, 02:45:00, 5405.5, 5405.5, 5405.5, 5405.5, 1, 1, 0, 1
2026/3/11, 03:00:00, 5411.2, 5411.2, 5411.2, 5411.2, 1, 1, 1, 0
2026/3/11, 03:20:00, 5403.3, 5403.3, 5403.3, 5403.3, 1, 1, 1, 0
2026/3/11, 04:15:00, 5399.3, 5399.3, 5398.5, 5398.5, 2, 2, 1, 1
2026/3/11, 04:20:00, 5399.6, 5399.6, 5399.6, 5399.6, 1, 1, 0, 1
2026/3/11, 04:30:00, 5398.4, 5398.4, 5398.4, 5398.4, 1, 1, 1, 0
2026/3/11, 06:50:00, 5389.1, 5389.1, 5389.1, 5389.1, 1, 1, 1, 0
2026/3/11, 07:35:00, 5381.0, 5381.0, 5381.0, 5381.0, 1, 1, 1, 0
2026/3/11, 09:35:00, 5388.9, 5388.9, 5388.9, 5388.9, 1, 1, 0, 1
2026/3/11, 10:30:00, 5378.5, 5378.5, 5378.5, 5378.5, 1, 1, 1, 0
2026/3/11, 10:35:00, 5375.8, 5377.8, 5375.8, 5377.8, 2, 2, 0, 2
2026/3/11, 10:40:00, 5374.8, 5374.8, 5370.7, 5370.7, 4, 4, 4, 0
2026/3/11, 10:45:00, 5375.7, 5375.7, 5375.7, 5375.7, 1, 1, 0, 1
2026/3/11, 10:50:00, 5382.6, 5383.3, 5382.3, 5383.3, 4, 4, 4, 0
2026/3/11, 10:55:00, 5378.2, 5378.2, 5378.2, 5378.2, 1, 1, 0, 1
2026/3/11, 11:00:00, 5379.4, 5383.9, 5379.4, 5383.9, 2, 2, 1, 1
2026/3/11, 11:05:00, 5385.4, 5385.4, 5385.4, 5385.4, 1, 1, 1, 0
2026/3/11, 11:10:00, 5379.9, 5379.9, 5377.6, 5377.6, 5, 5, 0, 5
2026/3/11, 11:15:00, 5377.4, 5377.4, 5377.0, 5377.0, 2, 2, 0, 2
2026/3/11, 11:45:00, 5376.2, 5376.2, 5376.2, 5376.2, 1, 1, 0, 1
2026/3/11, 11:55:00, 5372.1, 5372.1, 5372.1, 5372.1, 1, 1, 0, 1
2026/3/11, 12:00:00, 5374.1, 5374.1, 5374.1, 5374.1, 1, 1, 0, 1
2026/3/11, 12:35:00, 5371.1, 5373.1, 5371.1, 5373.1, 2, 2, 1, 1
2026/3/11, 12:40:00, 5370.0, 5372.1, 5370.0, 5372.1, 4, 4, 0, 4
2026/3/11, 12:45:00, 5369.1, 5372.1, 5364.5, 5369.1, 9, 9, 4, 5
2026/3/11, 12:50:00, 5366.1, 5372.1, 5366.1, 5372.1, 3, 3, 2, 1
2026/3/11, 12:55:00, 5365.1, 5367.1, 5362.6, 5362.6, 3, 3, 2, 1
2026/3/11, 13:00:00, 5364.4, 5364.4, 5364.4, 5364.4, 1, 1, 0, 1
2026/3/11, 13:05:00, 5372.7, 5372.7, 5372.6, 5372.6, 2, 2, 2, 0
2026/3/11, 13:10:00, 5372.2, 5372.2, 5372.2, 5372.2, 1, 1, 1, 0
2026/3/11, 13:20:00, 5373.7, 5373.7, 5373.7, 5373.7, 1, 1, 1, 0
2026/3/11, 13:35:00, 5364.1, 5366.1, 5364.1, 5366.1, 2, 2, 1, 1
2026/3/11, 13:40:00, 5363.1, 5363.1, 5363.1, 5363.1, 1, 1, 1, 0
2026/3/11, 13:45:00, 5355.0, 5355.0, 5355.0, 5355.0, 1, 1, 0, 1
2026/3/11, 13:50:00, 5346.5, 5359.9, 5346.5, 5359.8, 9, 7, 6, 3
2026/3/11, 13:55:00, 5366.3, 5366.3, 5366.3, 5366.3, 1, 1, 1, 0
2026/3/11, 14:00:00, 5368.1, 5375.0, 5368.1, 5375.0, 2, 2, 0, 2
2026/3/11, 14:05:00, 5373.5, 5373.5, 5373.5, 5373.5, 1, 1, 1, 0
2026/3/11, 14:25:00, 5381.9, 5388.8, 5381.9, 5388.8, 3, 3, 3, 0
2026/3/11, 14:30:00, 5388.3, 5388.3, 5379.4, 5379.4, 4, 4, 1, 3
2026/3/11, 14:35:00, 5379.3, 5379.3, 5377.0, 5377.0, 3, 3, 0, 3
2026/3/11, 14:40:00, 5376.5, 5376.5, 5376.5, 5376.5, 1, 1, 0, 1
2026/3/11, 14:45:00, 5380.1, 5383.1, 5379.8, 5382.1, 4, 4, 4, 0
2026/3/11, 14:50:00, 5383.0, 5386.4, 5383.0, 5385.6, 7, 7, 5, 2
2026/3/11, 15:00:00, 5374.8, 5375.7, 5372.8, 5373.4, 9, 9, 0, 9
2026/3/11, 15:05:00, 5372.1, 5372.1, 5372.1, 5372.1, 1, 1, 0, 1
2026/3/11, 15:15:00, 5362.1, 5364.1, 5362.1, 5364.1, 2, 2, 1, 1
2026/3/11, 15:20:00, 5371.8, 5371.9, 5371.8, 5371.9, 3, 2, 0, 3
2026/3/11, 15:30:00, 5361.1, 5361.1, 5361.1, 5361.1, 1, 1, 1, 0
2026/3/11, 16:40:00, 5370.9, 5370.9, 5370.9, 5370.9, 1, 1, 0, 1
2026/3/11, 16:45:00, 5368.5, 5368.5, 5368.5, 5368.5, 1, 1, 1, 0
2026/3/11, 17:00:00, 5372.5, 5372.5, 5369.7, 5369.7, 2, 2, 1, 1
2026/3/11, 17:05:00, 5374.8, 5374.8, 5374.8, 5374.8, 1, 1, 0, 1
2026/3/11, 17:35:00, 5360.1, 5360.1, 5360.1, 5360.1, 1, 1, 1, 0
2026/3/11, 18:10:00, 5366.1, 5366.1, 5366.1, 5366.1, 1, 1, 1, 0
2026/3/11, 18:15:00, 5367.0, 5367.0, 5367.0, 5367.0, 1, 1, 1, 0
2026/3/11, 18:25:00, 5372.8, 5373.0, 5372.8, 5373.0, 2, 2, 0, 2
2026/3/11, 18:30:00, 5373.3, 5373.3, 5373.3, 5373.3, 1, 1, 0, 1
2026/3/11, 18:35:00, 5372.3, 5372.3, 5372.2, 5372.2, 2, 2, 2, 0
2026/3/11, 18:50:00, 5369.2, 5369.2, 5369.2, 5369.2, 1, 1, 1, 0
2026/3/11, 19:30:00, 5372.7, 5372.7, 5372.7, 5372.7, 1, 1, 0, 1
2026/3/11, 19:50:00, 5373.1, 5373.1, 5373.1, 5373.1, 1, 1, 0, 1
2026/3/11, 20:00:00, 5374.5, 5374.5, 5374.4, 5374.4, 2, 2, 2, 0
2026/3/11, 22:00:00, 5374.0, 5374.0, 5374.0, 5374.0, 1, 1, 1, 0
2026/3/11, 22:05:00, 5367.5, 5367.5, 5365.1, 5365.1, 2, 2, 2, 0
2026/3/11, 22:25:00, 5359.1, 5359.1, 5359.1, 5359.1, 1, 1, 1, 0
2026/3/11, 22:45:00, 5360.7, 5360.7, 5360.7, 5360.7, 1, 1, 0, 1
2026/3/11, 22:55:00, 5328.6, 5331.1, 5328.6, 5331.1, 4, 4, 1, 3
2026/3/11, 23:25:00, 5350.0, 5350.0, 5350.0, 5350.0, 1, 1, 1, 0
2026/3/11, 23:40:00, 5344.0, 5344.0, 5344.0, 5344.0, 1, 1, 1, 0
2026/3/11, 23:55:00, 5328.1, 5328.1, 5328.1, 5328.1, 1, 1, 1, 0
2026/3/12, 00:05:00, 5329.7, 5329.7, 5329.7, 5329.7, 1, 1, 0, 1
2026/3/12, 00:35:00, 5350.1, 5350.1, 5350.1, 5350.1, 1, 1, 0, 1
2026/3/12, 01:15:00, 5347.1, 5347.1, 5347.1, 5347.1, 1, 1, 1, 0
2026/3/12, 02:50:00, 5340.3, 5340.3, 5340.3, 5340.3, 1, 1, 1, 0
2026/3/12, 02:55:00, 5344.3, 5344.3, 5344.3, 5344.3, 1, 1, 1, 0
2026/3/12, 05:00:00, 5335.1, 5337.1, 5335.1, 5337.1, 2, 2, 1, 1
2026/3/12, 05:30:00, 5338.7, 5338.7, 5338.7, 5338.7, 1, 1, 1, 0
2026/3/12, 07:45:00, 5378.1, 5378.1, 5378.1, 5378.1, 1, 1, 1, 0
2026/3/12, 08:00:00, 5378.5, 5378.5, 5378.5, 5378.5, 1, 1, 1, 0
2026/3/12, 08:10:00, 5378.7, 5380.3, 5378.7, 5380.3, 2, 2, 2, 0
2026/3/12, 09:25:00, 5371.7, 5371.7, 5371.7, 5371.7, 1, 1, 0, 1
2026/3/12, 09:50:00, 5378.6, 5378.6, 5378.6, 5378.6, 1, 1, 0, 1
2026/3/12, 11:15:00, 5370.6, 5370.6, 5370.6, 5370.6, 1, 1, 1, 0
2026/3/12, 11:20:00, 5373.8, 5373.8, 5373.8, 5373.8, 1, 1, 0, 1
2026/3/12, 11:35:00, 5372.4, 5372.5, 5372.4, 5372.5, 2, 2, 0, 2
2026/3/12, 11:45:00, 5374.4, 5374.4, 5374.4, 5374.4, 1, 1, 0, 1
2026/3/12, 12:05:00, 5362.0, 5362.0, 5362.0, 5362.0, 2, 2, 1, 1
2026/3/12, 12:10:00, 5364.7, 5364.7, 5364.7, 5364.7, 1, 1, 1, 0
2026/3/12, 12:15:00, 5363.6, 5363.7, 5363.6, 5363.6, 4, 3, 2, 2
2026/3/12, 12:20:00, 5360.9, 5363.8, 5360.9, 5363.7, 3, 3, 2, 1
2026/3/12, 12:25:00, 5365.9, 5365.9, 5365.9, 5365.9, 1, 1, 0, 1
2026/3/12, 12:30:00, 5370.0, 5370.0, 5370.0, 5370.0, 2, 2, 0, 2
2026/3/12, 12:40:00, 5364.6, 5364.6, 5364.4, 5364.4, 3, 2, 3, 0
2026/3/12, 12:55:00, 5377.4, 5377.7, 5377.4, 5377.7, 2, 2, 2, 0
2026/3/12, 13:00:00, 5379.2, 5379.2, 5379.1, 5379.1, 2, 2, 2, 0
2026/3/12, 13:20:00, 5361.5, 5361.5, 5361.5, 5361.5, 1, 1, 1, 0
2026/3/12, 13:30:00, 5358.3, 5358.3, 5358.2, 5358.2, 2, 2, 2, 0
2026/3/12, 13:35:00, 5355.1, 5355.1, 5355.1, 5355.1, 1, 1, 1, 0
2026/3/12, 13:40:00, 5352.4, 5352.4, 5352.4, 5352.4, 1, 1, 1, 0
2026/3/12, 13:45:00, 5347.2, 5347.2, 5347.2, 5347.2, 1, 1, 1, 0
2026/3/12, 15:00:00, 5332.0, 5332.1, 5327.1, 5327.1, 3, 3, 3, 0
2026/3/12, 15:05:00, 5325.7, 5325.7, 5321.9, 5321.9, 7, 4, 5, 2
2026/3/12, 15:10:00, 5312.3, 5312.3, 5312.3, 5312.3, 4, 3, 4, 0
2026/3/12, 17:15:00, 5314.4, 5314.4, 5314.4, 5314.4, 2, 2, 2, 0
2026/3/12, 17:20:00, 5313.6, 5313.6, 5313.6, 5313.6, 1, 1, 1, 0
2026/3/12, 17:40:00, 5300.0, 5301.0, 5300.0, 5301.0, 2, 2, 1, 1
2026/3/12, 17:45:00, 5302.6, 5302.6, 5302.6, 5302.6, 1, 1, 1, 0
2026/3/12, 18:45:00, 5290.1, 5290.1, 5286.4, 5286.4, 2, 2, 1, 1
2026/3/12, 20:15:00, 5277.3, 5277.3, 5277.3, 5277.3, 1, 1, 1, 0
2026/3/12, 20:20:00, 5271.3, 5271.3, 5271.3, 5271.3, 1, 1, 1, 0
2026/3/12, 20:25:00, 5264.6, 5267.1, 5263.0, 5267.1, 3, 3, 2, 1
2026/3/12, 20:30:00, 5259.1, 5259.1, 5259.1, 5259.1, 1, 1, 1, 0
2026/3/12, 22:30:00, 5280.2, 5280.2, 5280.2, 5280.2, 1, 1, 1, 0
2026/3/13, 00:15:00, 5295.7, 5295.8, 5295.7, 5295.8, 2, 2, 0, 2
2026/3/13, 00:35:00, 5298.9, 5299.0, 5298.9, 5299.0, 2, 2, 0, 2
2026/3/13, 00:55:00, 5303.1, 5303.1, 5303.0, 5303.0, 3, 2, 3, 0
2026/3/13, 01:00:00, 5309.7, 5309.7, 5309.7, 5309.7, 1, 1, 1, 0
2026/3/13, 01:05:00, 5309.4, 5309.4, 5309.4, 5309.4, 1, 1, 1, 0
2026/3/13, 02:40:00, 5307.7, 5307.8, 5307.7, 5307.8, 2, 2, 0, 2
2026/3/13, 05:50:00, 5286.2, 5286.2, 5286.2, 5286.2, 1, 1, 1, 0
2026/3/13, 06:20:00, 5285.8, 5285.8, 5285.8, 5285.8, 1, 1, 1, 0
2026/3/13, 06:25:00, 5281.8, 5281.8, 5281.8, 5281.8, 1, 1, 1, 0
2026/3/13, 06:30:00, 5282.8, 5282.8, 5282.8, 5282.8, 1, 1, 1, 0
2026/3/13, 06:55:00, 5277.5, 5277.5, 5277.5, 5277.5, 1, 1, 1, 0
2026/3/13, 07:05:00, 5279.5, 5279.5, 5279.5, 5279.5, 1, 1, 0, 1
2026/3/13, 07:50:00, 5275.1, 5275.1, 5275.1, 5275.1, 1, 1, 1, 0
2026/3/13, 07:55:00, 5273.4, 5273.8, 5273.4, 5273.8, 2, 2, 0, 2
2026/3/13, 08:00:00, 5270.5, 5270.5, 5263.0, 5263.0, 2, 2, 2, 0
2026/3/13, 08:05:00, 5259.4, 5259.4, 5259.4, 5259.4, 1, 1, 1, 0
2026/3/13, 08:10:00, 5265.0, 5265.0, 5265.0, 5265.0, 1, 1, 0, 1
2026/3/13, 08:20:00, 5258.7, 5258.7, 5258.7, 5258.7, 1, 1, 1, 0
2026/3/13, 08:50:00, 5275.6, 5275.6, 5275.6, 5275.6, 1, 1, 0, 1
2026/3/13, 08:55:00, 5275.3, 5275.3, 5275.3, 5275.3, 1, 1, 0, 1
2026/3/13, 10:30:00, 5273.0, 5273.0, 5273.0, 5273.0, 1, 1, 1, 0
2026/3/13, 12:00:00, 5307.4, 5307.6, 5307.4, 5307.6, 3, 2, 0, 3
2026/3/13, 12:10:00, 5301.1, 5301.1, 5300.8, 5300.8, 2, 2, 2, 0
2026/3/13, 12:40:00, 5307.7, 5307.7, 5307.7, 5307.7, 1, 1, 0, 1
2026/3/13, 12:45:00, 5310.1, 5310.1, 5310.1, 5310.1, 2, 1, 2, 0
2026/3/13, 12:50:00, 5310.6, 5310.6, 5310.6, 5310.6, 1, 1, 1, 0
2026/3/13, 14:40:00, 5266.2, 5268.2, 5266.1, 5268.1, 4, 4, 1, 3
2026/3/13, 14:50:00, 5258.1, 5258.1, 5258.1, 5258.1, 1, 1, 1, 0
2026/3/13, 15:10:00, 5259.9, 5259.9, 5259.9, 5259.9, 1, 1, 0, 1
2026/3/13, 15:25:00, 5254.1, 5254.1, 5254.1, 5254.1, 1, 1, 1, 0
2026/3/13, 15:30:00, 5256.1, 5256.1, 5256.1, 5256.1, 1, 1, 0, 1
2026/3/13, 15:40:00, 5231.3, 5233.3, 5231.3, 5233.3, 2, 2, 0, 2
2026/3/13, 15:50:00, 5229.6, 5229.6, 5229.6, 5229.6, 1, 1, 0, 1
2026/3/13, 15:55:00, 5231.6, 5231.6, 5231.6, 5231.6, 1, 1, 0, 1
2026/3/13, 16:00:00, 5218.8, 5220.8, 5218.8, 5220.8, 2, 2, 0, 2
2026/3/13, 16:10:00, 5227.5, 5227.5, 5227.5, 5227.5, 1, 1, 0, 1
2026/3/13, 16:30:00, 5228.8, 5235.0, 5228.8, 5235.0, 2, 2, 0, 2
2026/3/13, 16:45:00, 5232.0, 5232.0, 5232.0, 5232.0, 1, 1, 0, 1
2026/3/13, 18:20:00, 5229.0, 5229.0, 5229.0, 5229.0, 1, 1, 1, 0
2026/3/13, 19:35:00, 5220.4, 5220.4, 5220.4, 5220.4, 1, 1, 1, 0
2026/3/13, 19:40:00, 5218.1, 5218.1, 5218.1, 5218.1, 1, 1, 0, 1
2026/3/13, 19:45:00, 5206.1, 5206.1, 5206.1, 5206.1, 1, 1, 0, 1
2026/3/13, 19:50:00, 5200.0, 5200.0, 5200.0, 5200.0, 1, 1, 1, 0
2026/3/13, 19:55:00, 5208.1, 5208.1, 5208.1, 5208.1, 1, 1, 0, 1
2026/3/13, 20:05:00, 5206.7, 5206.7, 5206.7, 5206.7, 1, 1, 1, 0
2026/3/13, 20:20:00, 5203.4, 5203.4, 5203.4, 5203.4, 1, 1, 1, 0
2026/3/15, 22:00:00, 5200.5, 5203.1, 5200.5, 5203.1, 4, 4, 2, 2
2026/3/15, 22:05:00, 5210.0, 5210.0, 5210.0, 5210.0, 1, 1, 1, 0
2026/3/15, 22:15:00, 5200.1, 5200.1, 5200.1, 5200.1, 1, 1, 1, 0
2026/3/15, 22:20:00, 5194.0, 5201.9, 5193.8, 5199.1, 6, 6, 5, 1
2026/3/15, 22:25:00, 5201.1, 5201.1, 5198.1, 5200.1, 3, 3, 1, 2
2026/3/15, 22:40:00, 5197.1, 5199.1, 5197.1, 5199.1, 2, 2, 1, 1
2026/3/15, 23:00:00, 5196.1, 5196.1, 5196.1, 5196.1, 1, 1, 1, 0
2026/3/15, 23:15:00, 5192.5, 5192.5, 5188.1, 5188.1, 2, 2, 1, 1
2026/3/15, 23:45:00, 5163.0, 5163.0, 5163.0, 5163.0, 2, 2, 2, 0
2026/3/16, 00:00:00, 5197.7, 5197.7, 5197.7, 5197.7, 1, 1, 0, 1
2026/3/16, 00:15:00, 5205.4, 5205.4, 5205.4, 5205.4, 1, 1, 0, 1
2026/3/16, 01:10:00, 5194.1, 5194.1, 5180.0, 5180.0, 2, 2, 2, 0
2026/3/16, 01:45:00, 5195.9, 5195.9, 5192.1, 5192.1, 2, 2, 1, 1
2026/3/16, 01:50:00, 5194.1, 5194.1, 5190.1, 5192.1, 3, 3, 1, 2
2026/3/16, 02:15:00, 5202.2, 5202.2, 5202.2, 5202.2, 1, 1, 0, 1
2026/3/16, 02:45:00, 5188.1, 5188.1, 5188.1, 5188.1, 1, 1, 1, 0
2026/3/16, 02:55:00, 5190.1, 5190.1, 5190.1, 5190.1, 1, 1, 0, 1
2026/3/16, 03:00:00, 5187.1, 5187.1, 5187.1, 5187.1, 1, 1, 1, 0
2026/3/16, 03:10:00, 5189.9, 5189.9, 5187.1, 5187.1, 2, 2, 2, 0
2026/3/16, 03:20:00, 5189.1, 5189.1, 5189.1, 5189.1, 1, 1, 0, 1
2026/3/16, 07:25:00, 5186.1, 5188.1, 5186.1, 5188.1, 2, 2, 1, 1
2026/3/16, 07:35:00, 5185.1, 5185.1, 5185.1, 5185.1, 1, 1, 1, 0
2026/3/16, 08:20:00, 5187.1, 5187.1, 5187.1, 5187.1, 1, 1, 0, 1
2026/3/16, 08:25:00, 5184.1, 5186.1, 5183.1, 5183.1, 3, 3, 2, 1
2026/3/16, 10:05:00, 5159.5, 5159.5, 5159.5, 5159.5, 2, 2, 2, 0
2026/3/16, 10:25:00, 5171.9, 5171.9, 5171.9, 5171.9, 1, 1, 1, 0
2026/3/16, 10:50:00, 5184.7, 5184.7, 5184.7, 5184.7, 1, 1, 0, 1
2026/3/16, 11:00:00, 5182.1, 5182.1, 5182.1, 5182.1, 1, 1, 1, 0
2026/3/16, 11:05:00, 5184.1, 5184.1, 5184.1, 5184.1, 1, 1, 0, 1
2026/3/16, 11:15:00, 5198.4, 5198.4, 5198.4, 5198.4, 4, 4, 0, 4
2026/3/16, 11:55:00, 5181.1, 5183.1, 5181.1, 5183.1, 2, 2, 1, 1
2026/3/16, 12:35:00, 5208.0, 5208.0, 5208.0, 5208.0, 1, 1, 0, 1
2026/3/16, 14:15:00, 5215.0, 5215.0, 5215.0, 5215.0, 2, 2, 2, 0
2026/3/16, 14:20:00, 5212.6, 5212.6, 5212.6, 5212.6, 1, 1, 0, 1
2026/3/16, 14:45:00, 5180.1, 5180.1, 5180.1, 5180.1, 1, 1, 1, 0
2026/3/16, 14:55:00, 5186.8, 5186.8, 5186.8, 5186.8, 1, 1, 1, 0
2026/3/16, 15:10:00, 5179.1, 5181.1, 5179.1, 5181.1, 2, 2, 1, 1
2026/3/16, 15:25:00, 5178.1, 5180.1, 5178.1, 5180.1, 2, 2, 1, 1
2026/3/16, 15:45:00, 5184.2, 5184.2, 5184.2, 5184.2, 1, 1, 0, 1
2026/3/16, 15:50:00, 5180.4, 5180.4, 5177.1, 5177.1, 2, 2, 1, 1
2026/3/16, 16:00:00, 5179.1, 5179.1, 5179.1, 5179.1, 1, 1, 0, 1
2026/3/16, 16:25:00, 5176.1, 5176.1, 5176.1, 5176.1, 1, 1, 1, 0
2026/3/16, 16:30:00, 5166.6, 5166.6, 5166.6, 5166.6, 2, 2, 2, 0
2026/3/16, 16:40:00, 5176.4, 5177.9, 5176.4, 5177.9, 3, 3, 0, 3
2026/3/16, 16:50:00, 5180.8, 5180.8, 5180.8, 5180.8, 1, 1, 0, 1
2026/3/16, 17:35:00, 5176.7, 5176.7, 5176.7, 5176.7, 2, 2, 2, 0
2026/3/16, 18:35:00, 5199.8, 5199.8, 5199.8, 5199.8, 1, 1, 1, 0
2026/3/16, 20:10:00, 5211.0, 5211.0, 5211.0, 5211.0, 1, 1, 0, 1
2026/3/16, 20:15:00, 5207.9, 5207.9, 5207.9, 5207.9, 1, 1, 0, 1
2026/3/17, 05:40:00, 5222.3, 5222.3, 5222.2, 5222.2, 2, 2, 1, 1
2026/3/17, 08:00:00, 5211.9, 5211.9, 5211.9, 5211.9, 1, 1, 0, 1
2026/3/17, 13:30:00, 5213.9, 5213.9, 5213.9, 5213.9, 1, 1, 0, 1
2026/3/17, 13:35:00, 5216.0, 5216.0, 5216.0, 5216.0, 1, 1, 0, 1
2026/3/17, 13:40:00, 5220.2, 5220.3, 5220.2, 5220.3, 3, 2, 0, 3
2026/3/17, 15:35:00, 5180.3, 5180.3, 5170.0, 5170.0, 6, 4, 6, 0
2026/3/17, 15:45:00, 5177.1, 5177.1, 5177.1, 5177.1, 1, 1, 0, 1
2026/3/17, 16:25:00, 5192.4, 5192.4, 5192.4, 5192.4, 6, 3, 0, 6
2026/3/17, 20:00:00, 5191.1, 5191.1, 5191.1, 5191.1, 1, 1, 0, 1
2026/3/17, 20:05:00, 5194.8, 5194.8, 5194.8, 5194.8, 1, 1, 0, 1
2026/3/17, 20:15:00, 5193.8, 5193.8, 5193.8, 5193.8, 1, 1, 0, 1
2026/3/18, 00:20:00, 5194.1, 5194.1, 5194.1, 5194.1, 1, 1, 1, 0
2026/3/18, 00:50:00, 5195.7, 5195.7, 5195.7, 5195.7, 1, 1, 0, 1
2026/3/18, 01:45:00, 5189.1, 5189.1, 5189.1, 5189.1, 1, 1, 1, 0
2026/3/18, 02:15:00, 5190.7, 5190.7, 5190.7, 5190.7, 1, 1, 0, 1
2026/3/18, 02:50:00, 5187.1, 5187.1, 5187.1, 5187.1, 1, 1, 1, 0
2026/3/18, 03:00:00, 5173.5, 5173.5, 5173.5, 5173.5, 1, 1, 1, 0
2026/3/18, 04:05:00, 5178.9, 5178.9, 5178.9, 5178.9, 1, 1, 0, 1
2026/3/18, 04:10:00, 5176.9, 5176.9, 5176.9, 5176.9, 2, 2, 1, 1
2026/3/18, 04:30:00, 5176.0, 5176.0, 5172.3, 5172.3, 3, 3, 3, 0
2026/3/18, 04:35:00, 5171.5, 5171.5, 5171.5, 5171.5, 4, 2, 4, 0
2026/3/18, 05:45:00, 5188.7, 5188.7, 5188.7, 5188.7, 1, 1, 0, 1
2026/3/18, 06:10:00, 5194.9, 5196.0, 5194.9, 5196.0, 8, 5, 0, 8
2026/3/18, 06:30:00, 5198.6, 5198.6, 5198.6, 5198.6, 4, 2, 0, 4
2026/3/18, 06:35:00, 5202.6, 5202.6, 5202.6, 5202.6, 4, 2, 0, 4
2026/3/18, 07:50:00, 5178.4, 5178.4, 5178.4, 5178.4, 1, 1, 1, 0
2026/3/18, 07:55:00, 5180.4, 5180.4, 5180.4, 5180.4, 1, 1, 0, 1
2026/3/18, 08:05:00, 5178.1, 5178.1, 5178.1, 5178.1, 1, 1, 1, 0
2026/3/18, 08:10:00, 5180.1, 5180.1, 5180.1, 5180.1, 1, 1, 0, 1
2026/3/18, 08:15:00, 5178.1, 5178.1, 5178.1, 5178.1, 1, 1, 1, 0
2026/3/18, 09:20:00, 5179.9, 5179.9, 5179.9, 5179.9, 1, 1, 0, 1
2026/3/18, 10:00:00, 5177.1, 5177.1, 5177.1, 5177.1, 1, 1, 1, 0
2026/3/18, 10:10:00, 5179.1, 5179.1, 5179.1, 5179.1, 1, 1, 0, 1
2026/3/18, 10:15:00, 5176.1, 5176.1, 5176.1, 5176.1, 1, 1, 1, 0
2026/3/18, 10:20:00, 5178.1, 5178.1, 5178.1, 5178.1, 1, 1, 0, 1
2026/3/18, 10:25:00, 5174.1, 5174.1, 5174.1, 5174.1, 1, 1, 1, 0
2026/3/18, 10:35:00, 5158.4, 5158.4, 5158.4, 5158.4, 1, 1, 0, 1
2026/3/18, 12:05:00, 5100.0, 5100.0, 5099.1, 5099.1, 2, 2, 2, 0
2026/3/18, 12:20:00, 5086.5, 5086.5, 5082.3, 5082.3, 5, 2, 5, 0
2026/3/18, 12:35:00, 5065.0, 5065.0, 5065.0, 5065.0, 2, 2, 2, 0
2026/3/18, 12:40:00, 5062.6, 5062.6, 5062.5, 5062.5, 2, 2, 2, 0
2026/3/18, 13:00:00, 5042.4, 5042.4, 5042.4, 5042.4, 4, 1, 4, 0
2026/3/18, 13:15:00, 5020.0, 5020.0, 5020.0, 5020.0, 1, 1, 1, 0
2026/3/18, 13:25:00, 5046.4, 5046.4, 5046.4, 5046.4, 1, 1, 0, 1
2026/3/18, 13:30:00, 5037.7, 5037.7, 5037.7, 5037.7, 1, 1, 0, 1
2026/3/18, 13:40:00, 5053.1, 5054.3, 5053.1, 5054.3, 8, 6, 0, 8
2026/3/18, 14:00:00, 5064.5, 5064.5, 5064.5, 5064.5, 2, 2, 0, 2
2026/3/18, 14:10:00, 5069.3, 5069.3, 5069.3, 5069.3, 1, 1, 0, 1
2026/3/18, 14:40:00, 5044.1, 5044.1, 5044.1, 5044.1, 1, 1, 0, 1
2026/3/18, 15:10:00, 5061.1, 5061.1, 5061.1, 5061.1, 1, 1, 0, 1
2026/3/18, 15:40:00, 5051.8, 5051.8, 5051.8, 5051.8, 1, 1, 0, 1
2026/3/18, 18:30:00, 5071.6, 5071.6, 5071.6, 5071.6, 1, 1, 1, 0
2026/3/18, 18:50:00, 5050.5, 5051.3, 5050.5, 5051.3, 2, 2, 1, 1
2026/3/18, 19:10:00, 5045.1, 5045.1, 5044.8, 5044.8, 2, 2, 0, 2
2026/3/18, 19:15:00, 5049.0, 5049.0, 5048.3, 5048.3, 2, 2, 0, 2
2026/3/18, 19:20:00, 5028.9, 5031.0, 5028.9, 5031.0, 2, 2, 2, 0
2026/3/18, 19:30:00, 5037.7, 5037.7, 5037.7, 5037.7, 1, 1, 0, 1
2026/3/18, 19:50:00, 5025.0, 5025.0, 5025.0, 5025.0, 2, 2, 2, 0
2026/3/18, 20:25:00, 5000.0, 5000.0, 5000.0, 5000.0, 4, 3, 4, 0
2026/3/18, 20:30:00, 4990.0, 4990.0, 4989.0, 4989.0, 5, 3, 5, 0
2026/3/18, 20:50:00, 5006.1, 5006.1, 5006.1, 5006.1, 1, 1, 0, 1
2026/3/18, 23:00:00, 5011.8, 5011.8, 5011.8, 5011.8, 4, 3, 0, 4
2026/3/18, 23:15:00, 5013.0, 5013.0, 5013.0, 5013.0, 1, 1, 1, 0
2026/3/18, 23:50:00, 5012.7, 5012.7, 5012.7, 5012.7, 1, 1, 1, 0
2026/3/19, 01:40:00, 5045.0, 5045.0, 5045.0, 5045.0, 1, 1, 1, 0
2026/3/19, 01:45:00, 5040.4, 5040.4, 5040.4, 5040.4, 1, 1, 1, 0
2026/3/19, 02:05:00, 5025.3, 5025.3, 5025.3, 5025.3, 1, 1, 1, 0
