Date, Time, Open, High, Low, Last, Volume, OpenInterest
2024/5/30, 00:00:00, 2573.7, 2573.7, 2573.7, 2573.7, 90073, 28211
2024/5/31, 00:00:00, 2553.0, 2553.0, 2553.0, 2553.0, 88902, 28594
2024/6/3, 00:00:00, 2575.7, 2575.7, 2575.7, 2575.7, 79666, 28996
2024/6/4, 00:00:00, 2552.8, 2552.8, 2552.8, 2552.8, 78444, 29379
2024/6/5, 00:00:00, 2581.0, 2581.0, 2581.0, 2581.0, 74272, 28785
2024/6/6, 00:00:00, 2597.1, 2597.1, 2597.1, 2597.1, 87365, 29919
2024/6/7, 00:00:00, 2530.4, 2530.4, 2530.4, 2530.4, 151103, 32978
2024/6/10, 00:00:00, 2531.8, 2531.8, 2531.8, 2531.8, 71945, 32334
2024/6/11, 00:00:00, 2531.4, 2531.4, 2531.4, 2531.4, 73836, 32509
2024/6/12, 00:00:00, 2557.4, 2557.4, 2557.4, 2557.4, 104733, 31917
2024/6/13, 00:00:00, 2518.0, 2518.0, 2518.0, 2518.0, 108249, 32444
2024/6/14, 00:00:00, 2549.1, 2549.1, 2549.1, 2549.1, 89906, 31717
2024/6/17, 00:00:00, 2530.4, 2530.4, 2530.4, 2530.4, 73519, 32161
2024/6/18, 00:00:00, 2548.2, 2548.2, 2548.2, 2548.2, 79222, 31580
2024/6/20, 00:00:00, 2571.0, 2571.0, 2571.0, 2571.0, 141512, 31705
2024/6/21, 00:00:00, 2532.1, 2532.1, 2532.1, 2532.1, 111101, 30947
2024/6/24, 00:00:00, 2546.3, 2546.3, 2546.3, 2546.3, 64248, 30661
2024/6/25, 00:00:00, 2532.8, 2532.8, 2532.8, 2532.8, 79081, 30360
2024/6/26, 00:00:00, 2514.9, 2514.9, 2514.9, 2514.9, 95055, 31773
2024/6/27, 00:00:00, 2536.9, 2536.9, 2536.9, 2536.9, 77425, 29974
2024/6/28, 00:00:00, 2540.3, 2540.3, 2540.3, 2540.3, 75491, 30199
2024/7/1, 00:00:00, 2540.2, 2540.2, 2540.2, 2540.2, 70972, 31146
2024/7/2, 00:00:00, 2534.5, 2534.5, 2534.5, 2534.5, 75308, 30961
2024/7/3, 00:00:00, 2571.8, 2571.8, 2571.8, 2571.8, 83762, 32055
2024/7/5, 00:00:00, 2600.4, 2600.4, 2600.4, 2600.4, 127909, 37161
2024/7/8, 00:00:00, 2566.6, 2566.6, 2566.6, 2566.6, 84784, 38394
2024/7/9, 00:00:00, 2570.9, 2570.9, 2570.9, 2570.9, 82272, 38660
2024/7/10, 00:00:00, 2582.2, 2582.2, 2582.2, 2582.2, 66078, 39411
2024/7/11, 00:00:00, 2623.4, 2623.4, 2623.4, 2623.4, 115074, 41182
2024/7/12, 00:00:00, 2621.0, 2621.0, 2621.0, 2621.0, 89536, 40622
2024/7/15, 00:00:00, 2629.1, 2629.1, 2629.1, 2629.1, 102121, 41989
2024/7/16, 00:00:00, 2669.2, 2669.2, 2669.2, 2669.2, 116350, 43755
2024/7/17, 00:00:00, 2662.6, 2673.6, 2662.6, 2662.6, 143093, 45470
2024/7/18, 00:00:00, 2659.3, 2668.0, 2659.3, 2659.3, 103093, 45656
2024/7/19, 00:00:00, 2600.3, 2600.3, 2600.3, 2600.3, 135111, 44077
2024/7/22, 00:00:00, 2593.7, 2605.2, 2593.7, 2593.7, 99639, 43019
2024/7/23, 00:00:00, 2606.8, 2606.8, 2606.8, 2606.8, 92444, 43847
2024/7/24, 00:00:00, 2615.0, 2626.5, 2615.0, 2615.0, 118065, 42916
2024/7/25, 00:00:00, 2548.8, 2548.8, 2548.8, 2548.8, 186710, 37523
2024/7/26, 00:00:00, 2577.2, 2577.2, 2577.2, 2577.2, 113077, 33978
2024/7/29, 00:00:00, 2575.0, 2575.0, 2575.0, 2575.0, 128627, 37099
2024/7/30, 00:00:00, 2602.2, 2602.2, 2602.2, 2602.2, 104197, 29527
2024/7/31, 00:00:00, 2624.7, 2624.7, 2624.7, 2624.7, 93388, 29743
2024/8/1, 00:00:00, 2628.6, 2628.6, 2628.6, 2628.6, 127020, 30806
2024/8/2, 00:00:00, 2608.2, 2608.2, 2608.2, 2608.2, 201933, 31552
2024/8/5, 00:00:00, 2575.1, 2575.1, 2560.9, 2575.1, 242135, 31392
2024/8/6, 00:00:00, 2575.1, 2575.1, 2563.9, 2563.9, 130706, 32168
2024/8/7, 00:00:00, 2565.3, 2565.3, 2565.3, 2565.3, 96774, 33337
2024/8/8, 00:00:00, 2597.4, 2597.4, 2597.4, 2597.4, 108430, 35521
2024/8/9, 00:00:00, 2608.4, 2608.4, 2608.4, 2608.4, 92686, 36292
2024/8/12, 00:00:00, 2641.9, 2641.9, 2641.9, 2641.9, 99654, 36097
2024/8/13, 00:00:00, 2644.4, 2644.4, 2644.4, 2644.4, 102643, 38056
2024/8/14, 00:00:00, 2615.5, 2615.5, 2615.5, 2615.5, 119521, 37629
2024/8/15, 00:00:00, 2630.6, 2630.6, 2630.6, 2630.6, 126263, 39641
2024/8/16, 00:00:00, 2678.2, 2678.2, 2678.2, 2678.2, 163410, 41554
2024/8/19, 00:00:00, 2682.1, 2682.1, 2674.9, 2682.1, 110466, 42017
2024/8/20, 00:00:00, 2692.3, 2692.3, 2692.3, 2692.3, 118828, 44178
2024/8/21, 00:00:00, 2688.2, 2688.2, 2683.5, 2688.2, 117914, 44372
2024/8/22, 00:00:00, 2657.2, 2657.2, 2655.6, 2657.2, 127017, 45139
2024/8/23, 00:00:00, 2686.5, 2686.5, 2686.5, 2686.5, 114500, 43037
2024/8/26, 00:00:00, 2695.4, 2695.4, 2695.4, 2695.4, 90798, 43918
2024/8/27, 00:00:00, 2692.8, 2692.8, 2687.3, 2692.8, 97608, 43309
2024/8/28, 00:00:00, 2677.8, 2677.8, 2673.6, 2677.8, 111926, 43281
2024/8/29, 00:00:00, 2699.6, 2699.6, 2699.6, 2699.6, 108146, 44655
2024/8/30, 00:00:00, 2666.6, 2666.6, 2666.6, 2666.6, 113772, 45586
2024/9/3, 00:00:00, 2661.5, 2661.5, 2649.6, 2661.5, 161388, 44594
2024/9/4, 00:00:00, 2662.1, 2662.1, 2646.3, 2662.1, 91185, 44929
2024/9/5, 00:00:00, 2678.2, 2678.2, 2678.2, 2678.2, 96720, 45292
2024/9/6, 00:00:00, 2656.0, 2656.0, 2650.6, 2656.0, 143413, 44429
2024/9/9, 00:00:00, 2662.7, 2662.7, 2650.6, 2662.7, 75122, 44180
2024/9/10, 00:00:00, 2672.4, 2672.4, 2672.4, 2672.4, 76686, 44724
2024/9/11, 00:00:00, 2672.1, 2672.1, 2667.4, 2672.1, 99876, 45121
2024/9/12, 00:00:00, 2711.8, 2711.8, 2711.8, 2711.8, 135309, 48289
2024/9/13, 00:00:00, 2740.9, 2740.9, 2740.9, 2740.9, 110480, 47553
2024/9/16, 00:00:00, 2737.3, 2737.3, 2737.3, 2737.3, 71936, 48339
2024/9/17, 00:00:00, 2721.5, 2721.5, 2721.5, 2721.5, 96724, 47777
2024/9/18, 00:00:00, 2728.5, 2742.8, 2710.8, 2728.5, 148671, 46951
2024/9/19, 00:00:00, 2744.2, 2744.2, 2714.5, 2744.2, 125004, 48519
2024/9/20, 00:00:00, 2777.4, 2777.4, 2777.4, 2777.4, 124553, 48382
2024/9/23, 00:00:00, 2783.7, 2783.7, 2777.2, 2783.7, 86533, 49792
2024/9/24, 00:00:00, 2810.1, 2810.1, 2810.1, 2810.1, 121411, 49943
2024/9/25, 00:00:00, 2818.0, 2818.0, 2808.4, 2818.0, 107307, 50140
2024/9/26, 00:00:00, 2817.7, 2829.9, 2812.3, 2829.9, 123105, 52151
2024/9/27, 00:00:00, 2801.6, 2801.6, 2801.6, 2801.6, 112835, 46120
2024/9/30, 00:00:00, 2794.7, 2803.4, 2789.0, 2794.7, 101474, 47268
2024/10/1, 00:00:00, 2827.0, 2827.0, 2827.0, 2827.0, 121744, 47225
2024/10/2, 00:00:00, 2807.9, 2807.9, 2807.1, 2807.9, 88419, 44107
2024/10/3, 00:00:00, 2817.7, 2817.7, 2803.3, 2817.7, 94908, 44662
2024/10/4, 00:00:00, 2813.7, 2818.5, 2804.3, 2813.7, 122586, 44078
2024/10/7, 00:00:00, 2822.5, 2823.1, 2814.8, 2814.8, 87912, 44868
2024/10/8, 00:00:00, 2782.6, 2782.6, 2782.6, 2782.6, 139566, 45558
2024/10/9, 00:00:00, 2774.2, 2774.2, 2774.2, 2774.2, 82830, 45955
2024/10/10, 00:00:00, 2789.2, 2789.2, 2789.2, 2789.2, 102325, 46778
2024/10/11, 00:00:00, 2825.8, 2825.8, 2825.8, 2825.8, 99314, 45727
2024/10/14, 00:00:00, 2816.2, 2816.2, 2816.2, 2816.2, 81029, 46921
2024/10/15, 00:00:00, 2829.0, 2829.0, 2829.0, 2829.0, 92559, 46591
2024/10/16, 00:00:00, 2842.2, 2844.5, 2842.2, 2842.2, 90761, 46765
2024/10/17, 00:00:00, 2858.0, 2858.7, 2858.0, 2858.7, 118218, 48660
2024/10/18, 00:00:00, 2888.0, 2888.0, 2882.9, 2882.9, 116885, 48297
2024/10/21, 00:00:00, 2893.7, 2893.7, 2893.7, 2893.7, 132495, 49077
2024/10/22, 00:00:00, 2915.8, 2915.8, 2915.8, 2915.8, 107231, 50336
2024/10/23, 00:00:00, 2918.0, 2920.6, 2886.4, 2886.4, 147342, 51638
2024/10/24, 00:00:00, 2905.7, 2905.7, 2905.7, 2905.7, 115350, 50747
2024/10/25, 00:00:00, 2911.3, 2911.3, 2911.3, 2911.3, 103424, 49111
2024/10/28, 00:00:00, 2914.9, 2914.9, 2914.9, 2914.9, 99360, 50013
2024/10/29, 00:00:00, 2920.8, 2943.4, 2920.8, 2939.8, 127466, 50724
2024/10/30, 00:00:00, 2954.5, 2963.0, 2945.0, 2963.0, 128416, 51617
2024/10/31, 00:00:00, 2949.7, 2949.7, 2910.0, 2911.7, 140279, 54231
2024/11/1, 00:00:00, 2916.7, 2927.0, 2908.2, 2910.6, 108204, 53814
2024/11/4, 00:00:00, 2908.5, 2908.5, 2908.5, 2908.5, 86573, 53682
2024/11/5, 00:00:00, 2915.0, 2915.0, 2915.0, 2915.0, 86690, 53088
2024/11/6, 00:00:00, 2895.5, 2895.5, 2830.7, 2840.3, 217697, 54411
2024/11/7, 00:00:00, 2824.0, 2870.2, 2824.0, 2870.2, 142319, 54045
2024/11/8, 00:00:00, 2859.0, 2859.0, 2858.3, 2859.0, 117641, 53869
2024/11/11, 00:00:00, 2779.9, 2779.9, 2779.9, 2779.9, 141552, 55906
2024/11/12, 00:00:00, 2768.3, 2783.0, 2768.3, 2768.3, 142763, 56238
2024/11/13, 00:00:00, 2745.9, 2776.6, 2745.9, 2745.9, 141112, 55989
2024/11/14, 00:00:00, 2731.5, 2731.5, 2711.8, 2731.5, 167085, 54537
2024/11/15, 00:00:00, 2728.7, 2728.7, 2728.7, 2728.7, 117678, 53978
2024/11/18, 00:00:00, 2775.5, 2775.5, 2775.5, 2775.5, 121942, 53359
2024/11/19, 00:00:00, 2791.7, 2798.2, 2791.7, 2791.7, 130676, 54084
2024/11/20, 00:00:00, 2814.5, 2814.8, 2814.5, 2814.5, 116499, 50975
2024/11/21, 00:00:00, 2839.1, 2839.1, 2839.1, 2839.1, 123301, 52435
2024/11/22, 00:00:00, 2860.0, 2880.2, 2860.0, 2880.2, 178663, 51364
2024/11/25, 00:00:00, 2793.4, 2882.9, 2782.3, 2782.3, 263884, 51287
2024/11/26, 00:00:00, 2806.6, 2806.6, 2786.0, 2786.0, 167001, 48387
2024/11/27, 00:00:00, 2802.7, 2814.3, 2802.7, 2802.7, 125852, 26537
2024/11/29, 00:00:00, 2819.3, 2821.4, 2795.6, 2819.3, 144598, 27614
2024/12/2, 00:00:00, 2797.2, 2797.2, 2795.8, 2797.2, 138893, 28329
2024/12/3, 00:00:00, 2805.7, 2807.9, 2805.7, 2805.7, 107467, 28567
2024/12/4, 00:00:00, 2812.8, 2814.4, 2812.8, 2812.8, 108043, 29060
2024/12/5, 00:00:00, 2783.9, 2783.9, 2783.9, 2783.9, 110569, 31558
2024/12/6, 00:00:00, 2794.9, 2798.7, 2794.9, 2794.9, 122246, 28128
2024/12/9, 00:00:00, 2825.5, 2825.5, 2825.5, 2825.5, 131876, 28491
2024/12/10, 00:00:00, 2858.0, 2858.0, 2858.0, 2858.0, 120619, 28606
2024/12/11, 00:00:00, 2893.6, 2893.6, 2893.6, 2893.6, 175803, 30794
2024/12/12, 00:00:00, 2850.2, 2850.2, 2850.2, 2850.2, 168307, 34018
2024/12/13, 00:00:00, 2817.7, 2817.7, 2817.7, 2817.7, 141090, 34700
2024/12/16, 00:00:00, 2812.3, 2812.3, 2812.3, 2812.3, 84661, 35344
2024/12/17, 00:00:00, 2805.3, 2805.3, 2805.3, 2805.3, 111847, 34592
2024/12/18, 00:00:00, 2799.3, 2799.3, 2799.3, 2799.3, 110771, 35733
2024/12/19, 00:00:00, 2757.6, 2757.6, 2757.6, 2757.6, 133593, 36512
2024/12/20, 00:00:00, 2793.6, 2793.6, 2793.6, 2793.6, 113323, 34759
2024/12/23, 00:00:00, 2778.2, 2778.2, 2778.2, 2778.2, 77292, 35775
2024/12/24, 00:00:00, 2788.1, 2788.1, 2788.1, 2788.1, 45961, 33447
2024/12/26, 00:00:00, 2809.1, 2809.1, 2809.1, 2809.1, 62039, 33214
2024/12/27, 00:00:00, 2789.6, 2789.6, 2789.6, 2789.6, 74027, 31855
2024/12/30, 00:00:00, 2780.4, 2780.4, 2780.4, 2780.4, 83729, 32530
2024/12/31, 00:00:00, 2809.7, 2809.7, 2809.7, 2809.7, 66871, 32076
2025/1/2, 00:00:00, 2832.5, 2832.5, 2832.5, 2832.5, 89445, 33045
2025/1/3, 00:00:00, 2813.6, 2813.6, 2813.6, 2813.6, 83934, 32541
2025/1/6, 00:00:00, 2804.9, 2804.9, 2804.9, 2804.9, 119843, 33541
2025/1/7, 00:00:00, 2813.0, 2824.1, 2813.0, 2824.1, 104617, 32982
2025/1/8, 00:00:00, 2833.3, 2833.3, 2833.3, 2833.3, 105546, 32891
2025/1/9, 00:00:00, 2851.7, 2851.7, 2851.7, 2851.7, 86123, 34561
2025/1/10, 00:00:00, 2885.6, 2885.6, 2876.7, 2876.7, 166951, 32676
2025/1/13, 00:00:00, 2833.6, 2837.1, 2833.6, 2837.1, 141788, 32385
2025/1/14, 00:00:00, 2843.8, 2843.8, 2843.8, 2843.8, 94793, 33485
2025/1/15, 00:00:00, 2879.6, 2879.6, 2879.6, 2879.6, 120230, 33206
2025/1/16, 00:00:00, 2914.8, 2914.8, 2914.8, 2914.8, 120405, 34269
2025/1/17, 00:00:00, 2913.2, 2913.2, 2913.2, 2913.2, 107315, 34387
2025/1/21, 00:00:00, 2925.2, 2925.2, 2925.2, 2925.2, 234024, 37335
2025/1/22, 00:00:00, 2934.0, 2937.7, 2934.0, 2937.7, 112299, 38430
2025/1/23, 00:00:00, 2932.2, 2932.2, 2932.2, 2932.2, 122335, 38193
2025/1/24, 00:00:00, 2948.0, 2948.0, 2948.0, 2948.0, 141727, 38086
2025/1/27, 00:00:00, 2924.3, 2924.3, 2905.0, 2908.5, 146334, 37277
2025/1/28, 00:00:00, 2942.4, 2942.4, 2942.4, 2942.4, 96300, 37889
2025/1/29, 00:00:00, 2936.1, 2936.1, 2936.1, 2936.1, 96792, 36643
2025/1/30, 00:00:00, 2949.1, 2987.5, 2949.0, 2987.5, 126712, 30633
2025/1/31, 00:00:00, 2976.4, 2980.0, 2969.7, 2975.6, 124637, 28377
2025/2/3, 00:00:00, 2951.9, 3006.0, 2951.9, 2995.0, 151275, 29324
2025/2/4, 00:00:00, 3015.7, 3015.7, 3015.7, 3015.7, 109220, 30411
2025/2/5, 00:00:00, 3024.3, 3039.7, 3023.6, 3034.1, 130490, 32141
2025/2/6, 00:00:00, 3030.0, 3030.0, 3021.4, 3021.4, 125021, 31124
2025/2/7, 00:00:00, 3039.3, 3039.3, 3036.9, 3036.9, 132134, 31007
2025/2/10, 00:00:00, 3065.0, 3087.8, 3065.0, 3086.3, 120388, 35876
2025/2/11, 00:00:00, 3110.0, 3110.0, 3087.9, 3087.9, 178991, 32134
2025/2/12, 00:00:00, 3078.3, 3084.5, 3066.5, 3084.5, 155583, 31488
2025/2/13, 00:00:00, 3089.2, 3099.2, 3089.2, 3099.2, 120959, 33702
2025/2/14, 00:00:00, 3109.6, 3109.6, 3051.4, 3051.4, 172423, 32782
2025/2/18, 00:00:00, 3066.4, 3106.7, 3066.4, 3099.8, 201934, 33569
2025/2/19, 00:00:00, 3082.8, 3082.8, 3082.8, 3082.8, 139372, 33700
2025/2/20, 00:00:00, 3107.6, 3107.6, 3103.3, 3103.3, 158509, 35501
2025/2/21, 00:00:00, 3099.6, 3099.6, 3099.6, 3099.6, 149601, 35156
2025/2/24, 00:00:00, 3111.5, 3111.5, 3111.5, 3111.5, 135768, 36258
2025/2/25, 00:00:00, 3063.3, 3066.5, 3063.3, 3066.5, 167518, 34485
2025/2/26, 00:00:00, 3078.9, 3078.9, 3078.9, 3078.9, 123307, 32673
2025/2/27, 00:00:00, 3055.2, 3055.2, 3038.0, 3043.9, 166802, 32392
2025/2/28, 00:00:00, 3023.8, 3023.8, 2995.0, 2995.0, 148662, 30808
2025/3/3, 00:00:00, 3049.2, 3049.2, 3049.2, 3049.2, 136887, 31034
2025/3/4, 00:00:00, 3068.3, 3068.3, 3068.3, 3068.3, 130509, 31386
2025/3/5, 00:00:00, 3073.2, 3073.2, 3073.2, 3073.2, 136859, 32334
2025/3/6, 00:00:00, 3074.0, 3074.0, 3074.0, 3074.0, 122149, 33297
2025/3/7, 00:00:00, 3060.2, 3060.2, 3060.2, 3060.2, 122169, 33172
2025/3/10, 00:00:00, 3043.5, 3043.5, 3043.5, 3043.5, 133711, 33205
2025/3/11, 00:00:00, 3066.0, 3066.0, 3066.0, 3066.0, 107486, 31965
2025/3/12, 00:00:00, 3090.9, 3090.9, 3090.9, 3090.9, 118681, 32478
2025/3/13, 00:00:00, 3088.0, 3136.4, 3088.0, 3136.4, 162505, 33198
2025/3/14, 00:00:00, 3156.0, 3156.0, 3133.8, 3145.6, 138494, 32623
2025/3/17, 00:00:00, 3146.6, 3150.7, 3146.5, 3150.7, 103132, 33883
2025/3/18, 00:00:00, 3190.5, 3190.5, 3187.0, 3188.7, 151803, 35957
2025/3/19, 00:00:00, 3189.6, 3189.6, 3189.6, 3189.6, 133050, 37702
2025/3/20, 00:00:00, 3191.0, 3191.0, 3191.0, 3191.0, 130852, 37349
2025/3/21, 00:00:00, 3164.3, 3164.3, 3164.3, 3164.3, 154045, 36998
2025/3/24, 00:00:00, 3159.0, 3159.0, 3159.0, 3159.0, 129309, 38130
2025/3/25, 00:00:00, 3160.0, 3170.4, 3160.0, 3170.4, 125224, 38212
2025/3/26, 00:00:00, 3167.0, 3167.0, 3167.0, 3167.0, 121944, 37674
2025/3/27, 00:00:00, 3176.2, 3206.2, 3170.3, 3206.2, 152360, 38606
2025/3/28, 00:00:00, 3229.3, 3232.2, 3225.0, 3230.4, 174439, 34612
2025/3/31, 00:00:00, 3233.3, 3276.2, 3233.3, 3267.5, 188658, 38029
2025/4/1, 00:00:00, 3274.0, 3287.7, 3259.9, 3263.0, 181323, 38070
2025/4/2, 00:00:00, 3276.0, 3288.7, 3276.0, 3285.0, 198881, 40606
2025/4/3, 00:00:00, 3294.0, 3301.0, 3217.0, 3239.0, 322840, 37395
2025/4/4, 00:00:00, 3256.0, 3256.0, 3148.0, 3148.0, 241431, 36186
2025/4/7, 00:00:00, 3107.0, 3170.0, 3085.9, 3085.9, 295523, 36701
2025/4/8, 00:00:00, 3118.5, 3140.5, 3105.2, 3105.2, 176911, 37869
2025/4/9, 00:00:00, 3114.9, 3228.0, 3114.9, 3200.4, 271494, 33321
2025/4/10, 00:00:00, 3277.0, 3317.0, 3277.0, 3300.9, 223840, 37058
2025/4/11, 00:00:00, 3330.0, 3386.5, 3330.0, 3373.9, 289994, 38485
2025/4/14, 00:00:00, 3370.5, 3370.6, 3352.8, 3352.8, 193693, 38449
2025/4/15, 00:00:00, 3361.7, 3367.6, 3361.7, 3367.6, 120388, 38924
2025/4/16, 00:00:00, 3406.0, 3478.0, 3406.0, 3478.0, 279649, 45744
2025/4/17, 00:00:00, 3458.0, 3470.3, 3426.8, 3459.4, 260120, 43036
2025/4/21, 00:00:00, 3466.0, 3568.0, 3466.0, 3558.2, 298878, 48159
2025/4/22, 00:00:00, 3592.0, 3622.9, 3531.4, 3553.3, 563112, 46167
2025/4/23, 00:00:00, 3475.1, 3487.0, 3415.0, 3425.9, 477239, 42671
2025/4/24, 00:00:00, 3450.0, 3485.0, 3450.0, 3482.5, 359006, 43213
2025/4/25, 00:00:00, 3503.0, 3515.5, 3410.1, 3430.6, 362777, 44387
2025/4/28, 00:00:00, 3452.0, 3494.2, 3429.9, 3480.7, 341909, 45002
2025/4/29, 00:00:00, 3481.4, 3481.4, 3449.7, 3466.0, 271829, 43846
2025/4/30, 00:00:00, 3446.3, 3455.0, 3407.6, 3449.2, 287957, 43199
2025/5/1, 00:00:00, 3410.0, 3410.0, 3350.4, 3350.4, 345921, 43264
2025/5/2, 00:00:00, 3368.5, 3392.0, 3360.0, 3372.5, 298650, 42767
2025/5/5, 00:00:00, 3455.0, 3468.8, 3450.0, 3454.6, 278226, 44464
2025/5/6, 00:00:00, 3479.0, 3557.6, 3469.3, 3557.6, 360473, 46294
2025/5/7, 00:00:00, 3540.0, 3540.0, 3527.6, 3527.6, 381302, 44792
2025/5/8, 00:00:00, 3490.0, 3490.0, 3430.0, 3439.6, 449266, 46174
2025/5/9, 00:00:00, 3456.0, 3477.8, 3456.0, 3477.8, 346461, 43801
2025/5/12, 00:00:00, 3420.0, 3420.4, 3355.0, 3360.6, 396160, 42587
2025/5/13, 00:00:00, 3374.0, 3395.0, 3370.9, 3382.0, 272393, 42731
2025/5/14, 00:00:00, 3330.7, 3330.7, 3313.4, 3320.2, 341096, 45356
2025/5/15, 00:00:00, 3320.0, 3365.0, 3260.0, 3357.3, 395732, 45430
2025/5/16, 00:00:00, 3378.0, 3381.5, 3290.0, 3316.8, 406477, 45238
2025/5/19, 00:00:00, 3373.3, 3380.9, 3340.0, 3365.6, 366185, 47825
2025/5/20, 00:00:00, 3361.1, 3428.8, 3361.1, 3415.7, 320417, 48985
2025/5/21, 00:00:00, 3435.0, 3456.0, 3420.9, 3447.4, 343422, 49316
2025/5/22, 00:00:00, 3428.7, 3475.0, 3428.7, 3428.9, 338372, 48826
2025/5/23, 00:00:00, 3450.3, 3501.5, 3450.3, 3501.5, 366717, 49220
2025/5/27, 00:00:00, 3500.0, 3500.0, 3425.0, 3436.8, 458213, 49049
2025/5/28, 00:00:00, 3432.6, 3447.0, 3425.2, 3429.4, 265802, 38189
2025/5/29, 00:00:00, 3417.5, 3452.5, 3380.0, 3448.3, 296462, 36691
2025/5/30, 00:00:00, 3446.1, 3455.4, 3399.4, 3419.6, 250999, 35446
2025/6/2, 00:00:00, 3418.7, 3512.4, 3418.7, 3503.5, 249947, 39889
2025/6/3, 00:00:00, 3516.7, 3517.4, 3469.5, 3485.2, 241317, 39082
2025/6/4, 00:00:00, 3490.0, 3507.7, 3476.0, 3506.7, 245309, 39801
2025/6/5, 00:00:00, 3508.2, 3531.2, 3480.5, 3482.0, 322931, 42904
2025/6/6, 00:00:00, 3491.9, 3500.1, 3437.6, 3453.6, 262247, 44528
2025/6/9, 00:00:00, 3427.4, 3463.0, 3424.0, 3461.5, 212816, 44414
2025/6/10, 00:00:00, 3450.2, 3473.3, 3430.0, 3450.3, 241885, 43741
2025/6/11, 00:00:00, 3450.0, 3484.2, 3450.0, 3450.0, 271339, 40899
2025/6/12, 00:00:00, 3490.6, 3523.5, 3476.2, 3507.9, 304564, 40358
2025/6/13, 00:00:00, 3513.9, 3567.2, 3513.9, 3559.6, 345688, 40769
2025/6/16, 00:00:00, 3567.9, 3582.3, 3511.1, 3523.8, 280768, 44643
2025/6/17, 00:00:00, 3523.8, 3527.8, 3499.6, 3515.1, 273901, 44993
2025/6/18, 00:00:00, 3518.7, 3520.1, 3485.8, 3515.1, 228559, 45579
2025/6/20, 00:00:00, 3497.8, 3507.1, 3464.2, 3492.6, 374009, 46995
2025/6/23, 00:00:00, 3513.0, 3514.5, 3474.6, 3501.2, 244532, 45514
2025/6/24, 00:00:00, 3486.0, 3486.0, 3414.0, 3440.2, 252659, 46420
2025/6/25, 00:00:00, 3445.0, 3456.0, 3433.0, 3449.7, 145812, 45876
2025/6/26, 00:00:00, 3456.0, 3466.0, 3432.0, 3454.3, 198589, 45631
2025/6/27, 00:00:00, 3441.4, 3441.4, 3374.2, 3392.7, 260986, 45882
2025/6/30, 00:00:00, 3389.4, 3426.1, 3360.0, 3412.9, 206318, 45014
2025/7/1, 00:00:00, 3423.5, 3472.4, 3423.5, 3455.5, 195156, 45300
2025/7/2, 00:00:00, 3453.8, 3470.0, 3446.0, 3466.0, 166883, 45696
2025/7/3, 00:00:00, 3479.0, 3480.8, 3428.7, 3450.3, 197315, 44875
2025/7/7, 00:00:00, 3447.9, 3456.6, 3413.0, 3450.3, 303940, 46000
2025/7/8, 00:00:00, 3453.8, 3456.0, 3405.0, 3424.5, 215496, 48319
2025/7/9, 00:00:00, 3418.6, 3427.9, 3404.6, 3427.5, 186351, 48143
2025/7/10, 00:00:00, 3434.2, 3444.0, 3427.3, 3432.1, 166265, 50234
2025/7/11, 00:00:00, 3445.0, 3481.8, 3445.0, 3470.3, 213598, 49454
2025/7/14, 00:00:00, 3485.6, 3495.5, 3457.3, 3466.8, 197665, 51016
2025/7/15, 00:00:00, 3466.3, 3480.2, 3435.9, 3444.4, 197846, 52631
2025/7/16, 00:00:00, 3440.0, 3489.5, 3436.0, 3466.1, 263070, 50426
2025/7/17, 00:00:00, 3456.0, 3456.0, 3422.4, 3452.6, 177120, 51181
2025/7/18, 00:00:00, 3457.0, 3474.4, 3445.0, 3465.5, 141567, 50937
2025/7/21, 00:00:00, 3465.6, 3525.1, 3459.2, 3515.4, 177993, 51738
2025/7/22, 00:00:00, 3523.2, 3559.0, 3504.8, 3555.2, 203771, 52999
2025/7/23, 00:00:00, 3558.7, 3564.1, 3501.1, 3507.3, 246550, 53176
2025/7/24, 00:00:00, 3508.2, 3510.1, 3464.0, 3483.9, 208709, 54468
2025/7/25, 00:00:00, 3481.6, 3486.0, 3434.4, 3443.8, 204799, 55802
2025/7/28, 00:00:00, 3440.0, 3452.7, 3409.7, 3418.0, 207677, 55337
2025/7/29, 00:00:00, 3420.0, 3436.4, 3417.0, 3432.4, 200397, 53658
2025/7/30, 00:00:00, 3434.4, 3440.0, 3372.0, 3403.7, 232802, 45323
2025/7/31, 00:00:00, 3388.1, 3416.0, 3386.6, 3400.0, 169729, 43317
2025/8/1, 00:00:00, 3395.2, 3465.8, 3388.1, 3449.9, 218475, 43935
2025/8/4, 00:00:00, 3461.9, 3487.6, 3449.3, 3476.9, 168413, 44642
2025/8/5, 00:00:00, 3479.0, 3496.1, 3453.6, 3485.7, 175692, 45256
2025/8/6, 00:00:00, 3488.1, 3491.8, 3463.8, 3484.3, 163932, 45392
2025/8/7, 00:00:00, 3484.3, 3530.0, 3484.3, 3503.3, 240076, 48043
2025/8/8, 00:00:00, 3540.0, 3568.1, 3500.0, 3539.3, 337522, 47800
2025/8/11, 00:00:00, 3515.3, 3516.3, 3446.0, 3457.5, 263897, 44361
2025/8/12, 00:00:00, 3444.7, 3460.3, 3433.5, 3451.5, 236605, 44830
2025/8/13, 00:00:00, 3447.0, 3471.6, 3442.8, 3460.8, 179623, 46985
2025/8/14, 00:00:00, 3469.1, 3469.3, 3427.9, 3435.2, 227562, 48934
2025/8/15, 00:00:00, 3430.7, 3444.8, 3429.4, 3434.0, 139988, 47860
2025/8/18, 00:00:00, 3430.3, 3449.5, 3418.8, 3429.4, 161175, 51416
2025/8/19, 00:00:00, 3432.8, 3439.3, 3408.6, 3409.3, 161301, 51255
2025/8/20, 00:00:00, 3410.0, 3442.7, 3402.2, 3439.5, 151712, 47677
2025/8/21, 00:00:00, 3445.5, 3445.5, 3419.6, 3433.0, 148306, 49098
2025/8/22, 00:00:00, 3438.4, 3473.6, 3414.2, 3469.6, 196851, 47613
2025/8/25, 00:00:00, 3465.1, 3471.5, 3457.5, 3469.0, 109048, 47926
2025/8/26, 00:00:00, 3462.0, 3492.0, 3450.0, 3485.2, 198644, 49276
2025/8/27, 00:00:00, 3489.3, 3504.3, 3474.8, 3501.9, 157452, 45829
2025/8/28, 00:00:00, 3507.5, 3531.0, 3493.4, 3526.8, 164287, 49314
2025/8/29, 00:00:00, 3532.4, 3571.0, 3514.2, 3569.6, 193497, 54317
2025/9/2, 00:00:00, 3572.0, 3655.9, 3560.0, 3646.1, 461515, 61871
2025/9/3, 00:00:00, 3648.4, 3694.9, 3646.5, 3689.9, 291187, 61812
2025/9/4, 00:00:00, 3673.1, 3674.2, 3628.8, 3661.3, 294415, 58764
2025/9/5, 00:00:00, 3654.0, 3708.8, 3650.0, 3707.5, 289748, 59632
2025/9/8, 00:00:00, 3688.0, 3739.0, 3676.0, 3731.2, 280693, 59904
2025/9/9, 00:00:00, 3725.5, 3768.4, 3719.3, 3735.9, 375768, 57444
2025/9/10, 00:00:00, 3715.3, 3751.8, 3712.7, 3735.8, 267368, 56660
2025/9/11, 00:00:00, 3735.5, 3739.9, 3705.0, 3726.8, 277148, 55486
2025/9/12, 00:00:00, 3729.4, 3748.6, 3722.0, 3740.3, 198416, 54830
2025/9/15, 00:00:00, 3735.2, 3778.3, 3717.0, 3773.1, 258727, 57772
2025/9/16, 00:00:00, 3772.8, 3794.1, 3768.8, 3779.5, 250182, 55899
2025/9/17, 00:00:00, 3779.4, 3798.0, 3734.8, 3772.5, 354267, 54966
2025/9/18, 00:00:00, 3747.2, 3762.3, 3718.7, 3732.6, 298440, 54760
2025/9/19, 00:00:00, 3729.7, 3774.0, 3720.5, 3760.5, 251839, 57069
2025/9/22, 00:00:00, 3773.2, 3839.2, 3773.2, 3830.5, 277180, 61138
2025/9/23, 00:00:00, 3836.4, 3880.0, 3830.1, 3872.3, 368369, 59196
2025/9/24, 00:00:00, 3854.4, 3867.4, 3807.0, 3824.7, 291482, 57058
2025/9/25, 00:00:00, 3827.0, 3847.0, 3810.0, 3828.8, 339462, 57034
2025/9/26, 00:00:00, 3834.9, 3871.5, 3824.0, 3866.9, 281698, 55750
2025/9/29, 00:00:00, 3849.0, 3922.0, 3849.0, 3914.6, 378442, 54790
2025/9/30, 00:00:00, 3924.0, 3957.0, 3880.0, 3932.1, 483107, 55129
2025/10/1, 00:00:00, 3948.0, 3982.1, 3940.2, 3956.9, 408780, 57256
2025/10/2, 00:00:00, 3947.6, 3981.2, 3902.0, 3926.5, 454135, 58408
2025/10/3, 00:00:00, 3940.8, 3973.7, 3920.0, 3967.6, 361058, 55643
2025/10/6, 00:00:00, 3974.1, 4054.6, 3970.5, 4037.1, 472668, 58711
2025/10/7, 00:00:00, 4050.8, 4076.0, 4024.7, 4066.6, 490865, 55692
2025/10/8, 00:00:00, 4070.5, 4143.9, 4069.8, 4133.7, 571170, 60752
2025/10/9, 00:00:00, 4120.0, 4140.8, 4020.1, 4034.0, 741822, 60645
2025/10/10, 00:00:00, 4056.9, 4100.0, 4024.1, 4062.0, 647963, 59967
2025/10/13, 00:00:00, 4091.2, 4199.3, 4083.6, 4196.4, 467560, 62472
2025/10/14, 00:00:00, 4199.9, 4253.4, 4169.0, 4226.6, 716842, 62468
2025/10/15, 00:00:00, 4223.0, 4299.6, 4223.0, 4265.5, 606936, 61831
2025/10/16, 00:00:00, 4293.6, 4411.6, 4278.8, 4369.7, 746939, 62719
2025/10/17, 00:00:00, 4417.2, 4456.8, 4263.0, 4276.8, 1267436, 61266
2025/10/20, 00:00:00, 4333.0, 4462.3, 4295.0, 4425.4, 746343, 62433
2025/10/21, 00:00:00, 4435.0, 4458.7, 4159.4, 4171.4, 1184203, 65693
2025/10/22, 00:00:00, 4201.0, 4236.0, 4084.1, 4128.0, 1180315, 64530
2025/10/23, 00:00:00, 4173.0, 4235.0, 4148.2, 4209.1, 683316, 66494
2025/10/24, 00:00:00, 4211.2, 4222.1, 4120.0, 4201.3, 755616, 67297
2025/10/27, 00:00:00, 4176.0, 4186.0, 4048.7, 4081.3, 813085, 72347
2025/10/28, 00:00:00, 4056.6, 4095.1, 3962.1, 4043.7, 791351, 74509
2025/10/29, 00:00:00, 4025.0, 4106.0, 3995.6, 4062.6, 749865, 73640
2025/10/30, 00:00:00, 4005.6, 4103.6, 3989.7, 4079.0, 704957, 73834
2025/10/31, 00:00:00, 4098.3, 4121.8, 4045.0, 4059.0, 620633, 73447
2025/11/3, 00:00:00, 4066.0, 4105.0, 4035.6, 4077.2, 524816, 75194
2025/11/4, 00:00:00, 4070.0, 4074.6, 4000.0, 4022.5, 530324, 76611
2025/11/5, 00:00:00, 4001.0, 4062.9, 3999.0, 4055.7, 395431, 77668
2025/11/6, 00:00:00, 4052.0, 4091.1, 4036.0, 4053.6, 409016, 77262
2025/11/7, 00:00:00, 4051.9, 4098.3, 4044.2, 4072.8, 377915, 77307
2025/11/10, 00:00:00, 4072.3, 4188.0, 4072.3, 4186.5, 475186, 80918
2025/11/11, 00:00:00, 4188.0, 4219.2, 4167.5, 4180.9, 427764, 81252
2025/11/12, 00:00:00, 4198.3, 4282.4, 4169.4, 4279.2, 540226, 83998
2025/11/13, 00:00:00, 4269.1, 4316.1, 4215.6, 4261.7, 606767, 84204
2025/11/14, 00:00:00, 4244.7, 4281.6, 4097.7, 4159.0, 686786, 82921
2025/11/17, 00:00:00, 4154.9, 4172.5, 4070.5, 4139.5, 505924, 84884
2025/11/18, 00:00:00, 4115.0, 4147.8, 4062.7, 4131.2, 480543, 84281
2025/11/19, 00:00:00, 4132.3, 4199.6, 4122.0, 4148.3, 471660, 83396
2025/11/20, 00:00:00, 4148.0, 4175.0, 4102.4, 4125.3, 554689, 84352
2025/11/21, 00:00:00, 4139.8, 4166.4, 4084.3, 4144.9, 481600, 82848
2025/11/24, 00:00:00, 4126.6, 4204.2, 4100.5, 4159.6, 394699, 84047
2025/11/25, 00:00:00, 4199.2, 4223.1, 4172.6, 4206.5, 505269, 44734
2025/11/26, 00:00:00, 4195.8, 4238.3, 4193.9, 4231.8, 371460, 43532
2025/11/28, 00:00:00, 4209.7, 4292.4, 4205.0, 4284.8, 300593, 48100
2025/12/1, 00:00:00, 4296.1, 4330.0, 4271.8, 4305.7, 453940, 49452
2025/12/2, 00:00:00, 4296.9, 4298.1, 4225.0, 4251.5, 422315, 51164
2025/12/3, 00:00:00, 4269.0, 4303.7, 4255.8, 4263.2, 358326, 50601
2025/12/4, 00:00:00, 4267.1, 4280.2, 4235.0, 4273.4, 323773, 51951
2025/12/5, 00:00:00, 4268.0, 4321.0, 4252.8, 4273.8, 354646, 52088
2025/12/8, 00:00:00, 4259.7, 4278.3, 4235.0, 4248.6, 301838, 54632
2025/12/9, 00:00:00, 4250.0, 4282.5, 4228.7, 4267.4, 309845, 54042
2025/12/10, 00:00:00, 4267.6, 4299.9, 4239.9, 4255.6, 315638, 53045
2025/12/11, 00:00:00, 4290.0, 4348.2, 4262.5, 4344.4, 395336, 55902
2025/12/12, 00:00:00, 4344.0, 4419.4, 4318.5, 4360.0, 506917, 54979
2025/12/15, 00:00:00, 4360.4, 4415.7, 4347.9, 4367.0, 339930, 56848
2025/12/16, 00:00:00, 4367.4, 4399.0, 4329.3, 4363.9, 336162, 57894
2025/12/17, 00:00:00, 4363.4, 4414.3, 4363.1, 4405.5, 363639, 60094
2025/12/18, 00:00:00, 4403.6, 4440.3, 4369.2, 4395.9, 358029, 59227
2025/12/19, 00:00:00, 4395.4, 4420.0, 4368.0, 4418.8, 278749, 60644
2025/12/22, 00:00:00, 4401.7, 4516.0, 4400.0, 4501.6, 358740, 66269
2025/12/23, 00:00:00, 4516.0, 4563.0, 4491.2, 4538.1, 452547, 65212
2025/12/24, 00:00:00, 4548.9, 4587.6, 4507.0, 4535.1, 350279, 70683
2025/12/26, 00:00:00, 4535.0, 4616.8, 4535.0, 4585.7, 432994, 70153
2025/12/29, 00:00:00, 4600.4, 4613.9, 4352.0, 4375.7, 680267, 70725
2025/12/30, 00:00:00, 4380.0, 4452.1, 4371.2, 4418.9, 406817, 70021
2025/12/31, 00:00:00, 4385.9, 4417.0, 4315.0, 4373.9, 460312, 67633
2026/1/2, 00:00:00, 4365.3, 4446.6, 4351.8, 4361.9, 364617, 69527
2026/1/5, 00:00:00, 4399.3, 4500.0, 4389.2, 4484.1, 449775, 68340
2026/1/6, 00:00:00, 4493.5, 4540.7, 4470.8, 4529.1, 421661, 68733
2026/1/7, 00:00:00, 4537.8, 4545.0, 4465.6, 4495.3, 503897, 70727
2026/1/8, 00:00:00, 4500.8, 4522.0, 4448.0, 4493.9, 452157, 70436
2026/1/9, 00:00:00, 4520.8, 4560.1, 4495.6, 4534.7, 425762, 69180
2026/1/12, 00:00:00, 4560.2, 4675.0, 4555.9, 4649.2, 611289, 72858
2026/1/13, 00:00:00, 4649.2, 4678.0, 4611.0, 4633.5, 471549, 72555
2026/1/14, 00:00:00, 4628.9, 4685.9, 4628.9, 4670.1, 527610, 70647
2026/1/15, 00:00:00, 4669.3, 4671.2, 4618.7, 4657.7, 461643, 72268
2026/1/16, 00:00:00, 4652.8, 4658.5, 4573.8, 4629.4, 495292, 73684
2026/1/20, 00:00:00, 4654.1, 4806.4, 4654.1, 4800.8, 735310, 78970
2026/1/21, 00:00:00, 4803.0, 4925.8, 4792.0, 4873.1, 861130, 77997
2026/1/22, 00:00:00, 4871.0, 4980.1, 4807.5, 4949.4, 557540, 81447
2026/1/23, 00:00:00, 4974.8, 5028.3, 4938.0, 5017.0, 656919, 82079
2026/1/26, 00:00:00, 5042.2, 5145.0, 5022.8, 5122.3, 946168, 78583
2026/1/27, 00:00:00, 5038.4, 5229.9, 5029.0, 5120.6, 746942, 78421
2026/1/28, 00:00:00, 5219.1, 5452.9, 5193.5, 5340.2, 1003151, 77060
2026/1/29, 00:00:00, 5449.3, 5626.7, 5125.1, 5354.8, 1577286, 57875
2026/1/30, 00:00:00, 5410.2, 5480.7, 4700.0, 4745.1, 1586851, 57124
2026/2/2, 00:00:00, 4835.1, 4906.3, 4424.0, 4652.6, 1413717, 58976
2026/2/3, 00:00:00, 4685.3, 5018.3, 4685.2, 4935.0, 947387, 53594
2026/2/4, 00:00:00, 4969.7, 5114.0, 4863.7, 4950.8, 829198, 55395
2026/2/5, 00:00:00, 4987.0, 5045.0, 4778.5, 4889.5, 905204, 58537
2026/2/6, 00:00:00, 4804.2, 4995.9, 4670.1, 4979.8, 650328, 60170
2026/2/9, 00:00:00, 5001.4, 5111.8, 4987.9, 5079.4, 498840, 61615
2026/2/10, 00:00:00, 5085.2, 5102.7, 5011.0, 5031.0, 487238, 60592
2026/2/11, 00:00:00, 5048.9, 5144.4, 5039.6, 5098.5, 533028, 61591
2026/2/12, 00:00:00, 5109.3, 5123.5, 4899.7, 4948.4, 585045, 58735
2026/2/13, 00:00:00, 4947.4, 5069.4, 4907.2, 5046.3, 424873, 61410
2026/2/17, 00:00:00, 5053.8, 5081.0, 4854.9, 4905.9, 614772, 60814
2026/2/18, 00:00:00, 4897.5, 5032.3, 4868.9, 5009.5, 305691, 62668
2026/2/19, 00:00:00, 4994.2, 5042.9, 4970.0, 4997.4, 303835, 61716
2026/2/20, 00:00:00, 5018.5, 5131.1, 4999.1, 5080.9, 385589, 62534
2026/2/23, 00:00:00, 5128.9, 5257.2, 5121.6, 5225.6, 400613, 62342
2026/2/24, 00:00:00, 5247.8, 5269.3, 5110.6, 5176.3, 442511, 59925
2026/2/25, 00:00:00, 5161.5, 5237.2, 5138.2, 5226.2, 385695, 58873
2026/2/26, 00:00:00, 5175.1, 5221.7, 5145.2, 5194.2, 384314, 59851
2026/2/27, 00:00:00, 5202.4, 5298.8, 5182.7, 5247.9, 388691, 62764
2026/3/2, 00:00:00, 5346.4, 5434.4, 5273.1, 5311.6, 610420, 62023
2026/3/3, 00:00:00, 5335.0, 5394.5, 5005.0, 5123.7, 753435, 60931
2026/3/4, 00:00:00, 5105.0, 5218.2, 5093.4, 5134.7, 470313, 57595
2026/3/5, 00:00:00, 5158.8, 5204.5, 5057.1, 5078.7, 456374, 59672
2026/3/6, 00:00:00, 5096.4, 5184.4, 5070.5, 5158.7, 409620, 59346
2026/3/9, 00:00:00, 5186.2, 5209.6, 5020.8, 5103.7, 459606, 57097
2026/3/10, 00:00:00, 5150.1, 5248.7, 5126.0, 5242.1, 366339, 58116
2026/3/11, 00:00:00, 5199.0, 5231.2, 5156.0, 5179.1, 294001, 59221
2026/3/12, 00:00:00, 5183.9, 5197.9, 5058.1, 5125.8, 355544, 61825
2026/3/13, 00:00:00, 5084.0, 5132.4, 5014.3, 5061.7, 348971, 62822
2026/3/16, 00:00:00, 5010.0, 5044.5, 4970.4, 5002.2, 446703, 63231
2026/3/17, 00:00:00, 5014.7, 5049.4, 4977.3, 5008.2, 315448, 64123
2026/3/18, 00:00:00, 5010.5, 5021.3, 4809.4, 4896.2, 506264, 70495
2026/3/19, 00:00:00, 4828.4, 4868.5, 4805.6, 4852.7, 89678, 0
