Date, Time, Open, High, Low, Last, Volume, NumberOfTrades, BidVolume, AskVolume
2026/2/18, 02:00:00, 5114.5, 5114.5, 5114.5, 5114.5, 1, 1, 0, 1
2026/2/18, 14:00:00, 5200.0, 5200.0, 5200.0, 5200.0, 1, 1, 0, 1
2026/2/19, 06:00:00, 5220.0, 5235.0, 5220.0, 5235.0, 3, 3, 0, 3
2026/2/19, 11:00:00, 5200.0, 5200.0, 5200.0, 5200.0, 1, 1, 1, 0
2026/2/19, 13:00:00, 5192.0, 5192.0, 5192.0, 5192.0, 1, 1, 1, 0
2026/2/20, 01:00:00, 5221.0, 5221.0, 5221.0, 5221.0, 1, 1, 1, 0
2026/2/20, 06:00:00, 5242.0, 5242.0, 5242.0, 5242.0, 1, 1, 0, 1
2026/2/20, 09:00:00, 5259.0, 5259.0, 5259.0, 5259.0, 1, 1, 0, 1
2026/2/20, 10:00:00, 5249.0, 5251.7, 5249.0, 5251.7, 2, 2, 1, 1
2026/2/20, 13:00:00, 5267.7, 5267.8, 5267.7, 5267.8, 2, 2, 0, 2
2026/2/20, 14:00:00, 5282.0, 5282.0, 5282.0, 5282.0, 1, 1, 0, 1
2026/2/20, 15:00:00, 5281.0, 5281.0, 5250.0, 5250.0, 2, 2, 1, 1
2026/2/20, 17:00:00, 5296.9, 5296.9, 5296.9, 5296.9, 1, 1, 0, 1
2026/2/22, 23:00:00, 5346.7, 5350.0, 5346.7, 5350.0, 2, 2, 0, 2
2026/2/23, 08:00:00, 5354.6, 5354.6, 5354.6, 5354.6, 1, 1, 1, 0
2026/2/23, 09:00:00, 5376.7, 5376.7, 5376.7, 5376.7, 1, 1, 1, 0
2026/2/23, 12:00:00, 5379.2, 5379.2, 5379.2, 5379.2, 1, 1, 1, 0
2026/2/23, 14:00:00, 5425.8, 5425.8, 5425.8, 5425.8, 1, 1, 0, 1
2026/2/23, 15:00:00, 5421.2, 5437.8, 5421.2, 5437.8, 4, 4, 2, 2
2026/2/23, 19:00:00, 5445.3, 5445.3, 5445.3, 5445.3, 1, 1, 1, 0
2026/2/23, 21:00:00, 5465.0, 5465.0, 5465.0, 5465.0, 1, 1, 0, 1
2026/2/24, 00:00:00, 5450.0, 5450.0, 5450.0, 5450.0, 1, 1, 1, 0
2026/2/24, 01:00:00, 5414.0, 5414.0, 5388.2, 5388.2, 5, 5, 5, 0
2026/2/24, 08:00:00, 5397.9, 5403.0, 5397.8, 5403.0, 3, 3, 3, 0
2026/2/24, 12:00:00, 5379.2, 5379.2, 5379.2, 5379.2, 1, 1, 1, 0
2026/2/24, 19:00:00, 5385.7, 5387.3, 5382.9, 5384.0, 56, 54, 0, 56
2026/2/25, 00:00:00, 5379.0, 5386.0, 5375.5, 5375.5, 5, 5, 1, 4
2026/2/25, 01:00:00, 5382.0, 5389.6, 5380.0, 5389.6, 3, 3, 2, 1
2026/2/25, 06:00:00, 5422.0, 5422.0, 5422.0, 5422.0, 1, 1, 1, 0
2026/2/25, 14:00:00, 5416.9, 5416.9, 5416.9, 5416.9, 1, 1, 0, 1
2026/2/25, 19:00:00, 5438.2, 5439.1, 5432.2, 5438.5, 53, 51, 53, 0
2026/2/26, 19:00:00, 5415.2, 5415.2, 5415.0, 5415.0, 2, 2, 2, 0
2026/2/27, 02:00:00, 5414.1, 5414.1, 5403.7, 5410.9, 13, 13, 5, 8
2026/2/27, 03:00:00, 5411.9, 5414.8, 5411.9, 5414.3, 4, 4, 1, 3
2026/2/27, 05:00:00, 5420.4, 5420.4, 5420.4, 5420.4, 1, 1, 0, 1
2026/2/27, 06:00:00, 5423.9, 5423.9, 5423.9, 5423.9, 1, 1, 0, 1
2026/2/27, 11:00:00, 5408.6, 5408.6, 5408.6, 5408.6, 1, 1, 0, 1
2026/2/27, 13:00:00, 5451.5, 5451.5, 5451.5, 5451.5, 1, 1, 0, 1
2026/2/27, 14:00:00, 5458.0, 5458.0, 5457.8, 5457.8, 2, 2, 2, 0
2026/3/1, 23:00:00, 5590.0, 5595.0, 5590.0, 5595.0, 2, 2, 0, 2
2026/3/2, 01:00:00, 5556.2, 5556.2, 5556.2, 5556.2, 1, 1, 0, 1
2026/3/2, 06:00:00, 5612.0, 5612.0, 5612.0, 5612.0, 1, 1, 1, 0
2026/3/2, 07:00:00, 5643.0, 5643.0, 5643.0, 5643.0, 1, 1, 1, 0
2026/3/2, 14:00:00, 5586.8, 5586.8, 5585.2, 5585.2, 2, 2, 1, 1
2026/3/2, 16:00:00, 5522.0, 5522.0, 5522.0, 5522.0, 1, 1, 1, 0
2026/3/3, 00:00:00, 5592.0, 5592.0, 5592.0, 5592.0, 1, 1, 0, 1
2026/3/3, 01:00:00, 5600.0, 5600.0, 5600.0, 5600.0, 1, 1, 0, 1
2026/3/3, 06:00:00, 5525.4, 5540.5, 5525.4, 5540.5, 4, 4, 2, 2
2026/3/3, 09:00:00, 5530.7, 5530.9, 5525.0, 5525.0, 3, 3, 1, 2
2026/3/3, 11:00:00, 5336.2, 5370.0, 5336.2, 5370.0, 4, 4, 1, 3
2026/3/3, 12:00:00, 5384.7, 5430.0, 5384.7, 5420.0, 14, 14, 2, 12
2026/3/3, 15:00:00, 5234.4, 5234.4, 5234.4, 5234.4, 1, 1, 1, 0
2026/3/3, 16:00:00, 5332.6, 5343.3, 5329.7, 5331.3, 6, 6, 2, 4
2026/3/3, 17:00:00, 5316.0, 5316.0, 5293.1, 5300.3, 3, 3, 1, 2
2026/3/3, 18:00:00, 5318.0, 5323.6, 5318.0, 5323.5, 4, 4, 4, 0
2026/3/4, 01:00:00, 5381.1, 5382.7, 5376.4, 5382.6, 8, 8, 4, 4
2026/3/4, 06:00:00, 5359.1, 5359.1, 5358.8, 5358.8, 3, 3, 3, 0
2026/3/4, 08:00:00, 5380.0, 5380.3, 5380.0, 5380.3, 3, 3, 0, 3
2026/3/5, 06:00:00, 5366.0, 5377.0, 5366.0, 5377.0, 2, 2, 0, 2
2026/3/5, 08:00:00, 5365.6, 5365.6, 5365.6, 5365.6, 2, 1, 2, 0
2026/3/5, 13:00:00, 5378.3, 5378.3, 5336.7, 5353.2, 10, 10, 4, 6
2026/3/5, 15:00:00, 5305.1, 5308.7, 5305.1, 5308.7, 19, 19, 0, 19
2026/3/6, 01:00:00, 5340.9, 5358.3, 5340.9, 5358.3, 4, 4, 2, 2
2026/3/6, 03:00:00, 5355.9, 5355.9, 5353.2, 5353.2, 2, 2, 2, 0
2026/3/6, 05:00:00, 5348.3, 5348.3, 5343.1, 5343.1, 2, 2, 2, 0
2026/3/6, 06:00:00, 5343.6, 5343.8, 5343.6, 5343.8, 2, 2, 0, 2
2026/3/6, 14:00:00, 5319.0, 5329.3, 5319.0, 5329.3, 2, 2, 2, 0
2026/3/6, 15:00:00, 5376.8, 5383.1, 5363.5, 5363.5, 5, 5, 5, 0
2026/3/6, 17:00:00, 5361.5, 5361.5, 5360.2, 5360.2, 19, 18, 19, 0
2026/3/8, 22:00:00, 5349.8, 5349.8, 5349.8, 5349.8, 1, 1, 0, 1
2026/3/10, 01:00:00, 5386.6, 5386.6, 5386.6, 5386.6, 1, 1, 0, 1
2026/3/10, 02:00:00, 5408.3, 5408.4, 5400.8, 5405.0, 14, 14, 5, 9
2026/3/10, 06:00:00, 5400.0, 5404.0, 5400.0, 5404.0, 3, 3, 0, 3
2026/3/10, 09:00:00, 5408.4, 5411.8, 5408.4, 5411.8, 6, 6, 3, 3
2026/3/10, 13:00:00, 5422.1, 5452.0, 5422.0, 5452.0, 6, 6, 4, 2
2026/3/10, 16:00:00, 5452.3, 5452.3, 5452.3, 5452.3, 1, 1, 0, 1
2026/3/10, 18:00:00, 5400.0, 5400.0, 5400.0, 5400.0, 1, 1, 1, 0
2026/3/10, 22:00:00, 5411.3, 5411.3, 5411.3, 5411.3, 1, 1, 1, 0
2026/3/10, 23:00:00, 5414.9, 5414.9, 5414.9, 5414.9, 1, 1, 0, 1
2026/3/11, 09:00:00, 5421.0, 5422.3, 5421.0, 5422.2, 4, 4, 2, 2
2026/3/11, 13:00:00, 5402.2, 5402.5, 5402.2, 5402.5, 3, 3, 0, 3
2026/3/11, 14:00:00, 5408.1, 5408.1, 5408.0, 5408.0, 3, 2, 3, 0
2026/3/12, 08:00:00, 5412.5, 5415.5, 5412.5, 5415.5, 2, 2, 1, 1
2026/3/12, 12:00:00, 5405.0, 5405.0, 5405.0, 5405.0, 1, 1, 1, 0
2026/3/12, 15:00:00, 5355.4, 5355.4, 5355.4, 5355.4, 1, 1, 0, 1
2026/3/12, 20:00:00, 5316.4, 5316.4, 5316.4, 5316.4, 1, 1, 1, 0
2026/3/12, 22:00:00, 5300.8, 5300.8, 5300.8, 5300.8, 1, 1, 1, 0
2026/3/13, 13:00:00, 5345.3, 5345.3, 5345.3, 5345.3, 1, 1, 0, 1
2026/3/13, 17:00:00, 5272.6, 5272.6, 5272.6, 5272.6, 1, 1, 1, 0
2026/3/13, 19:00:00, 5258.7, 5258.7, 5234.3, 5234.3, 6, 6, 3, 3
2026/3/15, 23:00:00, 5202.7, 5206.5, 5202.3, 5206.5, 3, 3, 3, 0
2026/3/16, 09:00:00, 5199.0, 5199.0, 5199.0, 5199.0, 3, 3, 0, 3
2026/3/16, 15:00:00, 5209.6, 5209.6, 5209.6, 5209.6, 1, 1, 0, 1
2026/3/16, 16:00:00, 5208.8, 5212.7, 5208.8, 5211.3, 6, 6, 0, 6
2026/3/16, 20:00:00, 5241.9, 5241.9, 5241.9, 5241.9, 1, 1, 1, 0
2026/3/18, 12:00:00, 5105.1, 5106.4, 5102.0, 5102.0, 4, 4, 1, 3
2026/3/18, 13:00:00, 5074.7, 5097.8, 5070.0, 5097.8, 5, 5, 1, 4
2026/3/18, 14:00:00, 5095.9, 5103.0, 5073.5, 5078.0, 4, 4, 2, 2
2026/3/18, 15:00:00, 5091.5, 5091.5, 5088.5, 5088.5, 2, 2, 1, 1
2026/3/18, 16:00:00, 5104.0, 5104.0, 5104.0, 5104.0, 1, 1, 0, 1
2026/3/18, 17:00:00, 5113.8, 5113.8, 5113.8, 5113.8, 1, 1, 1, 0
2026/3/19, 00:00:00, 5057.4, 5057.4, 5057.4, 5057.4, 1, 1, 0, 1
