Date, Time, Open, High, Low, Last, Volume, NumberOfTrades, BidVolume, AskVolume
2026/2/18, 02:40:00, 5114.5, 5114.5, 5114.5, 5114.5, 1, 1, 0, 1
2026/2/18, 14:40:00, 5200.0, 5200.0, 5200.0, 5200.0, 1, 1, 0, 1
2026/2/19, 06:25:00, 5220.0, 5220.0, 5220.0, 5220.0, 1, 1, 0, 1
2026/2/19, 06:30:00, 5225.0, 5225.0, 5225.0, 5225.0, 1, 1, 0, 1
2026/2/19, 06:50:00, 5235.0, 5235.0, 5235.0, 5235.0, 1, 1, 0, 1
2026/2/19, 11:15:00, 5200.0, 5200.0, 5200.0, 5200.0, 1, 1, 1, 0
2026/2/19, 13:30:00, 5192.0, 5192.0, 5192.0, 5192.0, 1, 1, 1, 0
2026/2/20, 01:30:00, 5221.0, 5221.0, 5221.0, 5221.0, 1, 1, 1, 0
2026/2/20, 06:20:00, 5242.0, 5242.0, 5242.0, 5242.0, 1, 1, 0, 1
2026/2/20, 09:05:00, 5259.0, 5259.0, 5259.0, 5259.0, 1, 1, 0, 1
2026/2/20, 10:00:00, 5249.0, 5249.0, 5249.0, 5249.0, 1, 1, 1, 0
2026/2/20, 10:15:00, 5251.7, 5251.7, 5251.7, 5251.7, 1, 1, 0, 1
2026/2/20, 13:50:00, 5267.7, 5267.8, 5267.7, 5267.8, 2, 2, 0, 2
2026/2/20, 14:50:00, 5282.0, 5282.0, 5282.0, 5282.0, 1, 1, 0, 1
2026/2/20, 15:00:00, 5281.0, 5281.0, 5250.0, 5250.0, 2, 2, 1, 1
2026/2/20, 17:05:00, 5296.9, 5296.9, 5296.9, 5296.9, 1, 1, 0, 1
2026/2/22, 23:00:00, 5346.7, 5346.7, 5346.7, 5346.7, 1, 1, 0, 1
2026/2/22, 23:05:00, 5350.0, 5350.0, 5350.0, 5350.0, 1, 1, 0, 1
2026/2/23, 08:40:00, 5354.6, 5354.6, 5354.6, 5354.6, 1, 1, 1, 0
2026/2/23, 09:25:00, 5376.7, 5376.7, 5376.7, 5376.7, 1, 1, 1, 0
2026/2/23, 12:15:00, 5379.2, 5379.2, 5379.2, 5379.2, 1, 1, 1, 0
2026/2/23, 14:45:00, 5425.8, 5425.8, 5425.8, 5425.8, 1, 1, 0, 1
2026/2/23, 15:00:00, 5421.2, 5421.2, 5421.2, 5421.2, 1, 1, 1, 0
2026/2/23, 15:35:00, 5421.9, 5421.9, 5421.9, 5421.9, 1, 1, 1, 0
2026/2/23, 15:50:00, 5437.7, 5437.8, 5437.7, 5437.8, 2, 2, 0, 2
2026/2/23, 19:40:00, 5445.3, 5445.3, 5445.3, 5445.3, 1, 1, 1, 0
2026/2/23, 21:00:00, 5465.0, 5465.0, 5465.0, 5465.0, 1, 1, 0, 1
2026/2/24, 00:00:00, 5450.0, 5450.0, 5450.0, 5450.0, 1, 1, 1, 0
2026/2/24, 01:10:00, 5414.0, 5414.0, 5414.0, 5414.0, 1, 1, 1, 0
2026/2/24, 01:15:00, 5389.4, 5389.4, 5389.3, 5389.3, 2, 2, 2, 0
2026/2/24, 01:20:00, 5388.3, 5388.3, 5388.2, 5388.2, 2, 2, 2, 0
2026/2/24, 08:20:00, 5397.9, 5397.9, 5397.8, 5397.8, 2, 2, 2, 0
2026/2/24, 08:25:00, 5403.0, 5403.0, 5403.0, 5403.0, 1, 1, 1, 0
2026/2/24, 12:50:00, 5379.2, 5379.2, 5379.2, 5379.2, 1, 1, 1, 0
2026/2/24, 19:40:00, 5385.7, 5387.3, 5383.4, 5384.1, 49, 47, 0, 49
2026/2/24, 19:45:00, 5382.9, 5384.0, 5382.9, 5384.0, 7, 7, 0, 7
2026/2/25, 00:30:00, 5379.0, 5379.0, 5379.0, 5379.0, 1, 1, 0, 1
2026/2/25, 00:40:00, 5384.7, 5386.0, 5379.9, 5379.9, 3, 3, 1, 2
2026/2/25, 00:45:00, 5375.5, 5375.5, 5375.5, 5375.5, 1, 1, 0, 1
2026/2/25, 01:00:00, 5382.0, 5389.6, 5380.0, 5389.6, 3, 3, 2, 1
2026/2/25, 06:25:00, 5422.0, 5422.0, 5422.0, 5422.0, 1, 1, 1, 0
2026/2/25, 14:00:00, 5416.9, 5416.9, 5416.9, 5416.9, 1, 1, 0, 1
2026/2/25, 19:45:00, 5438.2, 5439.1, 5432.2, 5432.2, 49, 47, 49, 0
2026/2/25, 19:50:00, 5438.6, 5438.9, 5438.5, 5438.5, 4, 4, 4, 0
2026/2/26, 19:05:00, 5415.2, 5415.2, 5415.0, 5415.0, 2, 2, 2, 0
2026/2/27, 02:30:00, 5414.1, 5414.1, 5410.5, 5413.0, 4, 4, 1, 3
2026/2/27, 02:35:00, 5413.0, 5413.0, 5404.0, 5404.0, 3, 3, 2, 1
2026/2/27, 02:40:00, 5406.1, 5409.9, 5406.1, 5409.9, 2, 2, 1, 1
2026/2/27, 02:50:00, 5403.7, 5404.4, 5403.7, 5404.4, 2, 2, 0, 2
2026/2/27, 02:55:00, 5405.7, 5410.9, 5405.7, 5410.9, 2, 2, 1, 1
2026/2/27, 03:10:00, 5411.9, 5411.9, 5411.9, 5411.9, 1, 1, 0, 1
2026/2/27, 03:20:00, 5412.4, 5412.4, 5412.4, 5412.4, 1, 1, 0, 1
2026/2/27, 03:25:00, 5414.8, 5414.8, 5414.8, 5414.8, 1, 1, 1, 0
2026/2/27, 03:35:00, 5414.3, 5414.3, 5414.3, 5414.3, 1, 1, 0, 1
2026/2/27, 05:50:00, 5420.4, 5420.4, 5420.4, 5420.4, 1, 1, 0, 1
2026/2/27, 06:05:00, 5423.9, 5423.9, 5423.9, 5423.9, 1, 1, 0, 1
2026/2/27, 11:45:00, 5408.6, 5408.6, 5408.6, 5408.6, 1, 1, 0, 1
2026/2/27, 13:55:00, 5451.5, 5451.5, 5451.5, 5451.5, 1, 1, 0, 1
2026/2/27, 14:00:00, 5458.0, 5458.0, 5457.8, 5457.8, 2, 2, 2, 0
2026/3/1, 23:30:00, 5590.0, 5595.0, 5590.0, 5595.0, 2, 2, 0, 2
2026/3/2, 01:35:00, 5556.2, 5556.2, 5556.2, 5556.2, 1, 1, 0, 1
2026/3/2, 06:30:00, 5612.0, 5612.0, 5612.0, 5612.0, 1, 1, 1, 0
2026/3/2, 07:35:00, 5643.0, 5643.0, 5643.0, 5643.0, 1, 1, 1, 0
2026/3/2, 14:20:00, 5586.8, 5586.8, 5585.2, 5585.2, 2, 2, 1, 1
2026/3/2, 16:05:00, 5522.0, 5522.0, 5522.0, 5522.0, 1, 1, 1, 0
2026/3/3, 00:15:00, 5592.0, 5592.0, 5592.0, 5592.0, 1, 1, 0, 1
2026/3/3, 01:05:00, 5600.0, 5600.0, 5600.0, 5600.0, 1, 1, 0, 1
2026/3/3, 06:15:00, 5525.4, 5534.5, 5525.4, 5534.5, 3, 3, 2, 1
2026/3/3, 06:25:00, 5540.5, 5540.5, 5540.5, 5540.5, 1, 1, 0, 1
2026/3/3, 09:15:00, 5530.7, 5530.9, 5525.0, 5525.0, 3, 3, 1, 2
2026/3/3, 11:30:00, 5336.2, 5336.2, 5336.2, 5336.2, 1, 1, 0, 1
2026/3/3, 11:35:00, 5348.8, 5348.8, 5348.8, 5348.8, 1, 1, 1, 0
2026/3/3, 11:50:00, 5366.0, 5366.0, 5366.0, 5366.0, 1, 1, 0, 1
2026/3/3, 11:55:00, 5370.0, 5370.0, 5370.0, 5370.0, 1, 1, 0, 1
2026/3/3, 12:05:00, 5384.7, 5390.0, 5384.7, 5390.0, 6, 6, 0, 6
2026/3/3, 12:10:00, 5407.9, 5408.5, 5407.9, 5408.5, 3, 3, 0, 3
2026/3/3, 12:20:00, 5410.0, 5412.0, 5410.0, 5412.0, 3, 3, 0, 3
2026/3/3, 12:30:00, 5430.0, 5430.0, 5420.0, 5420.0, 2, 2, 2, 0
2026/3/3, 15:15:00, 5234.4, 5234.4, 5234.4, 5234.4, 1, 1, 1, 0
2026/3/3, 16:10:00, 5332.6, 5332.6, 5329.7, 5329.7, 2, 2, 0, 2
2026/3/3, 16:20:00, 5343.3, 5343.3, 5343.2, 5343.2, 2, 2, 2, 0
2026/3/3, 16:40:00, 5330.0, 5330.0, 5330.0, 5330.0, 1, 1, 0, 1
2026/3/3, 16:45:00, 5331.3, 5331.3, 5331.3, 5331.3, 1, 1, 0, 1
2026/3/3, 17:00:00, 5316.0, 5316.0, 5316.0, 5316.0, 1, 1, 0, 1
2026/3/3, 17:35:00, 5293.1, 5293.1, 5293.1, 5293.1, 1, 1, 1, 0
2026/3/3, 17:40:00, 5300.3, 5300.3, 5300.3, 5300.3, 1, 1, 0, 1
2026/3/3, 18:05:00, 5318.0, 5318.0, 5318.0, 5318.0, 1, 1, 1, 0
2026/3/3, 18:10:00, 5318.5, 5318.5, 5318.5, 5318.5, 1, 1, 1, 0
2026/3/3, 18:15:00, 5323.6, 5323.6, 5323.5, 5323.5, 2, 2, 2, 0
2026/3/4, 01:20:00, 5381.1, 5381.3, 5381.1, 5381.3, 2, 2, 0, 2
2026/3/4, 01:35:00, 5376.4, 5376.5, 5376.4, 5376.5, 2, 2, 0, 2
2026/3/4, 01:40:00, 5378.7, 5378.7, 5378.6, 5378.6, 2, 2, 2, 0
2026/3/4, 01:45:00, 5382.7, 5382.7, 5382.6, 5382.6, 2, 2, 2, 0
2026/3/4, 06:25:00, 5359.1, 5359.1, 5358.8, 5358.8, 3, 3, 3, 0
2026/3/4, 08:10:00, 5380.0, 5380.3, 5380.0, 5380.3, 3, 3, 0, 3
2026/3/5, 06:25:00, 5366.0, 5366.0, 5366.0, 5366.0, 1, 1, 0, 1
2026/3/5, 06:40:00, 5377.0, 5377.0, 5377.0, 5377.0, 1, 1, 0, 1
2026/3/5, 08:15:00, 5365.6, 5365.6, 5365.6, 5365.6, 2, 1, 2, 0
2026/3/5, 13:10:00, 5378.3, 5378.3, 5378.1, 5378.1, 2, 2, 2, 0
2026/3/5, 13:15:00, 5363.2, 5363.3, 5363.2, 5363.3, 2, 2, 0, 2
2026/3/5, 13:25:00, 5336.7, 5344.2, 5336.7, 5344.2, 2, 2, 0, 2
2026/3/5, 13:30:00, 5351.8, 5351.8, 5351.7, 5351.7, 2, 2, 2, 0
2026/3/5, 13:35:00, 5356.2, 5356.2, 5353.2, 5353.2, 2, 2, 0, 2
2026/3/5, 15:10:00, 5305.1, 5308.7, 5305.1, 5308.7, 19, 19, 0, 19
2026/3/6, 01:40:00, 5340.9, 5340.9, 5340.9, 5340.9, 1, 1, 1, 0
2026/3/6, 01:45:00, 5343.8, 5343.8, 5343.8, 5343.8, 1, 1, 0, 1
2026/3/6, 01:50:00, 5348.3, 5358.3, 5348.3, 5358.3, 2, 2, 1, 1
2026/3/6, 03:35:00, 5355.9, 5355.9, 5355.9, 5355.9, 1, 1, 1, 0
2026/3/6, 03:40:00, 5353.2, 5353.2, 5353.2, 5353.2, 1, 1, 1, 0
2026/3/6, 05:05:00, 5348.3, 5348.3, 5348.3, 5348.3, 1, 1, 1, 0
2026/3/6, 05:45:00, 5343.1, 5343.1, 5343.1, 5343.1, 1, 1, 1, 0
2026/3/6, 06:20:00, 5343.6, 5343.8, 5343.6, 5343.8, 2, 2, 0, 2
2026/3/6, 14:20:00, 5319.0, 5319.0, 5319.0, 5319.0, 1, 1, 1, 0
2026/3/6, 14:25:00, 5329.3, 5329.3, 5329.3, 5329.3, 1, 1, 1, 0
2026/3/6, 15:00:00, 5376.8, 5376.8, 5376.0, 5376.0, 2, 2, 2, 0
2026/3/6, 15:05:00, 5383.1, 5383.1, 5383.1, 5383.1, 1, 1, 1, 0
2026/3/6, 15:50:00, 5363.5, 5363.5, 5363.5, 5363.5, 2, 2, 2, 0
2026/3/6, 17:50:00, 5361.5, 5361.5, 5360.2, 5360.2, 19, 18, 19, 0
2026/3/8, 22:40:00, 5349.8, 5349.8, 5349.8, 5349.8, 1, 1, 0, 1
2026/3/10, 01:25:00, 5386.6, 5386.6, 5386.6, 5386.6, 1, 1, 0, 1
2026/3/10, 02:00:00, 5408.3, 5408.4, 5404.9, 5404.9, 3, 3, 1, 2
2026/3/10, 02:15:00, 5400.8, 5401.9, 5400.8, 5401.9, 3, 3, 0, 3
2026/3/10, 02:35:00, 5402.6, 5402.7, 5402.6, 5402.7, 2, 2, 0, 2
2026/3/10, 02:45:00, 5403.4, 5405.6, 5403.3, 5405.0, 6, 6, 4, 2
2026/3/10, 06:10:00, 5400.0, 5404.0, 5400.0, 5404.0, 3, 3, 0, 3
2026/3/10, 09:25:00, 5408.4, 5408.5, 5408.4, 5408.5, 2, 2, 0, 2
2026/3/10, 09:30:00, 5409.8, 5409.8, 5409.5, 5409.5, 3, 3, 2, 1
2026/3/10, 09:45:00, 5411.8, 5411.8, 5411.8, 5411.8, 1, 1, 1, 0
2026/3/10, 13:05:00, 5422.1, 5422.1, 5422.0, 5422.0, 2, 2, 2, 0
2026/3/10, 13:10:00, 5427.6, 5427.6, 5427.4, 5427.4, 2, 2, 2, 0
2026/3/10, 13:15:00, 5442.0, 5442.0, 5442.0, 5442.0, 1, 1, 0, 1
2026/3/10, 13:25:00, 5452.0, 5452.0, 5452.0, 5452.0, 1, 1, 0, 1
2026/3/10, 16:55:00, 5452.3, 5452.3, 5452.3, 5452.3, 1, 1, 0, 1
2026/3/10, 18:15:00, 5400.0, 5400.0, 5400.0, 5400.0, 1, 1, 1, 0
2026/3/10, 22:00:00, 5411.3, 5411.3, 5411.3, 5411.3, 1, 1, 1, 0
2026/3/10, 23:45:00, 5414.9, 5414.9, 5414.9, 5414.9, 1, 1, 0, 1
2026/3/11, 09:30:00, 5421.0, 5421.2, 5421.0, 5421.2, 2, 2, 0, 2
2026/3/11, 09:40:00, 5422.3, 5422.3, 5422.2, 5422.2, 2, 2, 2, 0
2026/3/11, 13:55:00, 5402.2, 5402.5, 5402.2, 5402.5, 3, 3, 0, 3
2026/3/11, 14:00:00, 5408.1, 5408.1, 5408.0, 5408.0, 3, 2, 3, 0
2026/3/12, 08:00:00, 5412.5, 5412.5, 5412.5, 5412.5, 1, 1, 1, 0
2026/3/12, 08:10:00, 5415.5, 5415.5, 5415.5, 5415.5, 1, 1, 0, 1
2026/3/12, 12:00:00, 5405.0, 5405.0, 5405.0, 5405.0, 1, 1, 1, 0
2026/3/12, 15:20:00, 5355.4, 5355.4, 5355.4, 5355.4, 1, 1, 0, 1
2026/3/12, 20:10:00, 5316.4, 5316.4, 5316.4, 5316.4, 1, 1, 1, 0
2026/3/12, 22:00:00, 5300.8, 5300.8, 5300.8, 5300.8, 1, 1, 1, 0
2026/3/13, 13:00:00, 5345.3, 5345.3, 5345.3, 5345.3, 1, 1, 0, 1
2026/3/13, 17:05:00, 5272.6, 5272.6, 5272.6, 5272.6, 1, 1, 1, 0
2026/3/13, 19:25:00, 5258.7, 5258.7, 5258.7, 5258.7, 1, 1, 0, 1
2026/3/13, 19:35:00, 5256.2, 5256.2, 5256.2, 5256.2, 1, 1, 1, 0
2026/3/13, 19:40:00, 5250.0, 5250.0, 5248.7, 5248.7, 2, 2, 1, 1
2026/3/13, 19:45:00, 5242.6, 5242.6, 5242.6, 5242.6, 1, 1, 1, 0
2026/3/13, 19:50:00, 5234.3, 5234.3, 5234.3, 5234.3, 1, 1, 0, 1
2026/3/15, 23:25:00, 5202.7, 5202.7, 5202.3, 5202.3, 2, 2, 2, 0
2026/3/15, 23:35:00, 5206.5, 5206.5, 5206.5, 5206.5, 1, 1, 1, 0
2026/3/16, 09:50:00, 5199.0, 5199.0, 5199.0, 5199.0, 3, 3, 0, 3
2026/3/16, 15:55:00, 5209.6, 5209.6, 5209.6, 5209.6, 1, 1, 0, 1
2026/3/16, 16:00:00, 5208.8, 5212.7, 5208.8, 5211.3, 6, 6, 0, 6
2026/3/16, 20:05:00, 5241.9, 5241.9, 5241.9, 5241.9, 1, 1, 1, 0
2026/3/18, 12:30:00, 5105.1, 5106.4, 5105.1, 5106.4, 2, 2, 1, 1
2026/3/18, 12:35:00, 5102.0, 5102.0, 5102.0, 5102.0, 2, 2, 0, 2
2026/3/18, 13:20:00, 5074.7, 5074.7, 5074.7, 5074.7, 1, 1, 0, 1
2026/3/18, 13:30:00, 5070.0, 5070.0, 5070.0, 5070.0, 1, 1, 1, 0
2026/3/18, 13:35:00, 5074.4, 5074.4, 5074.4, 5074.4, 1, 1, 0, 1
2026/3/18, 13:40:00, 5083.9, 5097.8, 5083.9, 5097.8, 2, 2, 0, 2
2026/3/18, 14:00:00, 5095.9, 5095.9, 5095.9, 5095.9, 1, 1, 0, 1
2026/3/18, 14:05:00, 5103.0, 5103.0, 5103.0, 5103.0, 1, 1, 1, 0
2026/3/18, 14:35:00, 5073.5, 5073.5, 5073.5, 5073.5, 1, 1, 0, 1
2026/3/18, 14:40:00, 5078.0, 5078.0, 5078.0, 5078.0, 1, 1, 1, 0
2026/3/18, 15:20:00, 5091.5, 5091.5, 5091.5, 5091.5, 1, 1, 0, 1
2026/3/18, 15:35:00, 5088.5, 5088.5, 5088.5, 5088.5, 1, 1, 1, 0
2026/3/18, 16:50:00, 5104.0, 5104.0, 5104.0, 5104.0, 1, 1, 0, 1
2026/3/18, 17:45:00, 5113.8, 5113.8, 5113.8, 5113.8, 1, 1, 1, 0
2026/3/19, 00:40:00, 5057.4, 5057.4, 5057.4, 5057.4, 1, 1, 0, 1
