Date, Time, Open, High, Low, Last, Volume, OpenInterest
2024/6/7, 00:00:00, 2540.2, 2540.2, 2540.2, 2540.2, 151103, 32978
2024/6/10, 00:00:00, 2541.6, 2541.6, 2541.6, 2541.6, 71945, 32334
2024/6/11, 00:00:00, 2541.2, 2541.2, 2541.2, 2541.2, 73836, 32509
2024/6/12, 00:00:00, 2567.2, 2567.2, 2567.2, 2567.2, 104733, 31917
2024/6/13, 00:00:00, 2527.8, 2527.8, 2527.8, 2527.8, 108249, 32444
2024/6/14, 00:00:00, 2558.9, 2558.9, 2558.9, 2558.9, 89906, 31717
2024/6/17, 00:00:00, 2540.2, 2540.2, 2540.2, 2540.2, 73519, 32161
2024/6/18, 00:00:00, 2558.0, 2558.0, 2558.0, 2558.0, 79222, 31580
2024/6/20, 00:00:00, 2580.8, 2580.8, 2580.8, 2580.8, 141512, 31705
2024/6/21, 00:00:00, 2541.9, 2541.9, 2541.9, 2541.9, 111101, 30947
2024/6/24, 00:00:00, 2556.1, 2556.1, 2556.1, 2556.1, 64248, 30661
2024/6/25, 00:00:00, 2542.6, 2542.6, 2542.6, 2542.6, 79081, 30360
2024/6/26, 00:00:00, 2524.7, 2524.7, 2524.7, 2524.7, 95055, 31773
2024/6/27, 00:00:00, 2546.7, 2546.7, 2546.7, 2546.7, 77425, 29974
2024/6/28, 00:00:00, 2550.1, 2550.1, 2550.1, 2550.1, 75491, 30199
2024/7/1, 00:00:00, 2550.0, 2550.0, 2550.0, 2550.0, 70972, 31146
2024/7/2, 00:00:00, 2544.3, 2544.3, 2544.3, 2544.3, 75308, 30961
2024/7/3, 00:00:00, 2581.6, 2581.6, 2581.6, 2581.6, 83762, 32055
2024/7/5, 00:00:00, 2610.2, 2610.2, 2610.2, 2610.2, 127909, 37161
2024/7/8, 00:00:00, 2576.5, 2576.5, 2576.5, 2576.5, 84784, 38394
2024/7/9, 00:00:00, 2580.8, 2580.8, 2580.8, 2580.8, 82272, 38660
2024/7/10, 00:00:00, 2593.1, 2593.1, 2593.1, 2593.1, 66078, 39411
2024/7/11, 00:00:00, 2635.2, 2635.2, 2635.2, 2635.2, 115074, 41182
2024/7/12, 00:00:00, 2633.0, 2633.0, 2633.0, 2633.0, 89536, 40622
2024/7/15, 00:00:00, 2641.1, 2641.1, 2641.1, 2641.1, 102121, 41989
2024/7/16, 00:00:00, 2681.2, 2681.2, 2681.2, 2681.2, 116350, 43755
2024/7/17, 00:00:00, 2674.6, 2674.6, 2674.6, 2674.6, 143093, 45470
2024/7/18, 00:00:00, 2671.3, 2671.3, 2671.3, 2671.3, 103093, 45656
2024/7/19, 00:00:00, 2612.8, 2612.8, 2612.8, 2612.8, 135111, 44077
2024/7/22, 00:00:00, 2606.2, 2606.2, 2606.2, 2606.2, 99639, 43019
2024/7/23, 00:00:00, 2619.3, 2619.3, 2619.3, 2619.3, 92444, 43847
2024/7/24, 00:00:00, 2627.5, 2627.5, 2627.5, 2627.5, 118065, 42916
2024/7/25, 00:00:00, 2561.3, 2561.3, 2561.3, 2561.3, 186710, 37523
2024/7/26, 00:00:00, 2589.7, 2589.7, 2589.7, 2589.7, 113077, 33978
2024/7/29, 00:00:00, 2587.5, 2587.5, 2587.5, 2587.5, 128627, 37099
2024/7/30, 00:00:00, 2614.7, 2614.7, 2614.7, 2614.7, 104197, 29527
2024/7/31, 00:00:00, 2638.2, 2638.2, 2638.2, 2638.2, 93388, 29743
2024/8/1, 00:00:00, 2642.1, 2642.1, 2642.1, 2642.1, 127020, 30806
2024/8/2, 00:00:00, 2621.7, 2621.7, 2621.7, 2621.7, 201933, 31552
2024/8/5, 00:00:00, 2588.6, 2588.6, 2588.6, 2588.6, 242135, 31392
2024/8/6, 00:00:00, 2577.9, 2577.9, 2577.9, 2577.9, 130706, 32168
2024/8/7, 00:00:00, 2579.3, 2579.3, 2579.3, 2579.3, 96774, 33337
2024/8/8, 00:00:00, 2611.4, 2611.4, 2611.4, 2611.4, 108430, 35521
2024/8/9, 00:00:00, 2622.4, 2622.4, 2622.4, 2622.4, 92686, 36292
2024/8/12, 00:00:00, 2655.9, 2655.9, 2655.9, 2655.9, 99654, 36097
2024/8/13, 00:00:00, 2658.4, 2658.4, 2658.4, 2658.4, 102643, 38056
2024/8/14, 00:00:00, 2629.5, 2629.5, 2629.5, 2629.5, 119521, 37629
2024/8/15, 00:00:00, 2644.8, 2644.8, 2644.8, 2644.8, 126263, 39641
2024/8/16, 00:00:00, 2692.5, 2692.5, 2692.5, 2692.5, 163410, 41554
2024/8/19, 00:00:00, 2696.4, 2696.4, 2696.4, 2696.4, 110466, 42017
2024/8/20, 00:00:00, 2707.5, 2707.5, 2707.5, 2707.5, 118828, 44178
2024/8/21, 00:00:00, 2703.4, 2703.4, 2703.4, 2703.4, 117914, 44372
2024/8/22, 00:00:00, 2672.4, 2672.4, 2672.4, 2672.4, 127017, 45139
2024/8/23, 00:00:00, 2701.7, 2701.7, 2701.7, 2701.7, 114500, 43037
2024/8/26, 00:00:00, 2710.6, 2710.6, 2710.6, 2710.6, 90798, 43918
2024/8/27, 00:00:00, 2708.0, 2708.0, 2708.0, 2708.0, 97608, 43309
2024/8/28, 00:00:00, 2693.0, 2693.0, 2693.0, 2693.0, 111926, 43281
2024/8/29, 00:00:00, 2714.8, 2714.8, 2714.8, 2714.8, 108146, 44655
2024/8/30, 00:00:00, 2681.8, 2681.8, 2681.8, 2681.8, 113772, 45586
2024/9/3, 00:00:00, 2676.7, 2676.7, 2676.7, 2676.7, 161388, 44594
2024/9/4, 00:00:00, 2677.3, 2677.3, 2677.3, 2677.3, 91185, 44929
2024/9/5, 00:00:00, 2693.4, 2695.4, 2693.4, 2693.4, 96720, 45292
2024/9/6, 00:00:00, 2671.2, 2698.9, 2671.2, 2671.2, 143413, 44429
2024/9/9, 00:00:00, 2677.9, 2677.9, 2677.9, 2677.9, 75122, 44180
2024/9/10, 00:00:00, 2687.5, 2687.5, 2687.5, 2687.5, 76686, 44724
2024/9/11, 00:00:00, 2687.2, 2687.2, 2687.2, 2687.2, 99876, 45121
2024/9/12, 00:00:00, 2726.9, 2726.9, 2726.9, 2726.9, 135309, 48289
2024/9/13, 00:00:00, 2756.0, 2756.0, 2756.0, 2756.0, 110480, 47553
2024/9/16, 00:00:00, 2752.4, 2752.4, 2752.4, 2752.4, 71936, 48339
2024/9/17, 00:00:00, 2744.6, 2744.6, 2736.6, 2736.6, 96724, 47777
2024/9/18, 00:00:00, 2743.6, 2758.5, 2730.5, 2743.6, 148671, 46951
2024/9/19, 00:00:00, 2759.3, 2759.3, 2732.9, 2759.3, 125004, 48519
2024/9/20, 00:00:00, 2792.5, 2792.5, 2792.5, 2792.5, 124553, 48382
2024/9/23, 00:00:00, 2798.8, 2798.8, 2798.8, 2798.8, 86533, 49792
2024/9/24, 00:00:00, 2825.7, 2827.0, 2825.7, 2825.7, 121411, 49943
2024/9/25, 00:00:00, 2833.5, 2833.5, 2833.5, 2833.5, 107307, 50140
2024/9/26, 00:00:00, 2845.4, 2847.7, 2845.4, 2845.4, 123105, 52151
2024/9/27, 00:00:00, 2817.1, 2817.1, 2817.1, 2817.1, 112835, 46120
2024/9/30, 00:00:00, 2810.2, 2821.8, 2800.0, 2810.2, 101474, 47268
2024/10/1, 00:00:00, 2842.5, 2842.5, 2806.9, 2842.5, 121744, 47225
2024/10/2, 00:00:00, 2825.5, 2825.5, 2821.2, 2825.4, 88419, 44107
2024/10/3, 00:00:00, 2835.2, 2835.2, 2822.4, 2835.2, 94908, 44662
2024/10/4, 00:00:00, 2819.8, 2841.3, 2819.8, 2831.2, 122586, 44078
2024/10/7, 00:00:00, 2832.5, 2833.7, 2832.5, 2832.5, 87912, 44868
2024/10/8, 00:00:00, 2800.3, 2800.3, 2800.3, 2800.3, 139566, 45558
2024/10/9, 00:00:00, 2791.9, 2791.9, 2791.9, 2791.9, 82830, 45955
2024/10/10, 00:00:00, 2807.2, 2807.2, 2807.2, 2807.2, 102325, 46778
2024/10/11, 00:00:00, 2843.8, 2843.8, 2843.8, 2843.8, 99314, 45727
2024/10/14, 00:00:00, 2834.3, 2834.3, 2834.3, 2834.3, 81029, 46921
2024/10/15, 00:00:00, 2847.1, 2847.1, 2847.1, 2847.1, 92559, 46591
2024/10/16, 00:00:00, 2860.3, 2863.6, 2860.3, 2860.3, 90761, 46765
2024/10/17, 00:00:00, 2876.8, 2876.8, 2876.8, 2876.8, 118218, 48660
2024/10/18, 00:00:00, 2901.0, 2901.7, 2901.0, 2901.0, 116885, 48297
2024/10/21, 00:00:00, 2911.8, 2911.8, 2911.8, 2911.8, 132495, 49077
2024/10/22, 00:00:00, 2934.3, 2934.3, 2934.3, 2934.3, 107231, 50336
2024/10/23, 00:00:00, 2905.4, 2941.1, 2905.4, 2905.4, 147342, 51638
2024/10/24, 00:00:00, 2924.7, 2924.7, 2924.7, 2924.7, 115350, 50747
2024/10/25, 00:00:00, 2930.3, 2930.3, 2930.3, 2930.3, 103424, 49111
2024/10/28, 00:00:00, 2933.9, 2933.9, 2933.9, 2933.9, 99360, 50013
2024/10/29, 00:00:00, 2958.8, 2958.8, 2958.8, 2958.8, 127466, 50724
2024/10/30, 00:00:00, 2982.0, 2982.0, 2982.0, 2982.0, 128416, 51617
2024/10/31, 00:00:00, 2930.6, 2930.6, 2930.6, 2930.6, 140279, 54231
2024/11/1, 00:00:00, 2929.5, 2940.1, 2929.5, 2929.5, 108204, 53814
2024/11/4, 00:00:00, 2927.4, 2927.4, 2927.4, 2927.4, 86573, 53682
2024/11/5, 00:00:00, 2933.9, 2933.9, 2933.9, 2933.9, 86690, 53088
2024/11/6, 00:00:00, 2859.4, 2859.4, 2854.5, 2859.4, 217697, 54411
2024/11/7, 00:00:00, 2889.3, 2889.3, 2847.7, 2889.3, 142319, 54045
2024/11/8, 00:00:00, 2878.1, 2878.1, 2878.1, 2878.1, 117641, 53869
2024/11/11, 00:00:00, 2799.0, 2799.0, 2799.0, 2799.0, 141552, 55906
2024/11/12, 00:00:00, 2787.5, 2787.5, 2784.7, 2787.5, 142763, 56238
2024/11/13, 00:00:00, 2765.1, 2788.3, 2765.1, 2765.1, 141112, 55989
2024/11/14, 00:00:00, 2750.7, 2750.7, 2739.3, 2750.7, 167085, 54537
2024/11/15, 00:00:00, 2747.9, 2747.9, 2747.9, 2747.9, 117678, 53978
2024/11/18, 00:00:00, 2794.7, 2794.7, 2794.7, 2794.7, 121942, 53359
2024/11/19, 00:00:00, 2810.9, 2810.9, 2810.9, 2810.9, 130676, 54084
2024/11/20, 00:00:00, 2833.7, 2833.7, 2833.7, 2833.7, 116499, 50975
2024/11/21, 00:00:00, 2858.3, 2858.3, 2858.3, 2858.3, 123301, 52435
2024/11/22, 00:00:00, 2899.5, 2899.5, 2899.5, 2899.5, 178663, 51364
2024/11/25, 00:00:00, 2801.7, 2801.7, 2801.7, 2801.7, 263884, 51287
2024/11/26, 00:00:00, 2805.4, 2808.8, 2805.4, 2805.4, 167001, 48387
2024/11/27, 00:00:00, 2821.2, 2828.3, 2821.2, 2821.2, 125852, 26537
2024/11/29, 00:00:00, 2838.4, 2838.4, 2838.4, 2838.4, 144598, 27614
2024/12/2, 00:00:00, 2816.1, 2816.1, 2816.1, 2816.1, 138893, 28329
2024/12/3, 00:00:00, 2824.3, 2824.3, 2824.3, 2824.3, 107467, 28567
2024/12/4, 00:00:00, 2831.4, 2831.4, 2831.4, 2831.4, 108043, 29060
2024/12/5, 00:00:00, 2800.0, 2802.5, 2800.0, 2802.5, 110569, 31558
2024/12/6, 00:00:00, 2813.3, 2813.3, 2813.3, 2813.3, 122246, 28128
2024/12/9, 00:00:00, 2843.9, 2847.1, 2843.9, 2843.9, 131876, 28491
2024/12/10, 00:00:00, 2876.4, 2876.4, 2876.4, 2876.4, 120619, 28606
2024/12/11, 00:00:00, 2912.0, 2912.0, 2912.0, 2912.0, 175803, 30794
2024/12/12, 00:00:00, 2868.7, 2868.7, 2868.7, 2868.7, 168307, 34018
2024/12/13, 00:00:00, 2836.2, 2836.2, 2836.2, 2836.2, 141090, 34700
2024/12/16, 00:00:00, 2830.8, 2830.8, 2830.8, 2830.8, 84661, 35344
2024/12/17, 00:00:00, 2823.9, 2823.9, 2823.9, 2823.9, 111847, 34592
2024/12/18, 00:00:00, 2800.0, 2817.9, 2800.0, 2817.9, 110771, 35733
2024/12/19, 00:00:00, 2776.2, 2776.2, 2776.2, 2776.2, 133593, 36512
2024/12/20, 00:00:00, 2812.2, 2812.2, 2812.2, 2812.2, 113323, 34759
2024/12/23, 00:00:00, 2796.8, 2796.8, 2796.8, 2796.8, 77292, 35775
2024/12/24, 00:00:00, 2806.8, 2806.8, 2806.8, 2806.8, 45961, 33447
2024/12/26, 00:00:00, 2828.0, 2828.0, 2828.0, 2828.0, 62039, 33214
2024/12/27, 00:00:00, 2808.6, 2808.6, 2808.6, 2808.6, 74027, 31855
2024/12/30, 00:00:00, 2799.6, 2799.6, 2799.6, 2799.6, 83729, 32530
2024/12/31, 00:00:00, 2829.1, 2829.1, 2829.1, 2829.1, 66871, 32076
2025/1/2, 00:00:00, 2851.9, 2851.9, 2851.9, 2851.9, 89445, 33045
2025/1/3, 00:00:00, 2833.5, 2833.5, 2833.5, 2833.5, 83934, 32541
2025/1/6, 00:00:00, 2824.8, 2824.8, 2824.8, 2824.8, 119843, 33541
2025/1/7, 00:00:00, 2844.0, 2844.0, 2844.0, 2844.0, 104617, 32982
2025/1/8, 00:00:00, 2853.2, 2853.2, 2853.2, 2853.2, 105546, 32891
2025/1/9, 00:00:00, 2871.6, 2871.6, 2871.6, 2871.6, 86123, 34561
2025/1/10, 00:00:00, 2896.6, 2897.2, 2896.6, 2896.6, 166951, 32676
2025/1/13, 00:00:00, 2857.2, 2857.2, 2857.2, 2857.2, 141788, 32385
2025/1/14, 00:00:00, 2863.9, 2863.9, 2863.9, 2863.9, 94793, 33485
2025/1/15, 00:00:00, 2899.7, 2899.7, 2899.7, 2899.7, 120230, 33206
2025/1/16, 00:00:00, 2934.9, 2934.9, 2934.9, 2934.9, 120405, 34269
2025/1/17, 00:00:00, 2933.7, 2933.7, 2933.7, 2933.7, 107315, 34387
2025/1/21, 00:00:00, 2945.9, 2945.9, 2945.9, 2945.9, 234024, 37335
2025/1/22, 00:00:00, 2958.3, 2958.3, 2958.3, 2958.3, 112299, 38430
2025/1/23, 00:00:00, 2952.8, 2952.8, 2952.8, 2952.8, 122335, 38193
2025/1/24, 00:00:00, 2968.6, 2968.6, 2968.6, 2968.6, 141727, 38086
2025/1/27, 00:00:00, 2929.2, 2929.2, 2929.2, 2929.2, 146334, 37277
2025/1/28, 00:00:00, 2963.1, 2963.1, 2963.1, 2963.1, 96300, 37889
2025/1/29, 00:00:00, 2956.8, 2956.8, 2956.8, 2956.8, 96792, 36643
2025/1/30, 00:00:00, 3008.2, 3008.2, 3008.2, 3008.2, 126712, 30633
2025/1/31, 00:00:00, 2996.3, 3015.7, 2996.3, 2996.3, 124637, 28377
2025/2/3, 00:00:00, 3015.7, 3025.3, 3015.7, 3015.7, 151275, 29324
2025/2/4, 00:00:00, 3036.4, 3036.4, 3036.4, 3036.4, 109220, 30411
2025/2/5, 00:00:00, 3066.0, 3066.0, 3054.8, 3054.8, 130490, 32141
2025/2/6, 00:00:00, 3042.1, 3042.1, 3042.1, 3042.1, 125021, 31124
2025/2/7, 00:00:00, 3060.7, 3060.7, 3058.0, 3058.0, 132134, 31007
2025/2/10, 00:00:00, 3108.0, 3108.0, 3094.0, 3107.8, 120388, 35876
2025/2/11, 00:00:00, 3115.0, 3128.4, 3108.9, 3111.1, 178991, 32134
2025/2/12, 00:00:00, 3108.0, 3108.0, 3108.0, 3108.0, 155583, 31488
2025/2/13, 00:00:00, 3122.9, 3122.9, 3122.9, 3122.9, 120959, 33702
2025/2/14, 00:00:00, 3075.1, 3125.7, 3075.1, 3075.1, 172423, 32782
2025/2/18, 00:00:00, 3123.5, 3123.5, 3123.5, 3123.5, 201934, 33569
2025/2/19, 00:00:00, 3106.2, 3128.3, 3106.2, 3106.2, 139372, 33700
2025/2/20, 00:00:00, 3126.6, 3137.4, 3126.6, 3126.6, 158509, 35501
2025/2/21, 00:00:00, 3122.1, 3128.1, 3122.1, 3122.1, 149601, 35156
2025/2/24, 00:00:00, 3134.1, 3138.1, 3134.1, 3134.1, 135768, 36258
2025/2/25, 00:00:00, 3089.1, 3135.2, 3089.1, 3089.1, 167518, 34485
2025/2/26, 00:00:00, 3101.4, 3103.8, 3101.4, 3101.4, 123307, 32673
2025/2/27, 00:00:00, 3066.4, 3066.4, 3066.4, 3066.4, 166802, 32392
2025/2/28, 00:00:00, 3044.4, 3044.4, 3017.5, 3017.5, 148662, 30808
2025/3/3, 00:00:00, 3071.6, 3071.6, 3071.6, 3071.6, 136887, 31034
2025/3/4, 00:00:00, 3088.8, 3102.4, 3088.8, 3090.6, 130509, 31386
2025/3/5, 00:00:00, 3095.4, 3105.0, 3095.4, 3095.4, 136859, 32334
2025/3/6, 00:00:00, 3096.1, 3098.9, 3096.1, 3096.1, 122149, 33297
2025/3/7, 00:00:00, 3081.8, 3101.1, 3081.8, 3081.8, 122169, 33172
2025/3/10, 00:00:00, 3065.3, 3088.7, 3065.3, 3065.3, 133711, 33205
2025/3/11, 00:00:00, 3087.7, 3087.7, 3087.7, 3087.7, 107486, 31965
2025/3/12, 00:00:00, 3112.6, 3112.6, 3112.6, 3112.6, 118681, 32478
2025/3/13, 00:00:00, 3158.1, 3158.1, 3158.1, 3158.1, 162505, 33198
2025/3/14, 00:00:00, 3172.0, 3172.0, 3167.4, 3167.4, 138494, 32623
2025/3/17, 00:00:00, 3172.5, 3172.5, 3172.5, 3172.5, 103132, 33883
2025/3/18, 00:00:00, 3210.5, 3210.5, 3210.5, 3210.5, 151803, 35957
2025/3/19, 00:00:00, 3211.3, 3211.3, 3211.3, 3211.3, 133050, 37702
2025/3/20, 00:00:00, 3212.7, 3212.7, 3212.7, 3212.7, 130852, 37349
2025/3/21, 00:00:00, 3211.4, 3211.4, 3175.0, 3185.8, 154045, 36998
2025/3/24, 00:00:00, 3180.4, 3180.4, 3180.4, 3180.4, 129309, 38130
2025/3/25, 00:00:00, 3191.5, 3191.5, 3191.5, 3191.5, 125224, 38212
2025/3/26, 00:00:00, 3187.9, 3187.9, 3187.9, 3187.9, 121944, 37674
2025/3/27, 00:00:00, 3228.2, 3228.2, 3227.2, 3227.2, 152360, 38606
2025/3/28, 00:00:00, 3243.4, 3251.1, 3238.0, 3251.1, 174439, 34612
2025/3/31, 00:00:00, 3291.1, 3291.1, 3287.0, 3288.4, 188658, 38029
2025/4/1, 00:00:00, 3290.0, 3290.0, 3283.9, 3283.9, 181323, 38070
2025/4/2, 00:00:00, 3306.0, 3306.0, 3306.0, 3306.0, 198881, 40606
2025/4/3, 00:00:00, 3316.3, 3316.3, 3250.2, 3259.9, 322840, 37395
2025/4/4, 00:00:00, 3168.2, 3168.2, 3168.2, 3168.2, 241431, 36186
2025/4/7, 00:00:00, 3152.9, 3198.7, 3106.0, 3106.0, 295523, 36701
2025/4/8, 00:00:00, 3125.4, 3125.4, 3125.4, 3125.4, 176911, 37869
2025/4/9, 00:00:00, 3187.0, 3222.1, 3187.0, 3222.1, 271494, 33321
2025/4/10, 00:00:00, 3266.0, 3336.0, 3266.0, 3322.8, 223840, 37058
2025/4/11, 00:00:00, 3353.7, 3406.1, 3353.5, 3397.1, 289994, 38485
2025/4/14, 00:00:00, 3385.0, 3392.8, 3367.0, 3376.1, 193693, 38449
2025/4/15, 00:00:00, 3390.8, 3390.8, 3390.8, 3390.8, 120388, 38924
2025/4/16, 00:00:00, 3501.4, 3501.4, 3501.4, 3501.4, 279649, 45744
2025/4/17, 00:00:00, 3482.8, 3482.8, 3482.8, 3482.8, 260120, 43036
2025/4/21, 00:00:00, 3496.6, 3581.9, 3496.6, 3581.9, 298878, 48159
2025/4/22, 00:00:00, 3606.6, 3610.0, 3567.2, 3577.1, 563112, 46167
2025/4/23, 00:00:00, 3499.9, 3499.9, 3427.2, 3449.6, 477239, 42671
2025/4/24, 00:00:00, 3506.2, 3506.2, 3506.2, 3506.2, 359006, 43213
2025/4/25, 00:00:00, 3458.3, 3458.3, 3454.4, 3454.4, 362777, 44387
2025/4/28, 00:00:00, 3480.0, 3504.3, 3480.0, 3504.3, 341909, 45002
2025/4/29, 00:00:00, 3489.5, 3489.5, 3483.0, 3489.5, 271829, 43846
2025/4/30, 00:00:00, 3450.0, 3472.5, 3438.0, 3472.5, 287957, 43199
2025/5/1, 00:00:00, 3414.1, 3414.1, 3370.2, 3373.5, 345921, 43264
2025/5/2, 00:00:00, 3390.6, 3395.6, 3383.5, 3395.6, 298650, 42767
2025/5/5, 00:00:00, 3478.0, 3478.0, 3478.0, 3478.0, 278226, 44464
2025/5/6, 00:00:00, 3498.7, 3581.5, 3498.7, 3581.5, 360473, 46294
2025/5/7, 00:00:00, 3545.0, 3551.6, 3545.0, 3551.6, 381302, 44792
2025/5/8, 00:00:00, 3500.0, 3500.0, 3463.5, 3463.5, 449266, 46174
2025/5/9, 00:00:00, 3470.0, 3501.5, 3470.0, 3501.5, 346461, 43801
2025/5/12, 00:00:00, 3389.4, 3394.7, 3370.0, 3384.6, 396160, 42587
2025/5/13, 00:00:00, 3394.6, 3406.0, 3394.6, 3406.0, 272393, 42731
2025/5/14, 00:00:00, 3340.2, 3343.9, 3340.0, 3343.9, 341096, 45356
2025/5/15, 00:00:00, 3338.7, 3380.9, 3310.0, 3380.9, 395732, 45430
2025/5/16, 00:00:00, 3340.2, 3340.2, 3340.2, 3340.2, 406477, 45238
2025/5/19, 00:00:00, 3389.0, 3389.0, 3389.0, 3389.0, 366185, 47825
2025/5/20, 00:00:00, 3439.2, 3439.2, 3439.2, 3439.2, 320417, 48985
2025/5/21, 00:00:00, 3471.0, 3471.0, 3471.0, 3471.0, 343422, 49316
2025/5/22, 00:00:00, 3460.0, 3460.0, 3452.7, 3452.7, 338372, 48826
2025/5/23, 00:00:00, 3525.7, 3525.7, 3525.7, 3525.7, 366717, 49220
2025/5/27, 00:00:00, 3500.0, 3500.0, 3447.0, 3461.3, 458213, 49049
2025/5/28, 00:00:00, 3459.0, 3459.0, 3453.9, 3453.9, 265802, 38189
2025/5/29, 00:00:00, 3475.0, 3476.0, 3472.2, 3472.2, 296462, 36691
2025/5/30, 00:00:00, 3453.4, 3453.4, 3443.3, 3443.3, 250999, 35446
2025/6/2, 00:00:00, 3463.0, 3527.9, 3463.0, 3527.9, 249947, 39889
2025/6/3, 00:00:00, 3530.0, 3530.0, 3509.7, 3509.7, 241317, 39082
2025/6/4, 00:00:00, 3499.5, 3531.1, 3499.5, 3531.1, 245309, 39801
2025/6/5, 00:00:00, 3506.2, 3506.2, 3506.2, 3506.2, 322931, 42904
2025/6/6, 00:00:00, 3477.9, 3477.9, 3477.9, 3477.9, 262247, 44528
2025/6/9, 00:00:00, 3485.8, 3485.8, 3485.8, 3485.8, 212816, 44414
2025/6/10, 00:00:00, 3470.0, 3474.3, 3470.0, 3474.3, 241885, 43741
2025/6/11, 00:00:00, 3485.0, 3485.0, 3473.8, 3473.8, 271339, 40899
2025/6/12, 00:00:00, 3525.0, 3531.6, 3525.0, 3531.6, 304564, 40358
2025/6/13, 00:00:00, 3586.0, 3586.0, 3583.6, 3583.6, 345688, 40769
2025/6/16, 00:00:00, 3583.0, 3587.0, 3547.8, 3547.8, 280768, 44643
2025/6/17, 00:00:00, 3526.0, 3540.0, 3523.0, 3539.1, 273901, 44993
2025/6/18, 00:00:00, 3536.5, 3539.0, 3536.5, 3539.0, 228559, 45579
2025/6/20, 00:00:00, 3516.7, 3516.7, 3516.7, 3516.7, 374009, 46995
2025/6/23, 00:00:00, 3517.0, 3537.0, 3508.8, 3525.3, 244532, 45514
2025/6/24, 00:00:00, 3468.8, 3471.0, 3455.0, 3464.1, 252659, 46420
2025/6/25, 00:00:00, 3473.5, 3473.5, 3473.5, 3473.5, 145812, 45876
2025/6/26, 00:00:00, 3465.0, 3477.9, 3465.0, 3477.9, 198589, 45631
2025/6/27, 00:00:00, 3437.3, 3437.3, 3411.0, 3416.1, 260986, 45882
2025/6/30, 00:00:00, 3411.7, 3436.3, 3400.0, 3436.3, 206318, 45014
2025/7/1, 00:00:00, 3455.0, 3487.0, 3455.0, 3479.0, 195156, 45300
2025/7/2, 00:00:00, 3489.9, 3489.9, 3489.9, 3489.9, 166883, 45696
2025/7/3, 00:00:00, 3493.1, 3493.1, 3474.1, 3474.1, 197315, 44875
2025/7/7, 00:00:00, 3467.6, 3474.2, 3452.4, 3474.2, 303940, 46000
2025/7/8, 00:00:00, 3485.0, 3485.0, 3441.3, 3449.0, 215496, 48319
2025/7/9, 00:00:00, 3448.8, 3451.8, 3425.0, 3451.8, 186351, 48143
2025/7/10, 00:00:00, 3458.3, 3465.6, 3456.7, 3456.7, 166265, 50234
2025/7/11, 00:00:00, 3502.8, 3502.8, 3494.3, 3494.3, 213598, 49454
2025/7/14, 00:00:00, 3506.0, 3515.0, 3491.2, 3491.2, 197665, 51016
2025/7/15, 00:00:00, 3490.7, 3490.7, 3468.6, 3468.6, 197846, 52631
2025/7/16, 00:00:00, 3463.4, 3512.5, 3463.4, 3490.1, 263070, 50426
2025/7/17, 00:00:00, 3497.4, 3497.4, 3448.7, 3476.6, 177120, 51181
2025/7/18, 00:00:00, 3479.8, 3492.4, 3479.0, 3489.6, 141567, 50937
2025/7/21, 00:00:00, 3511.0, 3549.0, 3511.0, 3539.9, 177993, 51738
2025/7/22, 00:00:00, 3545.1, 3580.0, 3538.8, 3579.9, 203771, 52999
2025/7/23, 00:00:00, 3552.0, 3556.9, 3531.1, 3531.1, 246550, 53176
2025/7/24, 00:00:00, 3532.5, 3532.5, 3489.0, 3507.9, 208709, 54468
2025/7/25, 00:00:00, 3489.2, 3489.2, 3467.3, 3467.3, 204799, 55802
2025/7/28, 00:00:00, 3453.4, 3463.6, 3440.4, 3441.8, 207677, 55337
2025/7/29, 00:00:00, 3451.5, 3464.1, 3440.6, 3456.4, 200397, 53658
2025/7/30, 00:00:00, 3462.3, 3462.3, 3402.0, 3427.5, 232802, 45323
2025/7/31, 00:00:00, 3421.0, 3425.6, 3421.0, 3424.2, 169729, 43317
2025/8/1, 00:00:00, 3416.9, 3482.0, 3416.9, 3473.2, 218475, 43935
2025/8/4, 00:00:00, 3493.1, 3510.0, 3471.7, 3500.0, 168413, 44642
2025/8/5, 00:00:00, 3507.4, 3512.8, 3487.6, 3508.9, 175692, 45256
2025/8/6, 00:00:00, 3487.4, 3509.1, 3487.4, 3507.3, 163932, 45392
2025/8/7, 00:00:00, 3523.0, 3547.3, 3514.2, 3524.9, 240076, 48043
2025/8/8, 00:00:00, 3572.8, 3600.0, 3517.8, 3560.1, 337522, 47800
2025/8/11, 00:00:00, 3534.9, 3535.8, 3470.0, 3481.6, 263897, 44361
2025/8/12, 00:00:00, 3477.6, 3484.0, 3455.2, 3475.0, 236605, 44830
2025/8/13, 00:00:00, 3480.1, 3497.7, 3470.0, 3484.6, 179623, 46985
2025/8/14, 00:00:00, 3484.6, 3498.0, 3458.0, 3458.7, 227562, 48934
2025/8/15, 00:00:00, 3456.5, 3468.8, 3453.5, 3456.8, 139988, 47860
2025/8/18, 00:00:00, 3456.5, 3471.0, 3450.0, 3452.5, 161175, 51416
2025/8/19, 00:00:00, 3457.0, 3457.0, 3432.4, 3432.4, 161301, 51255
2025/8/20, 00:00:00, 3430.0, 3465.6, 3430.0, 3463.2, 151712, 47677
2025/8/21, 00:00:00, 3461.0, 3463.0, 3446.6, 3456.3, 148306, 49098
2025/8/22, 00:00:00, 3450.0, 3495.8, 3440.0, 3493.0, 196851, 47613
2025/8/25, 00:00:00, 3488.9, 3494.0, 3480.0, 3492.4, 109048, 47926
2025/8/26, 00:00:00, 3475.2, 3516.9, 3471.6, 3509.1, 198644, 49276
2025/8/27, 00:00:00, 3516.9, 3527.0, 3500.0, 3526.4, 157452, 45829
2025/8/28, 00:00:00, 3528.9, 3553.3, 3523.0, 3550.9, 164287, 49314
2025/8/29, 00:00:00, 3555.0, 3594.5, 3543.7, 3594.1, 193497, 54317
2025/9/2, 00:00:00, 3589.9, 3678.4, 3584.5, 3670.6, 461515, 61871
2025/9/3, 00:00:00, 3673.6, 3718.5, 3673.1, 3714.8, 291187, 61812
2025/9/4, 00:00:00, 3692.6, 3696.0, 3652.1, 3685.9, 294415, 58764
2025/9/5, 00:00:00, 3678.4, 3733.9, 3678.4, 3732.2, 289748, 59632
2025/9/8, 00:00:00, 3709.5, 3761.5, 3700.0, 3755.5, 280693, 59904
2025/9/9, 00:00:00, 3749.9, 3792.7, 3744.6, 3760.3, 375768, 57444
2025/9/10, 00:00:00, 3736.8, 3775.6, 3736.8, 3760.4, 267368, 56660
2025/9/11, 00:00:00, 3760.6, 3764.5, 3730.0, 3751.4, 277148, 55486
2025/9/12, 00:00:00, 3747.8, 3772.9, 3747.8, 3765.2, 198416, 54830
2025/9/15, 00:00:00, 3755.0, 3802.0, 3741.7, 3797.8, 258727, 57772
2025/9/16, 00:00:00, 3796.5, 3817.6, 3792.6, 3804.4, 250182, 55899
2025/9/17, 00:00:00, 3809.5, 3821.2, 3760.0, 3797.5, 354267, 54966
2025/9/18, 00:00:00, 3782.6, 3786.0, 3745.0, 3757.3, 298440, 54760
2025/9/19, 00:00:00, 3747.3, 3798.0, 3745.0, 3785.6, 251839, 57069
2025/9/22, 00:00:00, 3803.0, 3862.6, 3802.8, 3856.1, 277180, 61138
2025/9/23, 00:00:00, 3858.1, 3906.0, 3855.0, 3898.2, 368369, 59196
2025/9/24, 00:00:00, 3880.0, 3892.5, 3832.2, 3850.6, 291482, 57058
2025/9/25, 00:00:00, 3848.0, 3875.8, 3837.8, 3855.5, 339462, 57034
2025/9/26, 00:00:00, 3860.0, 3897.5, 3855.0, 3893.5, 281698, 55750
2025/9/29, 00:00:00, 3879.2, 3950.2, 3879.2, 3941.9, 378442, 54790
2025/9/30, 00:00:00, 3944.9, 3984.3, 3911.2, 3959.5, 483107, 55129
2025/10/1, 00:00:00, 3971.3, 4009.6, 3968.3, 3984.5, 408780, 57256
2025/10/2, 00:00:00, 3973.9, 4006.2, 3931.0, 3953.9, 454135, 58408
2025/10/3, 00:00:00, 3968.8, 4001.8, 3947.6, 3995.1, 361058, 55643
2025/10/6, 00:00:00, 3997.2, 4082.7, 3996.8, 4065.7, 472668, 58711
2025/10/7, 00:00:00, 4084.0, 4106.0, 4052.9, 4096.1, 490865, 55692
2025/10/8, 00:00:00, 4104.8, 4173.9, 4098.8, 4164.0, 571170, 60752
2025/10/9, 00:00:00, 4148.0, 4169.4, 4049.8, 4063.2, 741822, 60645
2025/10/10, 00:00:00, 4080.8, 4127.8, 4055.7, 4090.9, 647963, 59967
2025/10/13, 00:00:00, 4125.6, 4226.2, 4125.6, 4225.9, 467560, 62472
2025/10/14, 00:00:00, 4220.4, 4285.6, 4198.8, 4256.1, 716842, 62468
2025/10/15, 00:00:00, 4254.5, 4329.0, 4254.5, 4295.4, 606936, 61831
2025/10/16, 00:00:00, 4318.4, 4435.2, 4310.2, 4399.9, 746939, 62719
2025/10/17, 00:00:00, 4452.3, 4484.0, 4292.2, 4306.1, 1267436, 61266
2025/10/20, 00:00:00, 4368.0, 4493.7, 4329.6, 4455.8, 746343, 62433
2025/10/21, 00:00:00, 4468.3, 4485.9, 4184.3, 4200.1, 1184203, 65693
2025/10/22, 00:00:00, 4220.0, 4266.0, 4113.3, 4157.1, 1180315, 64530
2025/10/23, 00:00:00, 4194.8, 4260.0, 4175.0, 4238.8, 683316, 66494
2025/10/24, 00:00:00, 4230.5, 4246.7, 4155.1, 4230.9, 755616, 67297
2025/10/27, 00:00:00, 4170.5, 4213.4, 4077.2, 4110.0, 813085, 72347
2025/10/28, 00:00:00, 4092.0, 4122.5, 3993.1, 4072.1, 791351, 74509
2025/10/29, 00:00:00, 4045.0, 4130.1, 4033.3, 4091.7, 749865, 73640
2025/10/30, 00:00:00, 4024.2, 4133.3, 4020.0, 4109.0, 704957, 73834
2025/10/31, 00:00:00, 4150.0, 4152.0, 4075.0, 4088.8, 620633, 73447
2025/11/3, 00:00:00, 4094.7, 4131.6, 4068.3, 4107.6, 524816, 75194
2025/11/4, 00:00:00, 4086.0, 4104.2, 4029.0, 4052.2, 530324, 76611
2025/11/5, 00:00:00, 4036.2, 4091.6, 4034.0, 4085.9, 395431, 77668
2025/11/6, 00:00:00, 4071.6, 4121.0, 4065.8, 4083.5, 409016, 77262
2025/11/7, 00:00:00, 4088.0, 4126.2, 4083.2, 4102.3, 377915, 77307
2025/11/10, 00:00:00, 4106.2, 4218.0, 4106.2, 4216.5, 475186, 80918
2025/11/11, 00:00:00, 4221.4, 4248.1, 4199.0, 4210.7, 427764, 81252
2025/11/12, 00:00:00, 4231.6, 4313.9, 4201.0, 4309.4, 540226, 83998
2025/11/13, 00:00:00, 4298.0, 4345.8, 4247.1, 4292.6, 606767, 84204
2025/11/14, 00:00:00, 4279.5, 4310.0, 4138.7, 4189.1, 686786, 82921
2025/11/17, 00:00:00, 4172.1, 4200.5, 4105.8, 4169.7, 505924, 84884
2025/11/18, 00:00:00, 4143.0, 4177.4, 4092.3, 4161.2, 480543, 84281
2025/11/19, 00:00:00, 4164.5, 4230.0, 4151.0, 4178.4, 471660, 83396
2025/11/20, 00:00:00, 4184.0, 4203.8, 4138.5, 4154.8, 554689, 84352
2025/11/21, 00:00:00, 4179.1, 4194.6, 4114.0, 4173.6, 481600, 82848
2025/11/24, 00:00:00, 4159.7, 4231.5, 4130.0, 4188.5, 394699, 84047
2025/11/25, 00:00:00, 4229.1, 4250.5, 4203.0, 4235.9, 505269, 44734
2025/11/26, 00:00:00, 4226.0, 4267.3, 4226.0, 4261.9, 371460, 43532
2025/11/28, 00:00:00, 4242.2, 4322.5, 4234.5, 4314.9, 300593, 48100
2025/12/1, 00:00:00, 4323.8, 4360.5, 4304.2, 4336.8, 453940, 49452
2025/12/2, 00:00:00, 4329.5, 4329.5, 4255.2, 4282.6, 422315, 51164
2025/12/3, 00:00:00, 4313.7, 4334.1, 4287.9, 4294.3, 358326, 50601
2025/12/4, 00:00:00, 4299.2, 4311.0, 4266.3, 4304.1, 323773, 51951
2025/12/5, 00:00:00, 4300.2, 4351.0, 4283.7, 4305.0, 354646, 52088
2025/12/8, 00:00:00, 4288.0, 4309.5, 4266.3, 4280.0, 301838, 54632
2025/12/9, 00:00:00, 4282.3, 4312.5, 4261.2, 4299.4, 309845, 54042
2025/12/10, 00:00:00, 4302.0, 4331.8, 4272.0, 4287.5, 315638, 53045
2025/12/11, 00:00:00, 4320.1, 4380.0, 4295.0, 4376.5, 395336, 55902
2025/12/12, 00:00:00, 4374.5, 4452.0, 4351.0, 4392.3, 506917, 54979
2025/12/15, 00:00:00, 4400.4, 4447.6, 4382.8, 4399.4, 339930, 56848
2025/12/16, 00:00:00, 4400.0, 4431.1, 4361.2, 4395.9, 336162, 57894
2025/12/17, 00:00:00, 4396.4, 4446.0, 4395.2, 4437.3, 363639, 60094
2025/12/18, 00:00:00, 4434.1, 4472.1, 4401.0, 4427.6, 358029, 59227
2025/12/19, 00:00:00, 4430.0, 4452.0, 4399.9, 4450.6, 278749, 60644
2025/12/22, 00:00:00, 4433.0, 4548.6, 4431.5, 4534.0, 358740, 66269
2025/12/23, 00:00:00, 4550.0, 4595.9, 4523.0, 4570.6, 452547, 65212
2025/12/24, 00:00:00, 4583.3, 4620.6, 4540.0, 4567.8, 350279, 70683
2025/12/26, 00:00:00, 4592.0, 4649.7, 4585.0, 4618.8, 432994, 70153
2025/12/29, 00:00:00, 4642.6, 4645.4, 4385.2, 4407.8, 680267, 70725
2025/12/30, 00:00:00, 4419.8, 4485.4, 4406.0, 4451.9, 406817, 70021
2025/12/31, 00:00:00, 4421.8, 4449.4, 4348.7, 4406.9, 460312, 67633
2026/1/2, 00:00:00, 4406.9, 4480.9, 4385.0, 4394.5, 364617, 69527
2026/1/5, 00:00:00, 4428.1, 4530.3, 4423.6, 4516.8, 449775, 68340
2026/1/6, 00:00:00, 4530.0, 4573.8, 4506.5, 4562.2, 421661, 68733
2026/1/7, 00:00:00, 4575.1, 4578.1, 4498.8, 4528.1, 503897, 70727
2026/1/8, 00:00:00, 4536.1, 4555.0, 4482.0, 4526.9, 452157, 70436
2026/1/9, 00:00:00, 4558.5, 4594.0, 4528.3, 4567.9, 425762, 69180
2026/1/12, 00:00:00, 4595.2, 4708.2, 4589.7, 4683.0, 611289, 72858
2026/1/13, 00:00:00, 4681.9, 4711.3, 4646.9, 4667.2, 471549, 72555
2026/1/14, 00:00:00, 4665.5, 4718.9, 4665.5, 4704.0, 527610, 70647
2026/1/15, 00:00:00, 4705.1, 4705.1, 4652.0, 4691.7, 461643, 72268
2026/1/16, 00:00:00, 4690.0, 4692.2, 4608.0, 4663.5, 495292, 73684
2026/1/20, 00:00:00, 4685.0, 4841.0, 4685.0, 4835.7, 735310, 78970
2026/1/21, 00:00:00, 4839.5, 4960.9, 4828.0, 4908.7, 861130, 77997
2026/1/22, 00:00:00, 4903.0, 5017.0, 4845.0, 4985.7, 557540, 81447
2026/1/23, 00:00:00, 5013.0, 5066.6, 4975.0, 5055.0, 656919, 82079
2026/1/26, 00:00:00, 5074.2, 5183.8, 5062.2, 5161.9, 946168, 78583
2026/1/27, 00:00:00, 5080.8, 5269.0, 5080.8, 5158.9, 746942, 78421
2026/1/28, 00:00:00, 5256.0, 5494.0, 5234.0, 5380.7, 1003151, 77060
2026/1/29, 00:00:00, 5490.5, 5668.0, 5170.0, 5395.8, 1577286, 57875
2026/1/30, 00:00:00, 5452.6, 5522.1, 4737.1, 4780.7, 1586851, 57124
2026/2/2, 00:00:00, 4950.0, 4950.0, 4458.7, 4686.4, 1413717, 58976
2026/2/3, 00:00:00, 4726.4, 5054.6, 4725.6, 4971.4, 947387, 53594
2026/2/4, 00:00:00, 4975.7, 5150.0, 4901.0, 4987.6, 829198, 55395
2026/2/5, 00:00:00, 5032.4, 5081.9, 4814.5, 4925.0, 905204, 58537
2026/2/6, 00:00:00, 4832.0, 5031.5, 4705.0, 5017.0, 650328, 60170
2026/2/9, 00:00:00, 5033.5, 5150.0, 5026.0, 5117.8, 498840, 61615
2026/2/10, 00:00:00, 5127.1, 5140.1, 5060.0, 5069.0, 487238, 60592
2026/2/11, 00:00:00, 5080.1, 5180.0, 5078.6, 5137.2, 533028, 61591
2026/2/12, 00:00:00, 5147.0, 5162.0, 4937.0, 4986.1, 585045, 58735
2026/2/13, 00:00:00, 4983.1, 5106.5, 4945.3, 5083.9, 424873, 61410
2026/2/17, 00:00:00, 5096.8, 5108.4, 4894.8, 4942.5, 614772, 60814
2026/2/18, 00:00:00, 4925.0, 5067.9, 4906.4, 5046.9, 305691, 62668
2026/2/19, 00:00:00, 5033.0, 5080.2, 5010.0, 5035.1, 303835, 61716
2026/2/20, 00:00:00, 5060.0, 5169.3, 5037.7, 5119.6, 385589, 62534
2026/2/23, 00:00:00, 5173.3, 5296.7, 5163.0, 5265.5, 400613, 62342
2026/2/24, 00:00:00, 5288.0, 5308.3, 5150.0, 5215.8, 442511, 59925
2026/2/25, 00:00:00, 5201.0, 5276.7, 5178.6, 5266.1, 385695, 58873
2026/2/26, 00:00:00, 5215.0, 5261.1, 5185.0, 5233.7, 384314, 59851
2026/2/27, 00:00:00, 5241.4, 5338.6, 5223.2, 5287.6, 388691, 62764
2026/3/2, 00:00:00, 5368.8, 5475.0, 5313.8, 5351.7, 610420, 62023
2026/3/3, 00:00:00, 5378.1, 5434.2, 5043.0, 5162.2, 753435, 60931
2026/3/4, 00:00:00, 5155.4, 5256.5, 5132.3, 5173.3, 470313, 57595
2026/3/5, 00:00:00, 5200.0, 5242.0, 5095.5, 5117.0, 456374, 59672
2026/3/6, 00:00:00, 5147.0, 5223.0, 5109.1, 5197.9, 409620, 59346
2026/3/9, 00:00:00, 5225.0, 5242.8, 5059.6, 5142.7, 459606, 57097
2026/3/10, 00:00:00, 5195.0, 5288.0, 5167.3, 5281.5, 366339, 58116
2026/3/11, 00:00:00, 5238.0, 5270.0, 5195.0, 5218.1, 294001, 59221
2026/3/12, 00:00:00, 5223.2, 5236.7, 5097.3, 5163.8, 355544, 61825
2026/3/13, 00:00:00, 5125.0, 5170.3, 5051.3, 5098.9, 348971, 62822
2026/3/16, 00:00:00, 5049.3, 5081.6, 5008.0, 5039.4, 446703, 63231
2026/3/17, 00:00:00, 5050.5, 5086.2, 5014.4, 5045.6, 315448, 64123
2026/3/18, 00:00:00, 5047.0, 5058.1, 4847.1, 4932.9, 506264, 70495
2026/3/19, 00:00:00, 4865.0, 4903.8, 4842.4, 4888.6, 63301, 0
