Date, Time, Open, High, Low, Last, Volume, NumberOfTrades, BidVolume, AskVolume
2026/2/17, 23:00:00, 4925.0, 4937.5, 4906.4, 4913.1, 144, 131, 76, 68
2026/2/18, 00:00:00, 4916.0, 4935.4, 4912.6, 4926.5, 106, 92, 61, 45
2026/2/18, 01:00:00, 4929.9, 4948.0, 4929.9, 4944.0, 134, 123, 63, 71
2026/2/18, 02:00:00, 4944.0, 4962.0, 4944.0, 4960.0, 139, 134, 75, 64
2026/2/18, 03:00:00, 4960.7, 4976.3, 4960.7, 4975.2, 135, 121, 70, 65
2026/2/18, 04:00:00, 4976.3, 4996.5, 4975.3, 4990.1, 166, 144, 87, 79
2026/2/18, 05:00:00, 4992.0, 4995.9, 4985.6, 4988.7, 55, 52, 39, 16
2026/2/18, 06:00:00, 4989.2, 4992.0, 4981.0, 4988.6, 98, 91, 41, 57
2026/2/18, 07:00:00, 4989.7, 4997.3, 4985.8, 4985.8, 56, 55, 25, 31
2026/2/18, 08:00:00, 4989.0, 4989.2, 4974.7, 4974.9, 113, 95, 59, 54
2026/2/18, 09:00:00, 4975.7, 4979.5, 4970.2, 4975.4, 78, 68, 50, 28
2026/2/18, 10:00:00, 4976.4, 4981.3, 4967.4, 4971.8, 108, 105, 48, 60
2026/2/18, 11:00:00, 4971.8, 4975.0, 4963.4, 4968.1, 79, 77, 56, 23
2026/2/18, 12:00:00, 4972.8, 5003.5, 4972.8, 4999.5, 169, 152, 77, 92
2026/2/18, 13:00:00, 5001.1, 5025.6, 5001.1, 5012.8, 340, 271, 169, 171
2026/2/18, 14:00:00, 5012.9, 5052.2, 5010.0, 5050.4, 486, 399, 205, 281
2026/2/18, 15:00:00, 5050.6, 5065.6, 5050.0, 5055.7, 279, 241, 160, 119
2026/2/18, 16:00:00, 5055.7, 5067.9, 5049.7, 5058.9, 127, 108, 62, 65
2026/2/18, 17:00:00, 5058.9, 5060.0, 5052.4, 5058.9, 129, 109, 72, 57
2026/2/18, 18:00:00, 5059.5, 5061.0, 5039.2, 5045.9, 215, 191, 113, 102
2026/2/18, 19:00:00, 5043.9, 5052.2, 5031.3, 5038.2, 174, 162, 98, 76
2026/2/18, 20:00:00, 5037.6, 5043.7, 5033.6, 5042.3, 110, 100, 68, 42
2026/2/18, 21:00:00, 5042.7, 5043.0, 5033.1, 5034.1, 54, 47, 20, 34
2026/2/18, 23:00:00, 5033.0, 5045.0, 5010.0, 5030.0, 164, 149, 95, 69
2026/2/19, 00:00:00, 5028.9, 5029.3, 5015.0, 5016.5, 122, 105, 67, 55
2026/2/19, 01:00:00, 5017.6, 5030.7, 5017.3, 5029.4, 89, 81, 40, 49
2026/2/19, 02:00:00, 5029.1, 5033.6, 5022.6, 5024.7, 102, 91, 42, 60
2026/2/19, 03:00:00, 5022.9, 5039.6, 5022.6, 5038.6, 113, 109, 53, 60
2026/2/19, 04:00:00, 5036.4, 5040.7, 5033.2, 5040.5, 84, 60, 45, 39
2026/2/19, 05:00:00, 5042.2, 5054.0, 5040.9, 5051.1, 76, 72, 30, 46
2026/2/19, 06:00:00, 5054.9, 5075.4, 5053.2, 5073.4, 108, 101, 37, 71
2026/2/19, 07:00:00, 5074.5, 5076.9, 5064.0, 5067.5, 167, 140, 89, 78
2026/2/19, 08:00:00, 5065.0, 5078.2, 5062.7, 5073.2, 105, 90, 37, 68
2026/2/19, 09:00:00, 5073.6, 5075.4, 5049.6, 5053.2, 137, 127, 82, 55
2026/2/19, 10:00:00, 5052.0, 5052.0, 5039.5, 5048.3, 176, 164, 115, 61
2026/2/19, 11:00:00, 5047.9, 5053.6, 5035.0, 5041.5, 190, 180, 72, 118
2026/2/19, 12:00:00, 5042.9, 5048.7, 5038.4, 5042.2, 92, 84, 44, 48
2026/2/19, 13:00:00, 5040.2, 5056.0, 5028.8, 5054.6, 205, 184, 91, 114
2026/2/19, 14:00:00, 5053.3, 5066.8, 5020.0, 5063.0, 388, 361, 222, 166
2026/2/19, 15:00:00, 5065.3, 5080.2, 5053.3, 5072.0, 317, 289, 177, 140
2026/2/19, 16:00:00, 5070.6, 5070.6, 5046.9, 5052.8, 179, 153, 112, 67
2026/2/19, 17:00:00, 5054.5, 5058.2, 5039.9, 5042.1, 141, 134, 60, 81
2026/2/19, 18:00:00, 5041.1, 5046.0, 5032.3, 5037.1, 212, 190, 90, 122
2026/2/19, 19:00:00, 5038.4, 5046.8, 5035.8, 5044.5, 141, 115, 68, 73
2026/2/19, 20:00:00, 5045.5, 5058.8, 5045.4, 5058.3, 83, 74, 46, 37
2026/2/19, 21:00:00, 5058.3, 5060.0, 5049.1, 5051.7, 72, 52, 43, 29
2026/2/19, 23:00:00, 5060.0, 5063.8, 5042.9, 5047.2, 92, 82, 61, 31
2026/2/20, 00:00:00, 5047.1, 5060.9, 5043.4, 5060.9, 66, 59, 30, 36
2026/2/20, 01:00:00, 5064.0, 5070.7, 5051.6, 5052.7, 159, 142, 93, 66
2026/2/20, 02:00:00, 5052.9, 5063.1, 5048.7, 5050.1, 127, 115, 60, 67
2026/2/20, 03:00:00, 5052.2, 5055.1, 5037.7, 5042.8, 215, 189, 121, 94
2026/2/20, 04:00:00, 5043.9, 5058.2, 5043.7, 5055.0, 74, 70, 35, 39
2026/2/20, 05:00:00, 5056.6, 5067.0, 5053.8, 5067.0, 79, 70, 35, 44
2026/2/20, 06:00:00, 5067.9, 5086.5, 5067.9, 5076.6, 208, 170, 89, 119
2026/2/20, 07:00:00, 5078.1, 5084.3, 5064.0, 5064.5, 146, 122, 72, 74
2026/2/20, 08:00:00, 5064.8, 5088.0, 5062.2, 5086.4, 171, 145, 68, 103
2026/2/20, 09:00:00, 5087.4, 5100.3, 5085.0, 5085.5, 147, 137, 71, 76
2026/2/20, 10:00:00, 5085.0, 5095.6, 5079.0, 5091.7, 166, 143, 73, 93
2026/2/20, 11:00:00, 5092.4, 5092.6, 5073.0, 5074.4, 103, 92, 78, 25
2026/2/20, 12:00:00, 5073.0, 5083.2, 5064.0, 5082.2, 145, 135, 74, 71
2026/2/20, 13:00:00, 5082.7, 5106.6, 5076.0, 5101.5, 283, 216, 132, 151
2026/2/20, 14:00:00, 5103.1, 5119.0, 5095.5, 5112.6, 335, 295, 152, 183
2026/2/20, 15:00:00, 5114.1, 5122.1, 5043.0, 5100.9, 1104, 962, 581, 523
2026/2/20, 16:00:00, 5100.0, 5128.0, 5097.2, 5120.0, 430, 362, 196, 234
2026/2/20, 17:00:00, 5125.3, 5135.6, 5113.8, 5132.7, 285, 243, 153, 132
2026/2/20, 18:00:00, 5131.7, 5135.0, 5114.1, 5132.3, 227, 193, 121, 106
2026/2/20, 19:00:00, 5133.9, 5141.9, 5129.9, 5141.7, 168, 144, 86, 82
2026/2/20, 20:00:00, 5140.7, 5159.2, 5139.1, 5158.5, 250, 214, 91, 159
2026/2/20, 21:00:00, 5158.5, 5169.3, 5153.3, 5168.0, 179, 157, 90, 89
2026/2/22, 23:00:00, 5173.3, 5233.2, 5163.0, 5228.3, 706, 537, 340, 366
2026/2/23, 00:00:00, 5227.5, 5227.5, 5191.7, 5207.0, 493, 442, 259, 234
2026/2/23, 01:00:00, 5204.7, 5229.1, 5201.7, 5218.0, 338, 288, 135, 203
2026/2/23, 02:00:00, 5219.2, 5237.9, 5219.2, 5235.4, 233, 201, 81, 152
2026/2/23, 03:00:00, 5236.5, 5236.8, 5214.9, 5229.0, 294, 253, 159, 135
2026/2/23, 04:00:00, 5227.6, 5229.2, 5217.0, 5221.2, 121, 110, 74, 47
2026/2/23, 05:00:00, 5221.5, 5221.5, 5212.9, 5220.0, 129, 118, 63, 66
2026/2/23, 06:00:00, 5219.9, 5222.5, 5207.3, 5207.5, 158, 136, 76, 82
2026/2/23, 07:00:00, 5205.1, 5213.9, 5186.3, 5199.0, 310, 281, 201, 109
2026/2/23, 08:00:00, 5197.6, 5201.6, 5181.9, 5200.9, 120, 113, 64, 56
2026/2/23, 09:00:00, 5199.5, 5210.2, 5199.5, 5208.7, 106, 96, 43, 63
2026/2/23, 10:00:00, 5209.8, 5223.8, 5205.2, 5223.1, 141, 135, 64, 77
2026/2/23, 11:00:00, 5222.3, 5223.8, 5207.6, 5210.0, 137, 127, 77, 60
2026/2/23, 12:00:00, 5209.2, 5225.6, 5206.0, 5224.1, 192, 174, 104, 88
2026/2/23, 13:00:00, 5223.0, 5225.5, 5203.9, 5206.0, 198, 188, 99, 99
2026/2/23, 14:00:00, 5204.6, 5261.5, 5201.6, 5252.8, 574, 439, 233, 341
2026/2/23, 15:00:00, 5253.4, 5266.3, 5241.7, 5257.2, 401, 350, 183, 218
2026/2/23, 16:00:00, 5256.0, 5280.5, 5235.9, 5270.0, 467, 385, 247, 220
2026/2/23, 17:00:00, 5269.4, 5274.0, 5252.2, 5267.4, 193, 177, 101, 92
2026/2/23, 18:00:00, 5268.6, 5275.0, 5261.6, 5268.6, 149, 121, 39, 110
2026/2/23, 19:00:00, 5267.4, 5277.8, 5267.2, 5275.4, 89, 79, 45, 44
2026/2/23, 20:00:00, 5278.2, 5296.7, 5278.2, 5295.5, 225, 196, 95, 130
2026/2/23, 21:00:00, 5295.7, 5296.6, 5286.9, 5287.8, 121, 104, 68, 53
2026/2/23, 23:00:00, 5288.0, 5308.3, 5282.0, 5294.6, 243, 211, 116, 127
2026/2/24, 00:00:00, 5292.2, 5297.0, 5277.3, 5279.9, 254, 202, 133, 121
2026/2/24, 01:00:00, 5279.6, 5279.6, 5203.5, 5236.1, 862, 723, 472, 390
2026/2/24, 02:00:00, 5234.9, 5250.7, 5225.0, 5250.1, 264, 239, 128, 136
2026/2/24, 03:00:00, 5250.2, 5252.0, 5230.5, 5231.6, 154, 126, 81, 73
2026/2/24, 04:00:00, 5231.3, 5233.6, 5220.4, 5227.8, 158, 142, 85, 73
2026/2/24, 05:00:00, 5226.7, 5244.2, 5224.0, 5244.2, 127, 106, 51, 76
2026/2/24, 06:00:00, 5241.6, 5244.3, 5215.5, 5228.2, 211, 194, 114, 97
2026/2/24, 07:00:00, 5233.0, 5242.1, 5224.0, 5241.0, 157, 141, 66, 91
2026/2/24, 08:00:00, 5237.5, 5240.8, 5224.0, 5232.7, 145, 130, 79, 66
2026/2/24, 09:00:00, 5231.7, 5236.4, 5225.1, 5231.4, 59, 57, 35, 24
2026/2/24, 10:00:00, 5231.9, 5239.9, 5222.4, 5233.0, 175, 155, 73, 102
2026/2/24, 11:00:00, 5232.7, 5237.5, 5230.7, 5234.3, 57, 47, 32, 25
2026/2/24, 12:00:00, 5230.8, 5231.5, 5203.2, 5209.8, 279, 237, 165, 114
2026/2/24, 13:00:00, 5209.8, 5218.7, 5168.0, 5170.2, 459, 416, 273, 186
2026/2/24, 14:00:00, 5172.4, 5195.5, 5150.0, 5186.0, 724, 598, 317, 407
2026/2/24, 15:00:00, 5182.9, 5212.3, 5175.8, 5206.9, 379, 341, 165, 214
2026/2/24, 16:00:00, 5208.5, 5209.9, 5188.5, 5196.6, 282, 236, 143, 139
2026/2/24, 17:00:00, 5200.6, 5220.6, 5200.6, 5220.6, 167, 144, 66, 101
2026/2/24, 18:00:00, 5222.0, 5227.1, 5212.3, 5220.1, 212, 194, 116, 96
2026/2/24, 19:00:00, 5217.5, 5217.9, 5206.0, 5210.8, 62, 60, 31, 31
2026/2/24, 20:00:00, 5211.7, 5231.1, 5205.4, 5221.0, 191, 168, 104, 87
2026/2/24, 21:00:00, 5222.0, 5223.5, 5197.3, 5201.2, 138, 117, 83, 55
2026/2/24, 23:00:00, 5201.0, 5209.9, 5178.6, 5204.5, 172, 141, 81, 91
2026/2/25, 00:00:00, 5204.9, 5214.5, 5195.3, 5213.1, 232, 199, 119, 113
2026/2/25, 01:00:00, 5211.5, 5245.8, 5202.4, 5234.9, 500, 423, 240, 260
2026/2/25, 02:00:00, 5235.0, 5251.8, 5225.0, 5237.8, 273, 252, 160, 113
2026/2/25, 03:00:00, 5240.9, 5247.8, 5237.1, 5240.4, 178, 162, 113, 65
2026/2/25, 04:00:00, 5239.3, 5243.6, 5230.0, 5241.6, 96, 91, 60, 36
2026/2/25, 05:00:00, 5242.4, 5269.3, 5242.4, 5262.0, 336, 265, 142, 194
2026/2/25, 06:00:00, 5259.2, 5259.2, 5242.0, 5252.0, 303, 260, 176, 127
2026/2/25, 07:00:00, 5252.7, 5253.0, 5239.1, 5242.9, 134, 124, 80, 54
2026/2/25, 08:00:00, 5245.5, 5256.1, 5242.3, 5243.6, 139, 107, 72, 67
2026/2/25, 09:00:00, 5242.6, 5250.7, 5235.0, 5250.1, 64, 54, 36, 28
2026/2/25, 10:00:00, 5252.9, 5254.0, 5228.4, 5233.4, 121, 109, 78, 43
2026/2/25, 11:00:00, 5233.2, 5240.2, 5214.2, 5240.2, 271, 223, 111, 160
2026/2/25, 12:00:00, 5240.1, 5244.1, 5236.7, 5240.1, 153, 118, 70, 83
2026/2/25, 13:00:00, 5241.9, 5249.2, 5238.7, 5244.0, 225, 165, 73, 152
2026/2/25, 14:00:00, 5243.0, 5251.3, 5217.0, 5249.6, 410, 379, 236, 174
2026/2/25, 15:00:00, 5250.3, 5261.1, 5231.4, 5257.0, 417, 356, 209, 208
2026/2/25, 16:00:00, 5253.1, 5273.0, 5250.0, 5272.3, 300, 251, 152, 148
2026/2/25, 17:00:00, 5269.5, 5276.7, 5263.0, 5266.0, 256, 208, 139, 117
2026/2/25, 19:00:00, 5265.2, 5267.1, 5260.0, 5263.4, 65, 54, 28, 37
2026/2/25, 20:00:00, 5262.0, 5263.6, 5203.6, 5209.8, 413, 348, 233, 180
2026/2/25, 21:00:00, 5210.8, 5230.3, 5208.6, 5222.2, 204, 190, 105, 99
2026/2/25, 23:00:00, 5215.0, 5236.8, 5215.0, 5219.6, 313, 261, 139, 174
2026/2/26, 00:00:00, 5218.0, 5245.5, 5210.8, 5242.6, 314, 268, 149, 165
2026/2/26, 01:00:00, 5243.9, 5253.0, 5233.9, 5247.3, 277, 243, 137, 140
2026/2/26, 02:00:00, 5248.4, 5250.1, 5229.3, 5238.9, 171, 159, 86, 85
2026/2/26, 03:00:00, 5239.4, 5248.2, 5239.4, 5248.0, 93, 90, 34, 59
2026/2/26, 04:00:00, 5248.0, 5254.2, 5246.6, 5248.2, 102, 88, 44, 58
2026/2/26, 05:00:00, 5249.4, 5261.1, 5245.7, 5254.4, 202, 166, 100, 102
2026/2/26, 06:00:00, 5253.7, 5255.6, 5246.8, 5247.2, 92, 73, 40, 52
2026/2/26, 07:00:00, 5247.3, 5247.3, 5236.1, 5242.7, 156, 143, 76, 80
2026/2/26, 08:00:00, 5241.2, 5246.8, 5224.0, 5236.0, 156, 137, 80, 76
2026/2/26, 09:00:00, 5235.3, 5242.7, 5230.3, 5242.7, 52, 47, 22, 30
2026/2/26, 10:00:00, 5243.3, 5245.0, 5221.0, 5224.8, 130, 116, 65, 65
2026/2/26, 11:00:00, 5226.7, 5233.5, 5216.7, 5219.5, 127, 109, 80, 47
2026/2/26, 12:00:00, 5222.5, 5243.3, 5213.0, 5236.1, 249, 212, 119, 130
2026/2/26, 13:00:00, 5240.2, 5240.2, 5220.0, 5221.6, 222, 196, 117, 105
2026/2/26, 14:00:00, 5220.3, 5231.0, 5194.9, 5220.7, 450, 411, 270, 180
2026/2/26, 15:00:00, 5219.6, 5249.2, 5185.0, 5242.3, 848, 669, 427, 421
2026/2/26, 16:00:00, 5242.6, 5242.6, 5229.0, 5235.8, 236, 203, 141, 95
2026/2/26, 17:00:00, 5235.8, 5245.5, 5217.9, 5224.3, 237, 190, 131, 106
2026/2/26, 18:00:00, 5223.9, 5242.0, 5216.3, 5235.4, 280, 246, 160, 120
2026/2/26, 19:00:00, 5237.0, 5250.6, 5237.0, 5243.9, 163, 136, 88, 75
2026/2/26, 20:00:00, 5244.6, 5256.9, 5244.6, 5253.3, 154, 118, 70, 84
2026/2/26, 21:00:00, 5256.3, 5256.8, 5240.5, 5241.5, 63, 56, 42, 21
2026/2/26, 23:00:00, 5241.4, 5246.9, 5233.0, 5239.7, 165, 147, 86, 79
2026/2/27, 00:00:00, 5241.8, 5250.0, 5227.3, 5231.5, 169, 147, 91, 78
2026/2/27, 01:00:00, 5230.0, 5249.9, 5223.2, 5249.9, 191, 159, 93, 98
2026/2/27, 02:00:00, 5250.0, 5255.0, 5229.9, 5240.0, 238, 207, 135, 103
2026/2/27, 03:00:00, 5239.6, 5246.4, 5237.7, 5240.1, 95, 88, 36, 59
2026/2/27, 04:00:00, 5241.6, 5243.6, 5237.3, 5237.3, 54, 45, 33, 21
2026/2/27, 05:00:00, 5240.5, 5256.1, 5240.5, 5254.7, 117, 107, 59, 58
2026/2/27, 06:00:00, 5254.2, 5255.2, 5242.2, 5242.7, 161, 142, 80, 81
2026/2/27, 07:00:00, 5241.1, 5245.4, 5232.3, 5232.9, 178, 141, 116, 62
2026/2/27, 08:00:00, 5234.2, 5238.4, 5230.7, 5234.6, 110, 94, 69, 41
2026/2/27, 09:00:00, 5235.0, 5238.6, 5228.7, 5231.0, 137, 112, 70, 67
2026/2/27, 10:00:00, 5231.5, 5236.0, 5223.8, 5233.4, 184, 161, 96, 88
2026/2/27, 11:00:00, 5232.8, 5241.4, 5227.8, 5241.4, 80, 62, 30, 50
2026/2/27, 12:00:00, 5243.0, 5246.5, 5240.2, 5244.5, 116, 107, 68, 48
2026/2/27, 13:00:00, 5244.1, 5299.2, 5244.0, 5280.4, 874, 758, 431, 443
2026/2/27, 14:00:00, 5281.2, 5293.9, 5271.5, 5282.6, 453, 368, 218, 235
2026/2/27, 15:00:00, 5280.5, 5303.8, 5272.5, 5297.8, 503, 419, 234, 269
2026/2/27, 16:00:00, 5298.5, 5315.9, 5280.4, 5286.3, 562, 465, 275, 287
2026/2/27, 17:00:00, 5287.5, 5294.1, 5279.0, 5290.7, 214, 183, 118, 96
2026/2/27, 18:00:00, 5292.9, 5303.6, 5280.0, 5302.8, 253, 218, 109, 144
2026/2/27, 19:00:00, 5304.0, 5310.0, 5298.6, 5307.9, 192, 150, 99, 93
2026/2/27, 20:00:00, 5307.7, 5323.3, 5307.7, 5321.9, 230, 198, 102, 128
2026/2/27, 21:00:00, 5318.2, 5338.6, 5315.6, 5335.9, 267, 196, 129, 138
2026/3/1, 23:00:00, 5368.8, 5450.0, 5363.5, 5441.9, 1525, 1252, 651, 874
2026/3/2, 00:00:00, 5438.6, 5438.6, 5395.4, 5401.8, 659, 555, 360, 299
2026/3/2, 01:00:00, 5399.8, 5400.0, 5355.0, 5378.1, 936, 789, 535, 401
2026/3/2, 02:00:00, 5379.5, 5404.6, 5370.0, 5400.4, 446, 403, 246, 200
2026/3/2, 03:00:00, 5399.3, 5419.2, 5398.0, 5419.2, 373, 346, 198, 175
2026/3/2, 04:00:00, 5419.9, 5420.0, 5398.7, 5408.6, 295, 268, 181, 114
2026/3/2, 05:00:00, 5408.6, 5419.5, 5394.8, 5417.2, 265, 244, 133, 132
2026/3/2, 06:00:00, 5419.1, 5444.3, 5417.6, 5443.2, 467, 387, 210, 257
2026/3/2, 07:00:00, 5442.4, 5475.0, 5440.0, 5464.0, 677, 566, 314, 363
2026/3/2, 08:00:00, 5461.8, 5470.9, 5447.5, 5450.4, 440, 383, 235, 205
2026/3/2, 09:00:00, 5450.5, 5458.7, 5443.0, 5446.8, 305, 271, 137, 168
2026/3/2, 10:00:00, 5447.9, 5457.0, 5434.3, 5444.9, 250, 226, 114, 136
2026/3/2, 11:00:00, 5445.0, 5455.3, 5428.4, 5440.3, 217, 202, 88, 129
2026/3/2, 12:00:00, 5435.6, 5454.5, 5435.6, 5453.0, 223, 196, 118, 105
2026/3/2, 13:00:00, 5452.0, 5472.7, 5438.0, 5449.9, 674, 548, 384, 290
2026/3/2, 14:00:00, 5449.7, 5449.7, 5359.6, 5387.1, 1711, 1456, 878, 833
2026/3/2, 15:00:00, 5385.0, 5403.8, 5362.4, 5369.9, 824, 684, 423, 401
2026/3/2, 16:00:00, 5368.3, 5368.3, 5313.8, 5345.6, 1321, 1102, 705, 616
2026/3/2, 17:00:00, 5343.2, 5374.8, 5341.7, 5360.8, 412, 351, 204, 208
2026/3/2, 18:00:00, 5361.4, 5370.4, 5343.4, 5369.6, 315, 275, 135, 180
2026/3/2, 19:00:00, 5369.8, 5388.0, 5368.8, 5384.3, 297, 259, 176, 121
2026/3/2, 20:00:00, 5385.7, 5400.2, 5382.8, 5386.9, 298, 258, 118, 180
2026/3/2, 21:00:00, 5387.4, 5394.7, 5376.0, 5376.5, 173, 152, 83, 90
2026/3/2, 23:00:00, 5378.1, 5400.5, 5378.1, 5400.5, 170, 144, 72, 98
2026/3/3, 00:00:00, 5399.1, 5416.7, 5391.9, 5403.6, 253, 213, 104, 149
2026/3/3, 01:00:00, 5403.9, 5434.2, 5391.7, 5394.8, 486, 422, 277, 209
2026/3/3, 02:00:00, 5392.9, 5421.2, 5387.9, 5421.0, 385, 321, 218, 167
2026/3/3, 03:00:00, 5421.3, 5427.0, 5415.0, 5420.0, 187, 159, 126, 61
2026/3/3, 04:00:00, 5419.7, 5428.9, 5413.3, 5419.4, 209, 179, 117, 92
2026/3/3, 05:00:00, 5413.8, 5421.6, 5361.1, 5371.2, 447, 400, 237, 210
2026/3/3, 06:00:00, 5373.5, 5376.4, 5332.9, 5363.0, 618, 540, 290, 328
2026/3/3, 07:00:00, 5360.4, 5385.1, 5359.5, 5380.0, 288, 242, 154, 134
2026/3/3, 08:00:00, 5381.0, 5389.1, 5343.0, 5348.0, 346, 319, 186, 160
2026/3/3, 09:00:00, 5348.2, 5355.0, 5277.5, 5327.2, 840, 716, 457, 383
2026/3/3, 10:00:00, 5328.3, 5339.6, 5288.7, 5299.6, 671, 537, 382, 289
2026/3/3, 11:00:00, 5305.0, 5313.7, 5122.0, 5193.2, 2453, 2053, 1398, 1055
2026/3/3, 12:00:00, 5191.2, 5276.0, 5187.8, 5274.0, 738, 635, 322, 416
2026/3/3, 13:00:00, 5272.6, 5272.6, 5177.5, 5205.7, 1226, 1040, 652, 574
2026/3/3, 14:00:00, 5206.9, 5224.7, 5062.7, 5084.8, 2059, 1686, 1121, 938
2026/3/3, 15:00:00, 5083.6, 5144.1, 5043.0, 5142.9, 1628, 1267, 763, 865
2026/3/3, 16:00:00, 5143.6, 5182.3, 5139.8, 5154.4, 796, 639, 419, 377
2026/3/3, 17:00:00, 5155.2, 5157.2, 5114.2, 5130.1, 793, 620, 417, 376
2026/3/3, 18:00:00, 5128.2, 5188.0, 5128.2, 5184.1, 594, 447, 303, 291
2026/3/3, 19:00:00, 5186.1, 5198.2, 5148.6, 5161.1, 429, 384, 208, 221
2026/3/3, 20:00:00, 5165.4, 5179.4, 5131.9, 5146.9, 544, 388, 286, 258
2026/3/3, 21:00:00, 5146.1, 5159.5, 5133.7, 5137.7, 214, 184, 124, 90
2026/3/3, 23:00:00, 5155.4, 5177.0, 5132.3, 5171.8, 360, 310, 176, 184
2026/3/4, 00:00:00, 5172.3, 5187.4, 5153.4, 5186.4, 401, 359, 203, 198
2026/3/4, 01:00:00, 5188.9, 5226.0, 5188.4, 5223.1, 545, 459, 255, 290
2026/3/4, 02:00:00, 5223.0, 5238.9, 5204.1, 5204.9, 628, 528, 279, 349
2026/3/4, 03:00:00, 5202.9, 5224.4, 5189.3, 5222.9, 394, 324, 192, 202
2026/3/4, 04:00:00, 5224.9, 5227.9, 5200.0, 5203.5, 209, 191, 87, 122
2026/3/4, 05:00:00, 5204.9, 5215.3, 5199.1, 5208.0, 244, 206, 130, 114
2026/3/4, 06:00:00, 5202.0, 5207.5, 5167.5, 5207.5, 542, 483, 294, 248
2026/3/4, 07:00:00, 5207.5, 5225.0, 5207.5, 5218.5, 276, 245, 153, 123
2026/3/4, 08:00:00, 5217.2, 5230.8, 5197.7, 5216.9, 295, 266, 154, 141
2026/3/4, 09:00:00, 5216.0, 5234.5, 5209.2, 5231.4, 174, 145, 104, 70
2026/3/4, 10:00:00, 5232.5, 5253.3, 5232.5, 5242.5, 399, 312, 184, 215
2026/3/4, 11:00:00, 5240.6, 5250.8, 5238.8, 5244.8, 200, 154, 114, 86
2026/3/4, 12:00:00, 5242.8, 5256.5, 5207.9, 5220.0, 369, 332, 189, 180
2026/3/4, 13:00:00, 5221.3, 5246.0, 5217.5, 5217.5, 384, 329, 168, 216
2026/3/4, 14:00:00, 5216.3, 5233.0, 5188.1, 5195.5, 632, 558, 331, 301
2026/3/4, 15:00:00, 5194.4, 5216.0, 5179.6, 5200.0, 734, 620, 344, 390
2026/3/4, 16:00:00, 5202.8, 5210.2, 5187.6, 5199.3, 291, 234, 167, 124
2026/3/4, 17:00:00, 5196.0, 5203.4, 5172.0, 5192.3, 255, 228, 148, 107
2026/3/4, 18:00:00, 5192.3, 5192.3, 5159.6, 5183.8, 647, 541, 285, 362
2026/3/4, 19:00:00, 5183.9, 5188.8, 5172.9, 5186.4, 135, 124, 68, 67
2026/3/4, 20:00:00, 5186.6, 5196.2, 5174.7, 5185.7, 217, 196, 124, 93
2026/3/4, 21:00:00, 5189.7, 5195.0, 5180.6, 5191.0, 123, 96, 46, 77
2026/3/4, 23:00:00, 5200.0, 5215.4, 5195.8, 5215.4, 167, 143, 76, 91
2026/3/5, 00:00:00, 5215.6, 5230.0, 5210.0, 5222.6, 201, 169, 87, 114
2026/3/5, 01:00:00, 5220.2, 5236.3, 5214.8, 5221.8, 235, 192, 122, 113
2026/3/5, 02:00:00, 5220.1, 5240.8, 5220.1, 5240.5, 271, 206, 112, 159
2026/3/5, 03:00:00, 5240.8, 5242.0, 5226.7, 5226.8, 177, 144, 90, 87
2026/3/5, 04:00:00, 5226.1, 5233.4, 5214.0, 5219.9, 143, 123, 88, 55
2026/3/5, 05:00:00, 5218.6, 5224.2, 5196.0, 5196.4, 200, 186, 93, 107
2026/3/5, 06:00:00, 5195.4, 5215.9, 5169.0, 5215.9, 507, 448, 257, 250
2026/3/5, 07:00:00, 5215.7, 5220.0, 5207.0, 5210.3, 174, 153, 109, 65
2026/3/5, 08:00:00, 5207.4, 5218.8, 5185.6, 5211.7, 231, 203, 126, 105
2026/3/5, 09:00:00, 5216.3, 5231.0, 5202.8, 5211.9, 270, 222, 129, 141
2026/3/5, 10:00:00, 5206.0, 5216.8, 5196.3, 5215.2, 172, 146, 87, 85
2026/3/5, 11:00:00, 5214.0, 5217.0, 5207.1, 5211.9, 94, 79, 54, 40
2026/3/5, 12:00:00, 5215.7, 5220.7, 5211.6, 5215.0, 122, 98, 55, 67
2026/3/5, 13:00:00, 5210.5, 5210.5, 5126.0, 5166.0, 1055, 899, 593, 462
2026/3/5, 14:00:00, 5164.9, 5176.8, 5137.9, 5148.0, 699, 581, 376, 323
2026/3/5, 15:00:00, 5150.5, 5166.0, 5104.8, 5150.0, 911, 739, 488, 423
2026/3/5, 16:00:00, 5151.6, 5151.6, 5100.0, 5124.2, 473, 408, 283, 190
2026/3/5, 17:00:00, 5122.7, 5135.7, 5101.9, 5111.1, 323, 243, 180, 143
2026/3/5, 18:00:00, 5107.9, 5132.7, 5095.5, 5115.8, 335, 279, 160, 175
2026/3/5, 19:00:00, 5119.9, 5125.3, 5102.0, 5111.9, 212, 180, 101, 111
2026/3/5, 20:00:00, 5112.1, 5142.2, 5110.4, 5124.7, 310, 251, 131, 179
2026/3/5, 21:00:00, 5124.6, 5132.0, 5120.4, 5130.2, 93, 78, 39, 54
2026/3/5, 23:00:00, 5147.0, 5155.4, 5131.4, 5133.2, 159, 128, 72, 87
2026/3/6, 00:00:00, 5133.7, 5139.3, 5119.0, 5131.1, 169, 151, 83, 86
2026/3/6, 01:00:00, 5127.4, 5189.0, 5113.5, 5181.1, 488, 410, 208, 280
2026/3/6, 02:00:00, 5179.7, 5183.6, 5168.7, 5173.6, 292, 260, 157, 135
2026/3/6, 03:00:00, 5173.2, 5188.0, 5171.5, 5179.0, 246, 145, 101, 145
2026/3/6, 04:00:00, 5179.3, 5183.6, 5174.4, 5174.4, 73, 63, 29, 44
2026/3/6, 05:00:00, 5172.4, 5176.7, 5161.7, 5163.0, 129, 117, 58, 71
2026/3/6, 06:00:00, 5163.8, 5169.9, 5158.0, 5163.7, 111, 98, 64, 47
2026/3/6, 07:00:00, 5162.1, 5167.3, 5154.0, 5166.3, 146, 128, 75, 71
2026/3/6, 08:00:00, 5168.5, 5170.4, 5143.0, 5154.8, 167, 149, 94, 73
2026/3/6, 09:00:00, 5151.1, 5152.9, 5129.4, 5132.3, 260, 197, 133, 127
2026/3/6, 10:00:00, 5132.9, 5139.5, 5122.8, 5138.2, 175, 160, 102, 73
2026/3/6, 11:00:00, 5138.1, 5146.0, 5109.1, 5123.6, 292, 221, 190, 102
2026/3/6, 12:00:00, 5125.3, 5143.7, 5125.3, 5132.7, 199, 160, 113, 86
2026/3/6, 13:00:00, 5128.0, 5177.6, 5113.0, 5133.3, 829, 681, 392, 437
2026/3/6, 14:00:00, 5131.0, 5180.2, 5129.3, 5176.9, 648, 571, 261, 387
2026/3/6, 15:00:00, 5180.5, 5220.0, 5177.4, 5191.3, 1039, 877, 546, 493
2026/3/6, 16:00:00, 5190.9, 5201.2, 5175.0, 5188.9, 342, 292, 200, 142
2026/3/6, 17:00:00, 5187.6, 5201.1, 5177.5, 5188.4, 222, 185, 112, 110
2026/3/6, 18:00:00, 5190.2, 5215.9, 5187.9, 5211.0, 290, 243, 121, 169
2026/3/6, 19:00:00, 5210.0, 5223.0, 5205.6, 5208.7, 169, 146, 72, 97
2026/3/6, 20:00:00, 5208.2, 5209.4, 5198.2, 5200.5, 153, 137, 76, 77
2026/3/6, 21:00:00, 5198.9, 5223.0, 5198.9, 5220.1, 123, 112, 61, 62
2026/3/8, 22:00:00, 5225.0, 5242.8, 5155.0, 5179.1, 731, 641, 355, 376
2026/3/8, 23:00:00, 5180.7, 5184.9, 5089.4, 5120.9, 991, 845, 602, 389
2026/3/9, 00:00:00, 5120.7, 5128.2, 5073.7, 5095.1, 790, 689, 440, 350
2026/3/9, 01:00:00, 5093.6, 5132.4, 5059.6, 5115.3, 826, 725, 415, 411
2026/3/9, 02:00:00, 5110.6, 5143.3, 5100.0, 5139.9, 530, 460, 276, 254
2026/3/9, 03:00:00, 5144.2, 5147.6, 5126.5, 5136.2, 258, 227, 107, 151
2026/3/9, 04:00:00, 5136.1, 5140.4, 5130.3, 5133.5, 126, 98, 59, 67
2026/3/9, 05:00:00, 5132.9, 5185.1, 5126.1, 5170.0, 642, 498, 350, 292
2026/3/9, 06:00:00, 5171.7, 5180.0, 5143.6, 5143.6, 326, 283, 164, 162
2026/3/9, 07:00:00, 5143.7, 5152.2, 5134.9, 5145.7, 178, 153, 90, 88
2026/3/9, 08:00:00, 5149.4, 5156.4, 5135.0, 5143.6, 128, 124, 67, 61
2026/3/9, 09:00:00, 5144.0, 5179.4, 5143.0, 5151.8, 231, 212, 118, 113
2026/3/9, 10:00:00, 5153.0, 5157.9, 5130.0, 5137.5, 156, 137, 87, 69
2026/3/9, 11:00:00, 5135.3, 5142.0, 5125.0, 5135.0, 115, 101, 75, 40
2026/3/9, 12:00:00, 5135.4, 5159.0, 5135.4, 5141.9, 164, 140, 59, 105
2026/3/9, 13:00:00, 5142.0, 5155.7, 5114.4, 5122.5, 383, 329, 212, 171
2026/3/9, 14:00:00, 5120.0, 5163.1, 5106.2, 5141.6, 541, 466, 284, 257
2026/3/9, 15:00:00, 5140.1, 5150.6, 5127.0, 5150.0, 216, 181, 103, 113
2026/3/9, 16:00:00, 5147.0, 5157.3, 5142.2, 5152.0, 142, 124, 74, 68
2026/3/9, 17:00:00, 5150.7, 5153.3, 5137.2, 5146.5, 178, 161, 92, 86
2026/3/9, 18:00:00, 5143.0, 5175.1, 5141.4, 5173.6, 197, 156, 82, 115
2026/3/9, 19:00:00, 5174.4, 5193.0, 5167.2, 5192.1, 341, 294, 192, 149
2026/3/9, 20:00:00, 5192.0, 5196.0, 5182.8, 5186.3, 180, 107, 71, 109
2026/3/9, 22:00:00, 5195.0, 5202.0, 5167.3, 5200.5, 246, 201, 114, 132
2026/3/9, 23:00:00, 5202.2, 5204.3, 5185.7, 5189.7, 214, 196, 129, 85
2026/3/10, 00:00:00, 5186.0, 5189.3, 5174.0, 5178.9, 177, 147, 89, 88
2026/3/10, 01:00:00, 5179.5, 5233.6, 5174.0, 5231.7, 529, 452, 225, 304
2026/3/10, 02:00:00, 5232.5, 5234.0, 5211.2, 5213.1, 318, 245, 176, 142
2026/3/10, 03:00:00, 5212.9, 5220.1, 5202.1, 5205.4, 237, 188, 135, 102
2026/3/10, 04:00:00, 5204.2, 5213.6, 5202.7, 5210.8, 101, 76, 51, 50
2026/3/10, 05:00:00, 5211.5, 5226.6, 5211.5, 5224.9, 162, 115, 52, 110
2026/3/10, 06:00:00, 5225.8, 5228.0, 5221.2, 5223.2, 124, 84, 61, 63
2026/3/10, 07:00:00, 5222.3, 5230.0, 5208.5, 5229.3, 172, 151, 88, 84
2026/3/10, 08:00:00, 5231.0, 5243.1, 5224.9, 5231.9, 224, 179, 99, 125
2026/3/10, 09:00:00, 5230.0, 5237.0, 5229.5, 5233.5, 67, 59, 48, 19
2026/3/10, 10:00:00, 5229.9, 5231.5, 5205.0, 5225.8, 199, 184, 116, 83
2026/3/10, 11:00:00, 5225.4, 5240.5, 5220.9, 5222.0, 249, 214, 136, 113
2026/3/10, 12:00:00, 5221.0, 5238.0, 5211.6, 5235.4, 310, 273, 174, 136
2026/3/10, 13:00:00, 5235.6, 5277.1, 5234.5, 5254.4, 925, 700, 409, 516
2026/3/10, 14:00:00, 5255.1, 5263.4, 5233.7, 5258.0, 481, 408, 228, 253
2026/3/10, 15:00:00, 5256.9, 5288.0, 5252.9, 5277.3, 514, 389, 215, 299
2026/3/10, 16:00:00, 5276.0, 5284.4, 5272.0, 5275.2, 321, 217, 166, 155
2026/3/10, 17:00:00, 5276.9, 5283.5, 5273.1, 5277.0, 246, 208, 99, 147
2026/3/10, 18:00:00, 5276.1, 5276.1, 5208.4, 5238.9, 614, 528, 382, 232
2026/3/10, 19:00:00, 5238.5, 5255.1, 5227.4, 5245.4, 232, 202, 109, 123
2026/3/10, 20:00:00, 5242.1, 5246.0, 5239.9, 5240.0, 74, 67, 26, 48
2026/3/10, 22:00:00, 5238.0, 5245.0, 5231.2, 5235.7, 139, 130, 69, 70
2026/3/10, 23:00:00, 5237.3, 5243.4, 5235.1, 5242.0, 137, 97, 95, 42
2026/3/11, 00:00:00, 5244.4, 5265.9, 5234.0, 5263.9, 273, 222, 109, 164
2026/3/11, 01:00:00, 5266.2, 5270.0, 5256.6, 5256.9, 216, 188, 95, 121
2026/3/11, 02:00:00, 5255.1, 5266.9, 5242.0, 5264.2, 245, 223, 135, 110
2026/3/11, 03:00:00, 5265.6, 5268.0, 5247.1, 5251.0, 165, 149, 82, 83
2026/3/11, 04:00:00, 5251.8, 5255.7, 5246.9, 5251.4, 86, 79, 48, 38
2026/3/11, 05:00:00, 5252.4, 5255.6, 5238.2, 5246.1, 168, 144, 84, 84
2026/3/11, 06:00:00, 5245.3, 5256.5, 5239.5, 5245.1, 166, 130, 109, 57
2026/3/11, 07:00:00, 5245.1, 5248.4, 5231.5, 5243.0, 151, 136, 86, 65
2026/3/11, 08:00:00, 5240.7, 5245.1, 5223.8, 5235.0, 224, 212, 117, 107
2026/3/11, 09:00:00, 5233.4, 5243.6, 5227.1, 5236.6, 176, 160, 100, 76
2026/3/11, 10:00:00, 5234.6, 5241.8, 5224.0, 5232.0, 144, 116, 87, 57
2026/3/11, 11:00:00, 5239.1, 5240.4, 5222.5, 5227.9, 134, 119, 56, 78
2026/3/11, 12:00:00, 5226.4, 5245.0, 5212.7, 5213.3, 407, 347, 235, 172
2026/3/11, 13:00:00, 5213.3, 5230.0, 5195.0, 5223.3, 556, 486, 295, 261
2026/3/11, 14:00:00, 5224.0, 5242.0, 5221.4, 5229.7, 440, 363, 215, 225
2026/3/11, 15:00:00, 5231.5, 5231.5, 5210.7, 5214.0, 217, 182, 113, 104
2026/3/11, 16:00:00, 5212.8, 5224.6, 5209.6, 5222.2, 99, 83, 49, 50
2026/3/11, 17:00:00, 5225.0, 5226.8, 5199.7, 5214.7, 427, 316, 299, 128
2026/3/11, 18:00:00, 5215.1, 5224.9, 5215.1, 5218.2, 190, 107, 52, 138
2026/3/11, 19:00:00, 5218.1, 5229.9, 5217.8, 5229.4, 94, 76, 28, 66
2026/3/11, 20:00:00, 5229.8, 5230.3, 5222.2, 5222.2, 96, 74, 31, 65
2026/3/11, 22:00:00, 5223.2, 5227.2, 5175.0, 5184.1, 338, 270, 224, 114
2026/3/11, 23:00:00, 5180.6, 5201.4, 5178.0, 5178.0, 325, 260, 186, 139
2026/3/12, 00:00:00, 5178.1, 5205.3, 5170.0, 5198.7, 313, 265, 132, 181
2026/3/12, 01:00:00, 5196.2, 5217.0, 5196.2, 5213.1, 260, 233, 120, 140
2026/3/12, 02:00:00, 5212.6, 5218.7, 5189.9, 5194.1, 340, 288, 159, 181
2026/3/12, 03:00:00, 5194.0, 5198.7, 5192.2, 5196.9, 131, 111, 50, 81
2026/3/12, 04:00:00, 5196.5, 5197.6, 5184.2, 5185.7, 111, 95, 55, 56
2026/3/12, 05:00:00, 5187.3, 5200.8, 5181.0, 5198.5, 190, 161, 85, 105
2026/3/12, 06:00:00, 5199.1, 5215.0, 5191.5, 5211.4, 224, 181, 137, 87
2026/3/12, 07:00:00, 5209.6, 5228.9, 5209.6, 5224.6, 185, 156, 72, 113
2026/3/12, 08:00:00, 5228.8, 5233.9, 5221.3, 5225.1, 130, 110, 62, 68
2026/3/12, 09:00:00, 5223.4, 5235.0, 5218.8, 5234.0, 133, 104, 81, 52
2026/3/12, 10:00:00, 5234.5, 5236.7, 5220.9, 5226.7, 113, 100, 60, 53
2026/3/12, 11:00:00, 5227.2, 5227.6, 5219.0, 5224.5, 49, 43, 25, 24
2026/3/12, 12:00:00, 5222.9, 5230.0, 5208.5, 5224.4, 212, 183, 98, 114
2026/3/12, 13:00:00, 5228.8, 5230.3, 5191.0, 5199.0, 393, 328, 203, 190
2026/3/12, 14:00:00, 5195.4, 5207.7, 5182.8, 5188.5, 415, 328, 222, 193
2026/3/12, 15:00:00, 5187.9, 5189.4, 5153.8, 5176.1, 883, 662, 474, 409
2026/3/12, 16:00:00, 5176.2, 5182.3, 5165.5, 5167.3, 417, 312, 189, 228
2026/3/12, 17:00:00, 5169.7, 5173.1, 5147.3, 5149.0, 370, 301, 265, 105
2026/3/12, 18:00:00, 5150.7, 5157.0, 5133.3, 5138.0, 363, 295, 203, 160
2026/3/12, 19:00:00, 5137.5, 5140.6, 5123.1, 5129.8, 462, 373, 225, 237
2026/3/12, 20:00:00, 5130.1, 5135.5, 5097.3, 5121.9, 512, 410, 344, 168
2026/3/12, 22:00:00, 5125.0, 5137.0, 5114.9, 5137.0, 206, 187, 96, 110
2026/3/12, 23:00:00, 5134.7, 5142.2, 5131.6, 5140.5, 193, 168, 85, 108
2026/3/13, 00:00:00, 5138.4, 5155.2, 5138.4, 5153.9, 201, 175, 81, 120
2026/3/13, 01:00:00, 5154.3, 5165.6, 5149.7, 5165.6, 397, 341, 187, 210
2026/3/13, 02:00:00, 5166.0, 5170.3, 5152.1, 5154.6, 270, 222, 140, 130
2026/3/13, 03:00:00, 5151.1, 5157.6, 5148.3, 5157.6, 199, 169, 93, 106
2026/3/13, 04:00:00, 5156.8, 5157.6, 5144.0, 5145.0, 112, 99, 52, 60
2026/3/13, 05:00:00, 5145.7, 5150.9, 5138.1, 5143.2, 171, 134, 102, 69
2026/3/13, 06:00:00, 5144.0, 5148.2, 5126.8, 5129.8, 256, 213, 140, 116
2026/3/13, 07:00:00, 5127.6, 5135.6, 5113.4, 5125.5, 322, 290, 202, 120
2026/3/13, 08:00:00, 5125.6, 5130.2, 5104.2, 5130.2, 306, 269, 169, 137
2026/3/13, 09:00:00, 5129.4, 5139.6, 5126.1, 5131.9, 180, 156, 98, 82
2026/3/13, 10:00:00, 5130.3, 5140.2, 5123.0, 5138.1, 85, 78, 46, 39
2026/3/13, 11:00:00, 5138.3, 5150.0, 5129.3, 5150.0, 123, 119, 48, 75
2026/3/13, 12:00:00, 5151.0, 5165.4, 5147.5, 5161.4, 419, 346, 173, 246
2026/3/13, 13:00:00, 5162.9, 5165.3, 5140.4, 5146.1, 333, 272, 176, 157
2026/3/13, 14:00:00, 5140.4, 5151.3, 5078.1, 5082.9, 1026, 809, 672, 354
2026/3/13, 15:00:00, 5082.3, 5112.9, 5070.6, 5074.7, 830, 639, 436, 394
2026/3/13, 16:00:00, 5075.1, 5093.2, 5060.4, 5088.1, 593, 496, 297, 296
2026/3/13, 17:00:00, 5088.8, 5105.5, 5085.0, 5088.1, 408, 346, 250, 158
2026/3/13, 18:00:00, 5088.0, 5092.9, 5077.8, 5086.4, 262, 210, 85, 177
2026/3/13, 19:00:00, 5088.9, 5090.1, 5051.3, 5058.9, 588, 412, 310, 278
2026/3/13, 20:00:00, 5059.1, 5066.6, 5054.8, 5059.6, 319, 252, 144, 175
2026/3/15, 22:00:00, 5049.3, 5071.1, 5036.8, 5066.4, 569, 425, 268, 301
2026/3/15, 23:00:00, 5065.0, 5066.5, 5008.0, 5035.7, 771, 643, 472, 299
2026/3/16, 00:00:00, 5040.0, 5071.6, 5040.0, 5068.0, 525, 407, 195, 330
2026/3/16, 01:00:00, 5067.6, 5067.6, 5023.9, 5055.7, 536, 476, 279, 257
2026/3/16, 02:00:00, 5057.5, 5058.3, 5038.0, 5044.2, 214, 184, 108, 106
2026/3/16, 03:00:00, 5041.6, 5060.6, 5038.9, 5059.5, 225, 200, 123, 102
2026/3/16, 04:00:00, 5059.6, 5066.5, 5053.1, 5053.5, 161, 143, 91, 70
2026/3/16, 05:00:00, 5055.2, 5060.2, 5044.4, 5057.4, 166, 154, 81, 85
2026/3/16, 06:00:00, 5058.3, 5076.0, 5046.0, 5052.9, 499, 405, 257, 242
2026/3/16, 07:00:00, 5050.9, 5056.5, 5031.7, 5037.1, 393, 337, 238, 155
2026/3/16, 08:00:00, 5035.0, 5043.9, 5025.0, 5030.9, 414, 341, 248, 166
2026/3/16, 09:00:00, 5029.8, 5031.5, 5014.2, 5015.6, 367, 307, 217, 150
2026/3/16, 10:00:00, 5015.9, 5041.1, 5011.0, 5041.0, 351, 276, 157, 194
2026/3/16, 11:00:00, 5042.3, 5064.0, 5034.2, 5038.3, 513, 402, 293, 220
2026/3/16, 12:00:00, 5037.6, 5069.1, 5037.6, 5062.0, 399, 362, 196, 203
2026/3/16, 13:00:00, 5062.0, 5078.0, 5056.4, 5072.8, 648, 563, 273, 375
2026/3/16, 14:00:00, 5073.6, 5081.6, 5030.0, 5038.9, 982, 830, 501, 481
2026/3/16, 15:00:00, 5039.1, 5047.3, 5026.3, 5029.1, 621, 556, 332, 289
2026/3/16, 16:00:00, 5028.0, 5041.1, 5016.0, 5032.8, 460, 437, 237, 223
2026/3/16, 17:00:00, 5034.0, 5046.7, 5027.0, 5034.0, 427, 388, 185, 242
2026/3/16, 18:00:00, 5034.2, 5061.0, 5033.6, 5056.1, 308, 276, 148, 160
2026/3/16, 19:00:00, 5057.2, 5063.8, 5051.7, 5056.5, 207, 188, 96, 111
2026/3/16, 20:00:00, 5056.3, 5065.3, 5048.8, 5049.2, 147, 126, 78, 69
2026/3/16, 22:00:00, 5050.5, 5058.3, 5041.6, 5045.0, 165, 141, 74, 91
2026/3/16, 23:00:00, 5045.9, 5057.9, 5045.9, 5056.3, 88, 84, 40, 48
2026/3/17, 00:00:00, 5055.8, 5055.8, 5041.1, 5043.5, 128, 107, 79, 49
2026/3/17, 01:00:00, 5042.2, 5069.6, 5036.0, 5069.6, 339, 270, 118, 221
2026/3/17, 02:00:00, 5069.2, 5071.0, 5062.0, 5063.7, 211, 180, 101, 110
2026/3/17, 03:00:00, 5062.6, 5074.0, 5061.9, 5069.0, 230, 215, 121, 109
2026/3/17, 04:00:00, 5068.7, 5084.0, 5067.9, 5080.3, 382, 335, 171, 211
2026/3/17, 05:00:00, 5080.2, 5086.2, 5061.8, 5062.3, 443, 363, 212, 231
2026/3/17, 06:00:00, 5061.8, 5063.2, 5047.1, 5050.7, 380, 332, 216, 164
2026/3/17, 07:00:00, 5050.7, 5069.0, 5050.7, 5063.0, 236, 202, 149, 87
2026/3/17, 08:00:00, 5062.0, 5070.5, 5060.1, 5066.9, 181, 162, 92, 89
2026/3/17, 09:00:00, 5065.5, 5066.2, 5052.5, 5052.5, 186, 174, 84, 102
2026/3/17, 10:00:00, 5051.4, 5056.3, 5032.9, 5042.7, 294, 243, 174, 120
2026/3/17, 11:00:00, 5041.4, 5052.4, 5038.0, 5044.0, 179, 147, 67, 112
2026/3/17, 12:00:00, 5044.6, 5065.4, 5041.0, 5054.0, 360, 314, 211, 149
2026/3/17, 13:00:00, 5054.2, 5073.9, 5048.0, 5058.8, 570, 474, 304, 266
2026/3/17, 14:00:00, 5059.5, 5062.5, 5045.0, 5049.1, 460, 387, 250, 210
2026/3/17, 15:00:00, 5049.0, 5059.0, 5014.4, 5038.7, 932, 838, 504, 428
2026/3/17, 16:00:00, 5039.3, 5047.1, 5034.1, 5044.1, 340, 276, 169, 171
2026/3/17, 17:00:00, 5045.2, 5051.1, 5038.0, 5043.7, 271, 240, 117, 154
2026/3/17, 18:00:00, 5043.7, 5050.7, 5040.9, 5044.9, 123, 117, 66, 57
2026/3/17, 19:00:00, 5044.8, 5045.5, 5037.8, 5042.4, 137, 128, 59, 78
2026/3/17, 20:00:00, 5042.5, 5049.9, 5042.5, 5048.3, 44, 38, 19, 25
2026/3/17, 22:00:00, 5047.0, 5047.7, 5034.1, 5040.4, 125, 106, 74, 51
2026/3/17, 23:00:00, 5041.6, 5045.0, 5040.2, 5043.1, 97, 71, 50, 47
2026/3/18, 00:00:00, 5042.8, 5054.8, 5041.9, 5046.8, 138, 115, 60, 78
2026/3/18, 01:00:00, 5045.2, 5058.1, 5032.6, 5039.6, 405, 357, 209, 196
2026/3/18, 02:00:00, 5040.4, 5046.9, 5031.0, 5032.0, 251, 194, 131, 120
2026/3/18, 03:00:00, 5032.5, 5037.3, 5027.2, 5030.3, 252, 217, 139, 113
2026/3/18, 04:00:00, 5031.7, 5033.5, 5022.0, 5026.9, 401, 360, 156, 245
2026/3/18, 05:00:00, 5027.1, 5042.6, 5025.0, 5038.1, 571, 541, 164, 407
2026/3/18, 06:00:00, 5038.2, 5057.2, 5036.9, 5051.0, 379, 322, 157, 222
2026/3/18, 07:00:00, 5051.3, 5054.8, 5031.8, 5036.3, 242, 200, 103, 139
2026/3/18, 08:00:00, 5035.8, 5037.9, 5019.0, 5028.0, 499, 433, 321, 178
2026/3/18, 09:00:00, 5027.8, 5036.9, 5026.5, 5034.6, 167, 140, 87, 80
2026/3/18, 10:00:00, 5031.1, 5032.6, 4997.2, 5009.1, 747, 549, 438, 309
2026/3/18, 11:00:00, 5010.1, 5014.4, 4966.0, 4971.2, 1492, 1298, 841, 651
2026/3/18, 12:00:00, 4971.3, 4972.7, 4910.0, 4921.1, 2602, 2311, 1431, 1171
2026/3/18, 13:00:00, 4918.3, 4925.2, 4874.0, 4918.7, 2353, 1961, 1205, 1148
2026/3/18, 14:00:00, 4919.6, 4935.3, 4896.0, 4909.8, 1362, 972, 721, 641
2026/3/18, 15:00:00, 4910.7, 4920.0, 4901.5, 4902.6, 594, 448, 308, 286
2026/3/18, 16:00:00, 4903.1, 4931.0, 4901.1, 4928.0, 491, 406, 238, 253
2026/3/18, 17:00:00, 4928.6, 4940.7, 4925.5, 4931.7, 494, 406, 308, 186
2026/3/18, 18:00:00, 4931.4, 4940.7, 4893.2, 4893.2, 638, 591, 359, 279
2026/3/18, 19:00:00, 4893.0, 4905.1, 4876.4, 4883.4, 795, 661, 416, 379
2026/3/18, 20:00:00, 4882.8, 4887.6, 4847.1, 4860.0, 898, 713, 483, 415
2026/3/18, 22:00:00, 4865.0, 4876.9, 4842.4, 4873.3, 555, 437, 272, 283
2026/3/18, 23:00:00, 4870.2, 4881.1, 4867.0, 4873.6, 337, 273, 163, 174
2026/3/19, 00:00:00, 4875.9, 4886.6, 4875.0, 4879.0, 286, 214, 161, 125
2026/3/19, 01:00:00, 4878.7, 4903.8, 4871.0, 4887.4, 619, 536, 235, 384
2026/3/19, 02:00:00, 4889.5, 4899.5, 4878.6, 4896.3, 274, 254, 155, 119
2026/3/19, 03:00:00, 4896.7, 4903.0, 4888.7, 4889.2, 226, 197, 121, 105
2026/3/19, 04:00:00, 4889.2, 4891.3, 4885.0, 4888.6, 103, 90, 42, 61
