Date, Time, Open, High, Low, Last, Volume, NumberOfTrades, BidVolume, AskVolume
2026/2/17, 23:00:00, 4964.0, 4970.0, 4950.0, 4950.1, 7, 7, 4, 3
2026/2/18, 00:00:00, 4954.3, 4971.0, 4954.3, 4970.4, 13, 13, 5, 8
2026/2/18, 01:00:00, 4969.3, 4980.7, 4969.3, 4980.0, 24, 22, 12, 12
2026/2/18, 02:00:00, 4990.0, 4997.6, 4987.3, 4996.2, 35, 33, 13, 22
2026/2/18, 03:00:00, 4997.9, 5013.8, 4997.9, 5013.8, 10, 10, 3, 7
2026/2/18, 04:00:00, 5014.3, 5030.7, 5014.3, 5026.0, 45, 41, 31, 14
2026/2/18, 05:00:00, 5028.8, 5029.9, 5025.0, 5026.8, 7, 7, 4, 3
2026/2/18, 06:00:00, 5021.3, 5028.2, 5018.7, 5027.6, 19, 13, 10, 9
2026/2/18, 07:00:00, 5029.0, 5029.5, 5023.0, 5023.0, 7, 7, 3, 4
2026/2/18, 08:00:00, 5021.8, 5021.8, 5011.7, 5012.5, 19, 17, 14, 5
2026/2/18, 09:00:00, 5010.3, 5016.0, 5007.6, 5013.0, 12, 12, 4, 8
2026/2/18, 10:00:00, 5012.0, 5012.0, 5004.6, 5006.7, 4, 4, 3, 1
2026/2/18, 11:00:00, 5006.9, 5009.7, 5003.8, 5003.8, 5, 5, 2, 3
2026/2/18, 12:00:00, 5012.6, 5036.0, 5012.2, 5036.0, 20, 18, 2, 18
2026/2/18, 13:00:00, 5044.3, 5061.3, 5041.0, 5044.9, 60, 42, 31, 29
2026/2/18, 14:00:00, 5055.0, 5088.8, 5049.4, 5088.8, 63, 54, 40, 23
2026/2/18, 15:00:00, 5089.7, 5101.8, 5089.7, 5090.0, 70, 55, 36, 34
2026/2/18, 16:00:00, 5092.5, 5104.0, 5086.3, 5104.0, 35, 24, 21, 14
2026/2/18, 17:00:00, 5096.0, 5096.0, 5091.6, 5092.8, 19, 17, 13, 6
2026/2/18, 18:00:00, 5093.6, 5093.6, 5075.7, 5080.0, 18, 16, 7, 11
2026/2/18, 19:00:00, 5085.3, 5089.0, 5068.5, 5074.1, 25, 18, 15, 10
2026/2/18, 20:00:00, 5072.9, 5080.0, 5072.9, 5075.4, 41, 17, 38, 3
2026/2/18, 21:00:00, 5078.3, 5078.3, 5073.8, 5074.7, 7, 3, 5, 2
2026/2/18, 23:00:00, 5065.0, 5079.1, 5060.9, 5068.3, 12, 11, 4, 8
2026/2/19, 00:00:00, 5053.0, 5064.0, 5053.0, 5053.0, 7, 7, 4, 3
2026/2/19, 01:00:00, 5057.1, 5059.3, 5057.1, 5058.5, 4, 4, 2, 2
2026/2/19, 02:00:00, 5066.3, 5070.4, 5066.0, 5066.0, 18, 17, 10, 8
2026/2/19, 04:00:00, 5072.9, 5077.0, 5070.2, 5077.0, 7, 7, 1, 6
2026/2/19, 05:00:00, 5078.8, 5091.1, 5078.4, 5088.5, 27, 25, 7, 20
2026/2/19, 06:00:00, 5090.0, 5112.0, 5090.0, 5112.0, 28, 15, 20, 8
2026/2/19, 07:00:00, 5112.8, 5112.8, 5103.0, 5103.0, 8, 7, 6, 2
2026/2/19, 08:00:00, 5103.0, 5115.5, 5103.0, 5107.0, 8, 8, 4, 4
2026/2/19, 09:00:00, 5106.9, 5106.9, 5088.0, 5089.2, 30, 27, 14, 16
2026/2/19, 10:00:00, 5079.3, 5085.8, 5079.3, 5084.9, 8, 8, 5, 3
2026/2/19, 11:00:00, 5077.8, 5080.2, 5075.8, 5075.8, 20, 11, 9, 11
2026/2/19, 12:00:00, 5074.8, 5082.5, 5074.8, 5080.0, 3, 3, 2, 1
2026/2/19, 13:00:00, 5075.8, 5092.7, 5071.2, 5091.9, 29, 27, 14, 15
2026/2/19, 14:00:00, 5080.8, 5102.5, 5059.3, 5100.6, 50, 40, 35, 15
2026/2/19, 15:00:00, 5097.0, 5115.9, 5094.9, 5107.5, 66, 55, 32, 34
2026/2/19, 16:00:00, 5108.0, 5108.0, 5085.0, 5085.0, 45, 35, 17, 28
2026/2/19, 17:00:00, 5090.9, 5092.5, 5078.9, 5078.9, 20, 18, 9, 11
2026/2/19, 18:00:00, 5078.2, 5078.3, 5070.3, 5075.3, 22, 17, 8, 14
2026/2/19, 19:00:00, 5075.5, 5083.9, 5075.5, 5079.6, 18, 16, 8, 10
2026/2/19, 20:00:00, 5084.0, 5093.1, 5084.0, 5093.1, 7, 5, 3, 4
2026/2/19, 21:00:00, 5093.3, 5093.3, 5091.7, 5092.3, 5, 5, 3, 2
2026/2/19, 23:00:00, 5093.2, 5100.6, 5080.0, 5081.7, 7, 7, 2, 5
2026/2/20, 00:00:00, 5085.0, 5096.5, 5081.6, 5096.5, 9, 8, 3, 6
2026/2/20, 01:00:00, 5100.6, 5106.8, 5089.7, 5089.7, 16, 16, 8, 8
2026/2/20, 02:00:00, 5089.3, 5100.0, 5086.8, 5087.0, 15, 15, 9, 6
2026/2/20, 03:00:00, 5082.8, 5091.5, 5079.9, 5085.0, 17, 17, 9, 8
2026/2/20, 04:00:00, 5084.9, 5093.8, 5084.5, 5090.4, 13, 13, 10, 3
2026/2/20, 05:00:00, 5093.6, 5104.7, 5092.1, 5104.7, 19, 19, 7, 12
2026/2/20, 06:00:00, 5107.7, 5122.9, 5106.6, 5117.3, 38, 28, 23, 15
2026/2/20, 07:00:00, 5115.0, 5119.8, 5101.0, 5101.0, 17, 16, 8, 9
2026/2/20, 08:00:00, 5104.7, 5125.0, 5100.1, 5125.0, 40, 40, 19, 21
2026/2/20, 09:00:00, 5126.0, 5135.0, 5126.0, 5127.5, 20, 15, 14, 6
2026/2/20, 10:00:00, 5121.6, 5131.2, 5119.0, 5127.7, 9, 9, 5, 4
2026/2/20, 11:00:00, 5128.4, 5128.4, 5110.0, 5110.0, 23, 20, 11, 12
2026/2/20, 12:00:00, 5110.0, 5117.9, 5108.9, 5116.5, 15, 15, 7, 8
2026/2/20, 13:00:00, 5118.2, 5144.1, 5118.2, 5140.5, 31, 27, 13, 18
2026/2/20, 14:00:00, 5140.0, 5157.0, 5135.8, 5147.6, 40, 40, 11, 29
2026/2/20, 15:00:00, 5133.0, 5143.9, 5087.2, 5138.5, 101, 78, 28, 73
2026/2/20, 16:00:00, 5143.8, 5164.4, 5135.8, 5162.7, 30, 27, 20, 10
2026/2/20, 17:00:00, 5164.1, 5172.8, 5154.2, 5171.4, 38, 33, 23, 15
2026/2/20, 18:00:00, 5170.6, 5171.0, 5164.0, 5170.0, 12, 12, 4, 8
2026/2/20, 19:00:00, 5171.1, 5180.0, 5171.0, 5179.4, 16, 13, 13, 3
2026/2/20, 20:00:00, 5177.7, 5195.3, 5177.7, 5195.3, 33, 25, 12, 21
2026/2/20, 21:00:00, 5194.0, 5205.0, 5192.0, 5204.0, 37, 32, 9, 28
2026/2/22, 23:00:00, 5204.1, 5269.1, 5203.8, 5266.4, 120, 104, 51, 69
2026/2/23, 00:00:00, 5265.3, 5265.3, 5229.0, 5245.0, 77, 66, 40, 37
2026/2/23, 01:00:00, 5240.0, 5265.1, 5240.0, 5260.0, 48, 37, 18, 30
2026/2/23, 02:00:00, 5264.2, 5276.4, 5259.5, 5274.5, 25, 24, 7, 18
2026/2/23, 03:00:00, 5275.5, 5276.0, 5254.0, 5267.1, 29, 25, 18, 11
2026/2/23, 04:00:00, 5267.9, 5267.9, 5256.9, 5257.8, 23, 18, 15, 8
2026/2/23, 05:00:00, 5256.3, 5258.1, 5253.7, 5258.1, 12, 12, 8, 4
2026/2/23, 06:00:00, 5260.0, 5260.1, 5245.0, 5245.0, 40, 38, 33, 7
2026/2/23, 07:00:00, 5243.0, 5251.6, 5225.0, 5237.0, 28, 23, 14, 14
2026/2/23, 08:00:00, 5232.6, 5236.3, 5222.5, 5227.4, 26, 20, 5, 21
2026/2/23, 09:00:00, 5242.4, 5247.6, 5242.4, 5245.5, 40, 27, 31, 9
2026/2/23, 10:00:00, 5249.0, 5261.2, 5248.0, 5261.1, 28, 21, 15, 13
2026/2/23, 11:00:00, 5248.0, 5252.7, 5248.0, 5249.0, 8, 8, 6, 2
2026/2/23, 12:00:00, 5248.0, 5263.4, 5248.0, 5262.5, 28, 23, 19, 9
2026/2/23, 13:00:00, 5262.0, 5262.0, 5243.6, 5244.4, 107, 98, 89, 18
2026/2/23, 14:00:00, 5244.0, 5300.4, 5243.0, 5290.3, 256, 214, 150, 106
2026/2/23, 15:00:00, 5290.3, 5305.0, 5285.3, 5295.3, 65, 51, 17, 48
2026/2/23, 16:00:00, 5292.8, 5319.1, 5277.0, 5314.1, 102, 78, 33, 69
2026/2/23, 17:00:00, 5310.2, 5310.2, 5289.8, 5305.0, 52, 40, 30, 22
2026/2/23, 18:00:00, 5301.2, 5308.8, 5301.2, 5304.5, 6, 6, 3, 3
2026/2/23, 19:00:00, 5308.0, 5316.0, 5307.9, 5314.0, 51, 31, 41, 10
2026/2/23, 20:00:00, 5315.0, 5335.3, 5315.0, 5335.3, 36, 35, 8, 28
2026/2/23, 21:00:00, 5334.7, 5334.7, 5326.2, 5326.6, 25, 24, 21, 4
2026/2/23, 23:00:00, 5337.0, 5346.9, 5334.7, 5335.0, 33, 31, 15, 18
2026/2/24, 00:00:00, 5330.0, 5332.0, 5317.1, 5321.2, 36, 30, 26, 10
2026/2/24, 01:00:00, 5315.0, 5315.0, 5243.1, 5267.0, 108, 98, 61, 47
2026/2/24, 02:00:00, 5275.0, 5285.0, 5264.9, 5284.0, 23, 22, 9, 14
2026/2/24, 03:00:00, 5289.4, 5290.0, 5270.7, 5270.7, 14, 14, 8, 6
2026/2/24, 04:00:00, 5260.0, 5271.1, 5260.0, 5268.4, 12, 12, 8, 4
2026/2/24, 05:00:00, 5264.0, 5278.4, 5264.0, 5278.4, 4, 4, 2, 2
2026/2/24, 06:00:00, 5276.0, 5283.3, 5264.0, 5264.0, 17, 17, 8, 9
2026/2/24, 07:00:00, 5268.2, 5278.5, 5264.0, 5278.5, 6, 6, 3, 3
2026/2/24, 08:00:00, 5264.2, 5279.0, 5264.2, 5268.2, 9, 6, 1, 8
2026/2/24, 09:00:00, 5277.9, 5277.9, 5265.4, 5265.4, 11, 11, 6, 5
2026/2/24, 10:00:00, 5262.3, 5266.0, 5261.9, 5266.0, 7, 4, 1, 6
2026/2/24, 11:00:00, 5272.3, 5272.3, 5272.3, 5272.3, 2, 1, 0, 2
2026/2/24, 12:00:00, 5268.0, 5268.0, 5242.5, 5248.2, 34, 30, 19, 15
2026/2/24, 13:00:00, 5255.6, 5255.6, 5208.7, 5208.7, 73, 53, 55, 18
2026/2/24, 14:00:00, 5213.4, 5235.2, 5197.8, 5226.1, 72, 59, 36, 36
2026/2/24, 15:00:00, 5219.7, 5251.6, 5219.7, 5243.2, 63, 55, 29, 34
2026/2/24, 16:00:00, 5247.0, 5247.0, 5239.1, 5239.1, 5, 4, 4, 1
2026/2/24, 17:00:00, 5239.1, 5260.1, 5239.1, 5260.1, 14, 14, 9, 5
2026/2/24, 18:00:00, 5261.6, 5266.0, 5251.5, 5258.1, 28, 27, 20, 8
2026/2/24, 19:00:00, 5245.3, 5251.9, 5245.3, 5249.9, 15, 9, 14, 1
2026/2/24, 20:00:00, 5255.3, 5268.6, 5255.3, 5259.5, 24, 22, 15, 9
2026/2/24, 21:00:00, 5256.4, 5256.4, 5245.0, 5245.0, 2, 2, 1, 1
2026/2/24, 23:00:00, 5239.7, 5248.0, 5220.0, 5248.0, 23, 19, 11, 12
2026/2/25, 00:00:00, 5236.7, 5250.7, 5235.0, 5248.7, 19, 17, 6, 13
2026/2/25, 01:00:00, 5270.0, 5285.1, 5270.0, 5271.7, 28, 23, 9, 19
2026/2/25, 02:00:00, 5277.0, 5290.1, 5272.0, 5274.1, 55, 41, 36, 19
2026/2/25, 03:00:00, 5285.1, 5285.1, 5276.0, 5276.0, 14, 14, 11, 3
2026/2/25, 04:00:00, 5275.4, 5282.6, 5272.3, 5280.6, 7, 7, 3, 4
2026/2/25, 05:00:00, 5285.7, 5301.4, 5285.0, 5299.5, 27, 26, 13, 14
2026/2/25, 06:00:00, 5290.0, 5291.7, 5285.8, 5289.9, 18, 16, 3, 15
2026/2/25, 07:00:00, 5286.3, 5290.3, 5279.9, 5282.4, 20, 15, 15, 5
2026/2/25, 08:00:00, 5286.9, 5294.4, 5284.7, 5284.7, 20, 19, 8, 12
2026/2/25, 09:00:00, 5279.3, 5292.1, 5277.5, 5292.1, 9, 9, 3, 6
2026/2/25, 10:00:00, 5291.6, 5292.8, 5269.6, 5270.2, 13, 13, 6, 7
2026/2/25, 11:00:00, 5271.5, 5271.5, 5253.0, 5265.0, 33, 19, 6, 27
2026/2/25, 12:00:00, 5278.2, 5281.6, 5277.2, 5279.2, 20, 19, 7, 13
2026/2/25, 13:00:00, 5281.9, 5287.5, 5281.4, 5284.9, 34, 22, 28, 6
2026/2/25, 14:00:00, 5280.1, 5290.0, 5258.0, 5288.0, 25, 24, 12, 13
2026/2/25, 15:00:00, 5289.2, 5300.0, 5274.8, 5296.2, 33, 29, 13, 20
2026/2/25, 16:00:00, 5292.8, 5312.1, 5291.7, 5311.1, 56, 39, 36, 20
2026/2/25, 17:00:00, 5310.5, 5316.0, 5305.4, 5305.4, 17, 14, 11, 6
2026/2/25, 19:00:00, 5300.0, 5304.9, 5300.0, 5304.0, 6, 6, 6, 0
2026/2/25, 20:00:00, 5301.0, 5301.0, 5246.1, 5248.2, 39, 35, 22, 17
2026/2/25, 21:00:00, 5252.2, 5267.2, 5252.2, 5259.7, 33, 25, 15, 18
2026/2/25, 23:00:00, 5265.0, 5274.5, 5263.7, 5268.1, 17, 14, 1, 16
2026/2/26, 00:00:00, 5250.0, 5284.1, 5250.0, 5284.1, 23, 19, 15, 8
2026/2/26, 01:00:00, 5289.0, 5289.7, 5275.7, 5285.9, 9, 8, 5, 4
2026/2/26, 02:00:00, 5288.9, 5288.9, 5269.7, 5276.3, 22, 21, 8, 14
2026/2/26, 03:00:00, 5278.7, 5287.5, 5278.7, 5285.9, 32, 24, 18, 14
2026/2/26, 04:00:00, 5288.9, 5291.5, 5285.7, 5285.7, 26, 24, 22, 4
2026/2/26, 05:00:00, 5287.4, 5300.0, 5285.0, 5288.7, 17, 15, 7, 10
2026/2/26, 06:00:00, 5291.0, 5291.0, 5287.5, 5287.5, 12, 12, 7, 5
2026/2/26, 07:00:00, 5285.0, 5285.0, 5278.5, 5283.1, 4, 4, 3, 1
2026/2/26, 08:00:00, 5275.0, 5281.5, 5265.2, 5265.2, 10, 10, 6, 4
2026/2/26, 09:00:00, 5269.1, 5282.1, 5269.1, 5282.1, 9, 9, 1, 8
2026/2/26, 10:00:00, 5283.9, 5284.7, 5259.8, 5259.8, 12, 12, 6, 6
2026/2/26, 11:00:00, 5269.9, 5271.0, 5255.0, 5258.7, 12, 12, 6, 6
2026/2/26, 12:00:00, 5260.8, 5281.3, 5253.0, 5275.5, 43, 35, 22, 21
2026/2/26, 13:00:00, 5279.2, 5279.2, 5259.6, 5259.6, 9, 9, 3, 6
2026/2/26, 14:00:00, 5259.5, 5268.9, 5239.6, 5264.3, 44, 40, 26, 18
2026/2/26, 15:00:00, 5256.4, 5287.2, 5226.2, 5280.1, 102, 86, 48, 54
2026/2/26, 16:00:00, 5281.8, 5281.8, 5271.1, 5272.9, 20, 18, 6, 14
2026/2/26, 17:00:00, 5277.8, 5285.1, 5259.7, 5260.7, 30, 25, 10, 20
2026/2/26, 18:00:00, 5259.4, 5280.1, 5259.0, 5275.0, 26, 23, 12, 14
2026/2/26, 19:00:00, 5282.2, 5288.7, 5280.4, 5288.7, 15, 13, 11, 4
2026/2/26, 20:00:00, 5289.5, 5296.1, 5287.0, 5287.0, 20, 18, 12, 8
2026/2/26, 21:00:00, 5293.9, 5295.0, 5279.9, 5280.3, 26, 24, 20, 6
2026/2/27, 00:00:00, 5290.0, 5290.0, 5268.1, 5270.7, 9, 9, 4, 5
2026/2/27, 01:00:00, 5271.8, 5285.0, 5271.8, 5284.6, 5, 5, 2, 3
2026/2/27, 02:00:00, 5291.7, 5294.0, 5270.4, 5271.4, 23, 23, 17, 6
2026/2/27, 03:00:00, 5277.9, 5285.0, 5277.7, 5281.8, 28, 20, 9, 19
2026/2/27, 04:00:00, 5283.6, 5283.6, 5282.8, 5282.8, 2, 2, 0, 2
2026/2/27, 05:00:00, 5277.6, 5295.0, 5277.6, 5294.6, 19, 17, 6, 13
2026/2/27, 06:00:00, 5291.8, 5293.1, 5283.9, 5283.9, 4, 4, 1, 3
2026/2/27, 07:00:00, 5280.0, 5280.1, 5271.4, 5273.9, 17, 15, 7, 10
2026/2/27, 08:00:00, 5273.4, 5276.0, 5269.5, 5276.0, 14, 12, 6, 8
2026/2/27, 09:00:00, 5270.6, 5275.4, 5269.1, 5269.5, 10, 7, 4, 6
2026/2/27, 10:00:00, 5269.4, 5269.4, 5264.0, 5267.6, 18, 14, 15, 3
2026/2/27, 11:00:00, 5267.6, 5280.5, 5267.6, 5280.5, 4, 4, 3, 1
2026/2/27, 12:00:00, 5282.7, 5285.3, 5280.0, 5283.9, 24, 23, 8, 16
2026/2/27, 13:00:00, 5285.0, 5338.1, 5285.0, 5320.2, 114, 103, 37, 77
2026/2/27, 14:00:00, 5320.3, 5331.2, 5315.0, 5315.0, 65, 52, 38, 27
2026/2/27, 15:00:00, 5319.0, 5342.2, 5313.0, 5342.2, 52, 41, 19, 33
2026/2/27, 16:00:00, 5332.4, 5355.1, 5320.0, 5328.0, 85, 64, 19, 66
2026/2/27, 17:00:00, 5326.1, 5332.5, 5317.0, 5331.2, 16, 14, 14, 2
2026/2/27, 18:00:00, 5335.0, 5341.8, 5320.0, 5341.8, 36, 33, 20, 16
2026/2/27, 19:00:00, 5344.2, 5348.4, 5343.2, 5345.2, 17, 14, 6, 11
2026/2/27, 20:00:00, 5349.3, 5362.2, 5349.3, 5359.7, 60, 51, 22, 38
2026/2/27, 21:00:00, 5357.5, 5377.7, 5354.9, 5374.3, 66, 55, 25, 41
2026/3/1, 23:00:00, 5400.1, 5490.0, 5400.0, 5479.0, 257, 207, 103, 154
2026/3/2, 00:00:00, 5479.0, 5479.0, 5435.0, 5448.8, 123, 116, 76, 47
2026/3/2, 01:00:00, 5436.8, 5436.8, 5396.4, 5418.0, 76, 67, 50, 26
2026/3/2, 02:00:00, 5417.1, 5443.3, 5410.0, 5441.6, 55, 49, 33, 22
2026/3/2, 03:00:00, 5441.8, 5459.7, 5441.8, 5459.7, 55, 43, 20, 35
2026/3/2, 04:00:00, 5460.0, 5460.0, 5440.0, 5451.6, 44, 36, 29, 15
2026/3/2, 05:00:00, 5448.7, 5458.9, 5437.0, 5458.0, 39, 33, 15, 24
2026/3/2, 06:00:00, 5459.3, 5485.0, 5459.3, 5485.0, 92, 82, 20, 72
2026/3/2, 07:00:00, 5485.5, 5513.9, 5484.5, 5501.3, 90, 85, 29, 61
2026/3/2, 08:00:00, 5503.6, 5511.0, 5490.6, 5490.6, 55, 44, 28, 27
2026/3/2, 09:00:00, 5492.8, 5495.0, 5482.0, 5484.4, 45, 36, 23, 22
2026/3/2, 10:00:00, 5482.0, 5487.1, 5475.0, 5480.9, 16, 16, 7, 9
2026/3/2, 11:00:00, 5484.7, 5495.5, 5470.0, 5477.4, 25, 23, 11, 14
2026/3/2, 12:00:00, 5476.7, 5493.6, 5476.7, 5493.5, 35, 31, 18, 17
2026/3/2, 13:00:00, 5489.6, 5512.0, 5480.0, 5490.0, 129, 110, 57, 72
2026/3/2, 14:00:00, 5486.0, 5486.0, 5400.0, 5428.1, 142, 128, 74, 68
2026/3/2, 15:00:00, 5420.0, 5443.3, 5404.2, 5410.1, 88, 68, 55, 33
2026/3/2, 16:00:00, 5402.7, 5402.7, 5353.0, 5394.9, 49, 47, 27, 22
2026/3/2, 17:00:00, 5386.0, 5413.8, 5385.9, 5398.1, 23, 20, 13, 10
2026/3/2, 18:00:00, 5400.0, 5407.0, 5385.3, 5405.5, 40, 32, 27, 13
2026/3/2, 19:00:00, 5412.7, 5427.3, 5412.7, 5421.8, 19, 16, 6, 13
2026/3/2, 20:00:00, 5425.0, 5440.0, 5425.0, 5435.0, 16, 12, 4, 12
2026/3/2, 21:00:00, 5430.4, 5431.7, 5420.0, 5422.9, 19, 19, 11, 8
2026/3/2, 23:00:00, 5440.0, 5440.0, 5426.3, 5440.0, 10, 10, 4, 6
2026/3/3, 00:00:00, 5433.7, 5455.5, 5433.7, 5452.7, 21, 19, 7, 14
2026/3/3, 01:00:00, 5452.7, 5473.8, 5437.5, 5440.0, 48, 37, 15, 33
2026/3/3, 02:00:00, 5430.0, 5458.2, 5428.5, 5456.5, 30, 29, 7, 23
2026/3/3, 03:00:00, 5462.1, 5466.7, 5456.6, 5460.3, 38, 35, 14, 24
2026/3/3, 04:00:00, 5461.7, 5468.7, 5454.2, 5456.9, 19, 19, 8, 11
2026/3/3, 05:00:00, 5454.1, 5459.9, 5400.0, 5408.7, 89, 77, 55, 34
2026/3/3, 06:00:00, 5413.1, 5414.6, 5380.0, 5397.7, 66, 49, 46, 20
2026/3/3, 07:00:00, 5406.2, 5423.5, 5404.8, 5423.4, 32, 27, 6, 26
2026/3/3, 08:00:00, 5421.0, 5428.0, 5383.9, 5388.2, 43, 36, 29, 14
2026/3/3, 09:00:00, 5392.1, 5393.2, 5320.0, 5363.6, 56, 47, 33, 23
2026/3/3, 10:00:00, 5364.3, 5370.2, 5330.0, 5339.3, 34, 33, 27, 7
2026/3/3, 11:00:00, 5352.7, 5352.7, 5158.9, 5236.0, 217, 178, 145, 72
2026/3/3, 12:00:00, 5234.4, 5313.6, 5226.9, 5313.6, 77, 74, 33, 44
2026/3/3, 13:00:00, 5290.0, 5290.0, 5218.4, 5244.7, 98, 80, 74, 24
2026/3/3, 14:00:00, 5247.2, 5254.2, 5106.1, 5137.6, 122, 112, 58, 64
2026/3/3, 15:00:00, 5138.2, 5183.4, 5082.2, 5182.3, 169, 158, 93, 76
2026/3/3, 16:00:00, 5181.5, 5218.0, 5179.8, 5194.5, 50, 46, 28, 22
2026/3/3, 17:00:00, 5193.6, 5193.6, 5155.7, 5166.6, 15, 14, 5, 10
2026/3/3, 18:00:00, 5175.0, 5225.0, 5174.8, 5225.0, 40, 34, 18, 22
2026/3/3, 19:00:00, 5230.0, 5236.3, 5189.7, 5210.0, 33, 26, 15, 18
2026/3/3, 20:00:00, 5209.4, 5214.3, 5179.0, 5185.0, 11, 11, 8, 3
2026/3/3, 21:00:00, 5195.0, 5195.0, 5173.0, 5175.0, 17, 17, 14, 3
2026/3/3, 23:00:00, 5183.8, 5214.6, 5179.0, 5212.1, 31, 28, 3, 28
2026/3/4, 00:00:00, 5195.0, 5225.2, 5195.0, 5225.2, 18, 17, 5, 13
2026/3/4, 01:00:00, 5230.0, 5262.8, 5230.0, 5262.8, 23, 22, 6, 17
2026/3/4, 02:00:00, 5262.3, 5274.1, 5251.8, 5255.1, 40, 39, 22, 18
2026/3/4, 03:00:00, 5240.0, 5256.3, 5233.8, 5256.3, 30, 29, 12, 18
2026/3/4, 04:00:00, 5251.0, 5254.8, 5242.9, 5242.9, 11, 11, 6, 5
2026/3/4, 05:00:00, 5238.6, 5254.7, 5238.5, 5245.9, 15, 15, 10, 5
2026/3/4, 06:00:00, 5235.0, 5245.4, 5206.0, 5245.4, 42, 41, 26, 16
2026/3/4, 07:00:00, 5247.8, 5261.8, 5247.8, 5261.8, 14, 13, 11, 3
2026/3/4, 08:00:00, 5246.2, 5269.3, 5242.0, 5256.9, 18, 17, 6, 12
2026/3/4, 09:00:00, 5250.1, 5273.8, 5250.0, 5270.1, 21, 21, 13, 8
2026/3/4, 10:00:00, 5273.0, 5290.0, 5273.0, 5280.2, 17, 17, 10, 7
2026/3/4, 11:00:00, 5282.0, 5289.0, 5280.2, 5280.5, 23, 22, 4, 19
2026/3/4, 12:00:00, 5288.3, 5291.6, 5249.3, 5258.4, 37, 31, 15, 22
2026/3/4, 13:00:00, 5264.8, 5281.0, 5258.0, 5258.0, 30, 28, 19, 11
2026/3/4, 14:00:00, 5265.6, 5270.9, 5233.4, 5236.1, 61, 47, 42, 19
2026/3/4, 15:00:00, 5233.5, 5249.0, 5220.3, 5238.4, 53, 44, 28, 25
2026/3/4, 16:00:00, 5241.3, 5242.6, 5228.6, 5238.4, 16, 15, 6, 10
2026/3/4, 17:00:00, 5235.4, 5237.5, 5211.3, 5229.7, 18, 18, 8, 10
2026/3/4, 18:00:00, 5222.5, 5222.5, 5197.6, 5222.0, 53, 46, 33, 20
2026/3/4, 19:00:00, 5222.8, 5227.5, 5215.0, 5227.5, 14, 14, 6, 8
2026/3/4, 20:00:00, 5226.8, 5232.5, 5217.1, 5225.5, 4, 4, 2, 2
2026/3/4, 21:00:00, 5220.0, 5220.0, 5220.0, 5220.0, 3, 3, 3, 0
2026/3/4, 23:00:00, 5243.2, 5243.2, 5240.0, 5240.8, 6, 5, 3, 3
2026/3/5, 00:00:00, 5252.8, 5266.6, 5252.8, 5263.7, 17, 14, 14, 3
2026/3/5, 01:00:00, 5270.0, 5270.0, 5258.9, 5258.9, 7, 6, 5, 2
2026/3/5, 02:00:00, 5262.7, 5276.4, 5260.8, 5275.9, 37, 33, 12, 25
2026/3/5, 03:00:00, 5279.0, 5279.0, 5268.1, 5270.2, 16, 15, 9, 7
2026/3/5, 04:00:00, 5264.6, 5264.6, 5255.4, 5255.4, 3, 3, 2, 1
2026/3/5, 05:00:00, 5260.0, 5263.0, 5246.0, 5246.0, 29, 24, 11, 18
2026/3/5, 06:00:00, 5220.0, 5245.5, 5210.0, 5245.5, 30, 28, 12, 18
2026/3/5, 07:00:00, 5257.3, 5257.3, 5251.4, 5252.2, 12, 8, 2, 10
2026/3/5, 08:00:00, 5248.6, 5257.5, 5227.5, 5255.0, 21, 21, 9, 12
2026/3/5, 09:00:00, 5254.0, 5268.7, 5246.0, 5250.0, 17, 16, 7, 10
2026/3/5, 10:00:00, 5241.4, 5255.2, 5240.8, 5255.2, 12, 10, 4, 8
2026/3/5, 11:00:00, 5254.0, 5256.1, 5249.8, 5252.9, 6, 6, 4, 2
2026/3/5, 12:00:00, 5253.6, 5255.6, 5251.9, 5251.9, 6, 6, 4, 2
2026/3/5, 13:00:00, 5243.2, 5243.2, 5174.0, 5198.7, 40, 36, 23, 17
2026/3/5, 14:00:00, 5206.8, 5215.0, 5178.0, 5192.3, 56, 43, 34, 22
2026/3/5, 15:00:00, 5190.0, 5203.0, 5146.3, 5188.4, 76, 71, 39, 37
2026/3/5, 16:00:00, 5190.5, 5190.5, 5140.0, 5163.0, 38, 31, 25, 13
2026/3/5, 17:00:00, 5167.0, 5174.4, 5147.7, 5149.4, 28, 21, 17, 11
2026/3/5, 18:00:00, 5140.0, 5166.5, 5136.0, 5162.5, 22, 22, 9, 13
2026/3/5, 19:00:00, 5159.8, 5159.8, 5148.7, 5149.4, 19, 17, 10, 9
2026/3/5, 20:00:00, 5156.0, 5175.0, 5154.5, 5160.5, 17, 16, 2, 15
2026/3/5, 21:00:00, 5166.6, 5168.8, 5161.4, 5161.4, 4, 4, 2, 2
2026/3/5, 23:00:00, 5180.0, 5186.3, 5170.9, 5184.1, 11, 11, 3, 8
2026/3/6, 00:00:00, 5175.0, 5177.0, 5165.0, 5171.1, 13, 11, 5, 8
2026/3/6, 01:00:00, 5165.0, 5223.4, 5165.0, 5219.4, 42, 36, 9, 33
2026/3/6, 02:00:00, 5223.2, 5223.2, 5209.7, 5209.7, 22, 22, 13, 9
2026/3/6, 03:00:00, 5214.3, 5225.2, 5214.3, 5216.1, 9, 9, 4, 5
2026/3/6, 04:00:00, 5214.0, 5221.4, 5213.9, 5213.9, 7, 6, 3, 4
2026/3/6, 05:00:00, 5211.0, 5211.0, 5208.0, 5208.8, 13, 13, 7, 6
2026/3/6, 06:00:00, 5200.1, 5200.1, 5200.1, 5200.1, 2, 1, 2, 0
2026/3/6, 07:00:00, 5200.3, 5206.2, 5194.0, 5206.2, 23, 17, 20, 3
2026/3/6, 08:00:00, 5207.4, 5208.1, 5187.1, 5194.2, 9, 9, 7, 2
2026/3/6, 09:00:00, 5191.2, 5191.2, 5170.0, 5170.1, 25, 24, 19, 6
2026/3/6, 10:00:00, 5168.0, 5175.4, 5164.6, 5175.4, 22, 13, 4, 18
2026/3/6, 11:00:00, 5174.3, 5183.7, 5149.6, 5161.5, 36, 31, 26, 10
2026/3/6, 12:00:00, 5171.0, 5180.7, 5171.0, 5175.1, 19, 17, 6, 13
2026/3/6, 13:00:00, 5167.1, 5215.0, 5154.0, 5169.8, 36, 35, 12, 24
2026/3/6, 14:00:00, 5182.8, 5209.4, 5172.1, 5208.0, 38, 32, 6, 32
2026/3/6, 15:00:00, 5220.0, 5254.3, 5217.6, 5229.3, 70, 68, 24, 46
2026/3/6, 16:00:00, 5238.2, 5238.2, 5218.6, 5230.0, 27, 26, 17, 10
2026/3/6, 17:00:00, 5223.7, 5239.7, 5220.0, 5224.5, 49, 45, 28, 21
2026/3/6, 18:00:00, 5229.5, 5254.1, 5229.5, 5248.4, 24, 24, 14, 10
2026/3/6, 19:00:00, 5252.0, 5260.5, 5245.0, 5247.3, 26, 24, 15, 11
2026/3/6, 20:00:00, 5245.3, 5249.2, 5237.4, 5237.4, 18, 18, 9, 9
2026/3/6, 21:00:00, 5239.7, 5261.0, 5239.7, 5259.5, 47, 39, 18, 29
2026/3/8, 22:00:00, 5268.0, 5280.5, 5200.0, 5208.0, 36, 32, 10, 26
2026/3/8, 23:00:00, 5203.2, 5206.0, 5140.0, 5162.8, 108, 89, 71, 37
2026/3/9, 00:00:00, 5158.9, 5159.8, 5113.6, 5132.2, 52, 45, 22, 30
2026/3/9, 01:00:00, 5115.0, 5170.0, 5099.7, 5157.0, 71, 65, 43, 28
2026/3/9, 02:00:00, 5150.0, 5178.2, 5149.4, 5177.9, 32, 26, 7, 25
2026/3/9, 03:00:00, 5175.7, 5185.0, 5169.4, 5175.0, 31, 26, 21, 10
2026/3/9, 04:00:00, 5179.9, 5179.9, 5170.5, 5170.5, 9, 9, 3, 6
2026/3/9, 05:00:00, 5169.1, 5224.4, 5167.3, 5207.8, 53, 42, 17, 36
2026/3/9, 06:00:00, 5205.0, 5216.4, 5185.6, 5188.0, 30, 22, 17, 13
2026/3/9, 07:00:00, 5180.5, 5186.0, 5173.8, 5180.0, 18, 18, 12, 6
2026/3/9, 08:00:00, 5189.6, 5189.6, 5175.6, 5181.0, 17, 14, 6, 11
2026/3/9, 09:00:00, 5185.7, 5204.0, 5185.7, 5190.7, 24, 23, 9, 15
2026/3/9, 10:00:00, 5191.6, 5193.0, 5173.0, 5173.8, 23, 23, 13, 10
2026/3/9, 11:00:00, 5181.2, 5181.2, 5174.0, 5176.0, 4, 4, 2, 2
2026/3/9, 12:00:00, 5182.2, 5197.9, 5181.5, 5181.5, 13, 13, 6, 7
2026/3/9, 13:00:00, 5175.4, 5194.0, 5156.4, 5156.4, 35, 35, 18, 17
2026/3/9, 14:00:00, 5160.0, 5198.6, 5150.0, 5178.6, 35, 35, 28, 7
2026/3/9, 15:00:00, 5179.8, 5189.4, 5166.0, 5189.4, 22, 18, 5, 17
2026/3/9, 16:00:00, 5190.0, 5194.0, 5181.5, 5191.5, 12, 10, 4, 8
2026/3/9, 17:00:00, 5188.0, 5188.0, 5177.0, 5183.3, 23, 23, 17, 6
2026/3/9, 18:00:00, 5179.6, 5211.0, 5179.6, 5211.0, 13, 13, 4, 9
2026/3/9, 19:00:00, 5211.8, 5231.7, 5211.0, 5231.7, 33, 33, 14, 19
2026/3/9, 20:00:00, 5230.9, 5230.9, 5223.7, 5223.7, 18, 8, 4, 14
2026/3/9, 22:00:00, 5219.1, 5238.1, 5212.2, 5238.1, 14, 14, 7, 7
2026/3/9, 23:00:00, 5241.0, 5241.0, 5226.9, 5226.9, 15, 14, 6, 9
2026/3/10, 00:00:00, 5222.5, 5224.4, 5218.8, 5218.8, 16, 11, 1, 15
2026/3/10, 01:00:00, 5226.2, 5271.0, 5226.2, 5270.1, 37, 33, 13, 24
2026/3/10, 02:00:00, 5269.4, 5270.2, 5251.8, 5251.8, 29, 25, 19, 10
2026/3/10, 03:00:00, 5255.7, 5258.0, 5243.6, 5244.9, 62, 46, 33, 29
2026/3/10, 04:00:00, 5241.3, 5250.1, 5240.9, 5250.0, 11, 9, 2, 9
2026/3/10, 05:00:00, 5254.0, 5265.6, 5254.0, 5265.0, 17, 16, 10, 7
2026/3/10, 06:00:00, 5265.0, 5268.0, 5262.0, 5262.4, 18, 15, 11, 7
2026/3/10, 07:00:00, 5260.6, 5267.1, 5249.8, 5267.1, 20, 19, 7, 13
2026/3/10, 08:00:00, 5270.0, 5281.0, 5264.6, 5269.9, 25, 22, 12, 13
2026/3/10, 09:00:00, 5273.0, 5274.0, 5269.6, 5274.0, 11, 11, 7, 4
2026/3/10, 10:00:00, 5270.0, 5270.0, 5245.0, 5260.0, 22, 21, 8, 14
2026/3/10, 11:00:00, 5264.7, 5279.2, 5263.9, 5263.9, 19, 19, 15, 4
2026/3/10, 12:00:00, 5255.0, 5275.2, 5250.0, 5272.7, 17, 15, 8, 9
2026/3/10, 13:00:00, 5278.0, 5314.7, 5278.0, 5293.3, 82, 67, 33, 49
2026/3/10, 14:00:00, 5292.7, 5300.7, 5281.2, 5299.7, 73, 56, 39, 34
2026/3/10, 15:00:00, 5302.0, 5327.4, 5302.0, 5317.0, 111, 78, 70, 41
2026/3/10, 16:00:00, 5317.4, 5323.0, 5315.6, 5315.6, 23, 16, 8, 15
2026/3/10, 17:00:00, 5316.7, 5321.2, 5313.7, 5321.0, 18, 9, 3, 15
2026/3/10, 18:00:00, 5312.6, 5315.0, 5248.3, 5279.3, 43, 42, 22, 21
2026/3/10, 19:00:00, 5273.0, 5294.3, 5272.0, 5284.9, 27, 26, 14, 13
2026/3/10, 20:00:00, 5284.0, 5284.5, 5280.0, 5280.0, 8, 8, 6, 2
2026/3/10, 22:00:00, 5278.5, 5278.5, 5272.4, 5273.4, 16, 12, 15, 1
2026/3/10, 23:00:00, 5280.1, 5282.6, 5274.1, 5278.3, 19, 13, 9, 10
2026/3/11, 00:00:00, 5288.7, 5304.3, 5288.7, 5304.3, 13, 12, 6, 7
2026/3/11, 01:00:00, 5307.4, 5308.6, 5300.5, 5304.4, 27, 26, 19, 8
2026/3/11, 02:00:00, 5290.1, 5306.6, 5283.2, 5306.6, 23, 21, 8, 15
2026/3/11, 03:00:00, 5306.3, 5306.3, 5286.8, 5290.6, 27, 25, 12, 15
2026/3/11, 04:00:00, 5288.5, 5293.1, 5288.5, 5289.9, 10, 7, 9, 1
2026/3/11, 05:00:00, 5293.0, 5293.0, 5284.1, 5287.3, 22, 21, 6, 16
2026/3/11, 06:00:00, 5291.1, 5297.1, 5280.2, 5284.4, 12, 8, 2, 10
2026/3/11, 07:00:00, 5283.2, 5283.5, 5272.2, 5281.8, 19, 14, 13, 6
2026/3/11, 08:00:00, 5276.2, 5285.2, 5267.0, 5275.0, 38, 28, 27, 11
2026/3/11, 09:00:00, 5269.0, 5284.0, 5269.0, 5274.9, 24, 20, 9, 15
2026/3/11, 10:00:00, 5275.0, 5281.9, 5270.5, 5271.8, 20, 17, 10, 10
2026/3/11, 11:00:00, 5271.0, 5273.3, 5263.9, 5264.0, 16, 16, 8, 8
2026/3/11, 12:00:00, 5271.8, 5277.8, 5255.0, 5258.2, 12, 12, 6, 6
2026/3/11, 13:00:00, 5250.0, 5269.1, 5234.4, 5261.2, 54, 50, 36, 18
2026/3/11, 14:00:00, 5265.0, 5280.0, 5265.0, 5275.0, 43, 39, 21, 22
2026/3/11, 15:00:00, 5266.8, 5266.8, 5253.0, 5256.6, 16, 16, 8, 8
2026/3/11, 16:00:00, 5254.0, 5264.0, 5249.7, 5261.9, 16, 15, 8, 8
2026/3/11, 17:00:00, 5264.0, 5266.5, 5240.0, 5255.0, 22, 21, 14, 8
2026/3/11, 18:00:00, 5255.1, 5264.0, 5255.1, 5264.0, 8, 8, 3, 5
2026/3/11, 19:00:00, 5258.1, 5266.1, 5258.1, 5266.1, 13, 10, 3, 10
2026/3/11, 20:00:00, 5265.0, 5265.1, 5261.5, 5263.8, 16, 9, 11, 5
2026/3/11, 22:00:00, 5263.0, 5263.0, 5215.0, 5223.9, 39, 31, 28, 11
2026/3/11, 23:00:00, 5227.0, 5240.1, 5220.0, 5220.0, 42, 36, 19, 23
2026/3/12, 00:00:00, 5217.0, 5243.0, 5212.8, 5236.0, 45, 36, 13, 32
2026/3/12, 01:00:00, 5245.5, 5254.6, 5239.0, 5254.6, 25, 21, 17, 8
2026/3/12, 02:00:00, 5255.6, 5255.6, 5230.0, 5235.9, 24, 21, 8, 16
2026/3/12, 03:00:00, 5234.2, 5238.0, 5231.5, 5237.1, 6, 6, 3, 3
2026/3/12, 04:00:00, 5234.7, 5234.7, 5224.9, 5225.2, 18, 15, 6, 12
2026/3/12, 05:00:00, 5228.1, 5236.9, 5228.1, 5236.9, 5, 5, 2, 3
2026/3/12, 06:00:00, 5236.2, 5255.0, 5236.2, 5255.0, 22, 20, 14, 8
2026/3/12, 07:00:00, 5251.7, 5265.1, 5251.7, 5265.1, 20, 20, 11, 9
2026/3/12, 08:00:00, 5268.6, 5273.9, 5263.2, 5263.2, 7, 7, 4, 3
2026/3/12, 09:00:00, 5265.1, 5273.2, 5264.1, 5273.2, 22, 19, 14, 8
2026/3/12, 10:00:00, 5275.0, 5275.0, 5266.1, 5268.4, 5, 5, 2, 3
2026/3/12, 11:00:00, 5265.9, 5266.2, 5259.6, 5263.9, 7, 7, 2, 5
2026/3/12, 12:00:00, 5254.8, 5270.0, 5248.5, 5267.8, 9, 9, 5, 4
2026/3/12, 13:00:00, 5265.3, 5269.3, 5231.0, 5238.4, 45, 38, 18, 27
2026/3/12, 14:00:00, 5235.1, 5247.1, 5223.8, 5226.4, 34, 33, 13, 21
2026/3/12, 15:00:00, 5221.3, 5222.0, 5193.9, 5214.8, 71, 58, 45, 26
2026/3/12, 16:00:00, 5210.2, 5219.8, 5205.0, 5205.5, 29, 29, 14, 15
2026/3/12, 17:00:00, 5208.8, 5210.9, 5188.0, 5188.5, 60, 50, 30, 30
2026/3/12, 18:00:00, 5195.0, 5195.0, 5174.0, 5176.7, 48, 45, 19, 29
2026/3/12, 19:00:00, 5176.6, 5179.4, 5166.2, 5166.2, 52, 44, 31, 21
2026/3/12, 20:00:00, 5170.0, 5173.5, 5136.6, 5160.4, 85, 71, 41, 44
2026/3/12, 22:00:00, 5162.7, 5172.7, 5159.1, 5172.7, 20, 18, 6, 14
2026/3/12, 23:00:00, 5170.2, 5179.2, 5170.2, 5179.2, 17, 14, 8, 9
2026/3/13, 00:00:00, 5183.9, 5192.8, 5181.0, 5192.8, 10, 9, 3, 7
2026/3/13, 01:00:00, 5198.7, 5200.5, 5192.2, 5197.1, 30, 25, 19, 11
2026/3/13, 02:00:00, 5202.9, 5202.9, 5191.6, 5191.6, 15, 14, 5, 10
2026/3/13, 03:00:00, 5191.0, 5195.9, 5186.7, 5195.9, 57, 50, 39, 18
2026/3/13, 04:00:00, 5195.8, 5197.4, 5183.2, 5183.2, 14, 14, 9, 5
2026/3/13, 05:00:00, 5184.8, 5184.8, 5177.6, 5177.9, 16, 11, 11, 5
2026/3/13, 06:00:00, 5185.9, 5187.0, 5166.9, 5166.9, 22, 20, 19, 3
2026/3/13, 07:00:00, 5165.0, 5173.1, 5152.2, 5165.3, 39, 38, 26, 13
2026/3/13, 08:00:00, 5152.0, 5167.0, 5147.7, 5167.0, 36, 35, 16, 20
2026/3/13, 09:00:00, 5170.8, 5178.5, 5168.5, 5174.7, 46, 38, 29, 17
2026/3/13, 10:00:00, 5169.6, 5180.0, 5164.3, 5177.3, 23, 21, 7, 16
2026/3/13, 12:00:00, 5190.0, 5205.0, 5189.6, 5205.0, 19, 17, 7, 12
2026/3/13, 13:00:00, 5194.8, 5196.8, 5186.5, 5193.0, 8, 8, 4, 4
2026/3/13, 14:00:00, 5183.4, 5186.4, 5118.2, 5128.0, 72, 60, 42, 30
2026/3/13, 15:00:00, 5118.4, 5151.8, 5110.0, 5113.4, 110, 95, 51, 59
2026/3/13, 16:00:00, 5107.9, 5130.5, 5099.3, 5129.6, 68, 56, 47, 21
2026/3/13, 17:00:00, 5130.0, 5141.6, 5125.2, 5126.1, 29, 29, 13, 16
2026/3/13, 18:00:00, 5127.0, 5130.3, 5117.1, 5125.0, 44, 43, 21, 23
2026/3/13, 19:00:00, 5129.7, 5129.7, 5090.1, 5097.2, 106, 86, 63, 43
2026/3/13, 20:00:00, 5100.5, 5104.2, 5093.4, 5098.7, 79, 69, 42, 37
2026/3/15, 22:00:00, 5092.4, 5108.7, 5075.3, 5104.8, 91, 69, 58, 33
2026/3/15, 23:00:00, 5086.3, 5087.5, 5046.8, 5072.8, 88, 75, 44, 44
2026/3/16, 00:00:00, 5080.0, 5109.9, 5080.0, 5104.2, 49, 40, 15, 34
2026/3/16, 01:00:00, 5101.2, 5103.4, 5062.0, 5089.0, 58, 55, 29, 29
2026/3/16, 02:00:00, 5097.5, 5097.5, 5078.0, 5081.0, 16, 15, 7, 9
2026/3/16, 03:00:00, 5080.0, 5098.7, 5076.7, 5097.9, 37, 29, 20, 17
2026/3/16, 04:00:00, 5100.0, 5103.8, 5092.0, 5092.0, 10, 10, 5, 5
2026/3/16, 05:00:00, 5088.0, 5098.0, 5083.1, 5098.0, 22, 15, 9, 13
2026/3/16, 06:00:00, 5098.3, 5113.5, 5087.3, 5092.4, 41, 32, 22, 19
2026/3/16, 07:00:00, 5092.4, 5093.8, 5077.0, 5077.0, 9, 8, 5, 4
2026/3/16, 08:00:00, 5075.0, 5082.1, 5065.0, 5069.4, 24, 19, 16, 8
2026/3/16, 09:00:00, 5068.3, 5068.3, 5053.0, 5053.0, 19, 18, 14, 5
2026/3/16, 10:00:00, 5052.5, 5078.7, 5052.5, 5078.1, 21, 18, 13, 8
2026/3/16, 11:00:00, 5080.0, 5101.6, 5075.9, 5092.9, 24, 23, 13, 11
2026/3/16, 12:00:00, 5079.3, 5105.2, 5079.3, 5099.2, 27, 27, 17, 10
2026/3/16, 13:00:00, 5101.7, 5114.1, 5101.7, 5114.1, 20, 17, 6, 14
2026/3/16, 14:00:00, 5115.0, 5115.6, 5070.0, 5075.2, 74, 54, 31, 43
2026/3/16, 15:00:00, 5078.0, 5085.1, 5064.8, 5067.1, 78, 51, 17, 61
2026/3/16, 16:00:00, 5068.5, 5079.0, 5054.2, 5073.0, 70, 40, 52, 18
2026/3/16, 17:00:00, 5072.0, 5082.9, 5065.4, 5070.3, 22, 20, 14, 8
2026/3/16, 18:00:00, 5076.7, 5099.0, 5074.1, 5098.8, 28, 25, 10, 18
2026/3/16, 19:00:00, 5098.0, 5101.5, 5091.1, 5092.6, 23, 22, 13, 10
2026/3/16, 20:00:00, 5094.5, 5102.0, 5087.4, 5087.4, 15, 15, 6, 9
2026/3/16, 22:00:00, 5095.0, 5095.5, 5095.0, 5095.5, 5, 2, 5, 0
2026/3/16, 23:00:00, 5088.3, 5096.4, 5087.7, 5096.4, 7, 7, 3, 4
2026/3/17, 00:00:00, 5089.2, 5089.2, 5086.0, 5086.0, 2, 2, 1, 1
2026/3/17, 01:00:00, 5075.0, 5107.0, 5075.0, 5107.0, 63, 30, 8, 55
2026/3/17, 02:00:00, 5104.3, 5104.3, 5101.2, 5101.2, 4, 4, 4, 0
2026/3/17, 03:00:00, 5110.0, 5111.7, 5106.0, 5106.6, 26, 26, 20, 6
2026/3/17, 04:00:00, 5106.4, 5122.2, 5106.4, 5119.3, 36, 29, 13, 23
2026/3/17, 05:00:00, 5115.8, 5121.2, 5099.8, 5099.8, 37, 26, 30, 7
2026/3/17, 06:00:00, 5101.3, 5101.3, 5089.0, 5090.4, 43, 37, 14, 29
2026/3/17, 07:00:00, 5090.7, 5106.6, 5090.7, 5102.5, 28, 25, 11, 17
2026/3/17, 08:00:00, 5100.0, 5108.6, 5099.5, 5104.1, 18, 16, 11, 7
2026/3/17, 09:00:00, 5105.2, 5105.2, 5092.3, 5092.3, 55, 25, 33, 22
2026/3/17, 10:00:00, 5094.8, 5094.8, 5072.0, 5079.5, 64, 50, 45, 19
2026/3/17, 11:00:00, 5079.3, 5091.2, 5076.6, 5086.3, 18, 18, 11, 7
2026/3/17, 12:00:00, 5079.5, 5101.5, 5079.5, 5093.2, 41, 26, 15, 26
2026/3/17, 13:00:00, 5091.7, 5109.0, 5090.0, 5093.6, 58, 41, 32, 26
2026/3/17, 14:00:00, 5095.9, 5100.1, 5085.0, 5089.0, 31, 30, 13, 18
2026/3/17, 15:00:00, 5087.2, 5094.2, 5057.3, 5077.0, 74, 68, 39, 35
2026/3/17, 16:00:00, 5076.4, 5083.8, 5073.1, 5080.0, 14, 13, 11, 3
2026/3/17, 17:00:00, 5084.3, 5088.2, 5077.0, 5082.3, 11, 11, 3, 8
2026/3/17, 18:00:00, 5081.1, 5086.7, 5081.0, 5086.1, 7, 7, 5, 2
2026/3/17, 19:00:00, 5080.6, 5084.3, 5078.7, 5081.4, 11, 9, 7, 4
2026/3/17, 20:00:00, 5083.6, 5085.1, 5083.6, 5085.1, 5, 5, 1, 4
2026/3/17, 22:00:00, 5080.7, 5081.2, 5072.2, 5079.0, 23, 17, 18, 5
2026/3/17, 23:00:00, 5079.6, 5080.8, 5079.3, 5080.7, 9, 4, 8, 1
2026/3/18, 00:00:00, 5091.0, 5092.8, 5081.4, 5084.8, 8, 8, 3, 5
2026/3/18, 01:00:00, 5084.0, 5095.6, 5069.7, 5077.8, 74, 56, 51, 23
2026/3/18, 02:00:00, 5076.8, 5083.7, 5069.0, 5070.0, 17, 11, 16, 1
2026/3/18, 03:00:00, 5070.0, 5075.3, 5066.0, 5072.3, 33, 31, 24, 9
2026/3/18, 04:00:00, 5069.0, 5070.1, 5061.2, 5065.5, 31, 27, 18, 13
2026/3/18, 05:00:00, 5064.3, 5080.0, 5064.0, 5076.8, 26, 26, 18, 8
2026/3/18, 06:00:00, 5078.8, 5095.0, 5078.8, 5095.0, 29, 26, 19, 10
2026/3/18, 07:00:00, 5090.8, 5093.0, 5074.3, 5074.3, 11, 11, 8, 3
2026/3/18, 08:00:00, 5073.0, 5076.7, 5059.0, 5066.3, 50, 41, 13, 37
2026/3/18, 09:00:00, 5067.9, 5075.1, 5065.5, 5075.1, 7, 7, 1, 6
2026/3/18, 10:00:00, 5069.7, 5070.0, 5040.0, 5043.0, 57, 43, 30, 27
2026/3/18, 11:00:00, 5043.6, 5050.7, 5004.4, 5007.1, 103, 85, 68, 35
2026/3/18, 12:00:00, 5007.0, 5008.0, 4948.0, 4955.5, 403, 287, 270, 133
2026/3/18, 13:00:00, 4953.3, 4960.6, 4916.3, 4956.4, 308, 228, 163, 145
2026/3/18, 14:00:00, 4955.1, 4972.3, 4935.0, 4949.6, 86, 85, 42, 44
2026/3/18, 15:00:00, 4944.6, 4956.0, 4939.0, 4940.8, 55, 38, 46, 9
2026/3/18, 16:00:00, 4943.1, 4968.4, 4943.1, 4968.4, 27, 22, 11, 16
2026/3/18, 17:00:00, 4968.2, 4978.3, 4966.7, 4967.9, 40, 26, 20, 20
2026/3/18, 18:00:00, 4972.9, 4972.9, 4936.7, 4936.7, 42, 40, 25, 17
2026/3/18, 19:00:00, 4930.0, 4941.2, 4914.5, 4920.1, 142, 116, 86, 56
2026/3/18, 20:00:00, 4925.7, 4925.7, 4884.0, 4896.4, 140, 118, 93, 47
2026/3/18, 22:00:00, 4902.9, 4913.5, 4881.0, 4908.6, 43, 41, 16, 27
2026/3/18, 23:00:00, 4912.0, 4915.5, 4907.8, 4907.8, 14, 9, 2, 12
2026/3/19, 00:00:00, 4914.5, 4922.0, 4913.6, 4916.4, 15, 13, 5, 10
2026/3/19, 01:00:00, 4925.0, 4940.0, 4909.0, 4932.8, 59, 39, 14, 45
2026/3/19, 02:00:00, 4921.8, 4936.0, 4917.6, 4933.6, 18, 15, 4, 14
2026/3/19, 03:00:00, 4933.6, 4939.1, 4927.4, 4927.5, 23, 23, 11, 12
2026/3/19, 04:00:00, 4924.6, 4927.2, 4924.3, 4927.2, 9, 9, 5, 4
