Date, Time, Open, High, Low, Last, Volume, OpenInterest
2024/9/27, 00:00:00, 2833.1, 2833.1, 2833.1, 2833.1, 112835, 46120
2024/9/30, 00:00:00, 2826.2, 2826.2, 2826.2, 2826.2, 101474, 47268
2024/10/1, 00:00:00, 2858.5, 2858.5, 2858.5, 2858.5, 121744, 47225
2024/10/2, 00:00:00, 2841.4, 2841.4, 2841.4, 2841.4, 88419, 44107
2024/10/3, 00:00:00, 2851.2, 2851.2, 2851.2, 2851.2, 94908, 44662
2024/10/4, 00:00:00, 2847.3, 2847.3, 2847.3, 2847.3, 122586, 44078
2024/10/7, 00:00:00, 2848.7, 2848.7, 2848.7, 2848.7, 87912, 44868
2024/10/8, 00:00:00, 2816.5, 2816.5, 2816.5, 2816.5, 139566, 45558
2024/10/9, 00:00:00, 2808.1, 2808.1, 2808.1, 2808.1, 82830, 45955
2024/10/10, 00:00:00, 2823.7, 2823.7, 2823.7, 2823.7, 102325, 46778
2024/10/11, 00:00:00, 2860.3, 2860.3, 2860.3, 2860.3, 99314, 45727
2024/10/14, 00:00:00, 2851.0, 2851.0, 2851.0, 2851.0, 81029, 46921
2024/10/15, 00:00:00, 2863.8, 2863.8, 2863.8, 2863.8, 92559, 46591
2024/10/16, 00:00:00, 2877.0, 2877.0, 2877.0, 2877.0, 90761, 46765
2024/10/17, 00:00:00, 2893.5, 2893.5, 2893.5, 2893.5, 118218, 48660
2024/10/18, 00:00:00, 2917.7, 2917.7, 2917.7, 2917.7, 116885, 48297
2024/10/21, 00:00:00, 2928.5, 2928.5, 2928.5, 2928.5, 132495, 49077
2024/10/22, 00:00:00, 2951.3, 2951.3, 2951.3, 2951.3, 107231, 50336
2024/10/23, 00:00:00, 2923.0, 2923.0, 2923.0, 2923.0, 147342, 51638
2024/10/24, 00:00:00, 2942.4, 2942.4, 2942.4, 2942.4, 115350, 50747
2024/10/25, 00:00:00, 2948.0, 2948.0, 2948.0, 2948.0, 103424, 49111
2024/10/28, 00:00:00, 2951.6, 2951.6, 2951.6, 2951.6, 99360, 50013
2024/10/29, 00:00:00, 2976.6, 2976.6, 2976.6, 2976.6, 127466, 50724
2024/10/30, 00:00:00, 3003.4, 3003.4, 3003.4, 3003.4, 128416, 51617
2024/10/31, 00:00:00, 2951.9, 2951.9, 2951.9, 2951.9, 140279, 54231
2024/11/1, 00:00:00, 2950.8, 2950.8, 2950.8, 2950.8, 108204, 53814
2024/11/4, 00:00:00, 2948.7, 2948.7, 2948.7, 2948.7, 86573, 53682
2024/11/5, 00:00:00, 2955.2, 2955.2, 2955.2, 2955.2, 86690, 53088
2024/11/6, 00:00:00, 2881.0, 2881.0, 2881.0, 2881.0, 217697, 54411
2024/11/7, 00:00:00, 2910.9, 2910.9, 2910.9, 2910.9, 142319, 54045
2024/11/8, 00:00:00, 2899.7, 2899.7, 2899.7, 2899.7, 117641, 53869
2024/11/11, 00:00:00, 2820.6, 2820.6, 2820.6, 2820.6, 141552, 55906
2024/11/12, 00:00:00, 2809.1, 2809.1, 2809.1, 2809.1, 142763, 56238
2024/11/13, 00:00:00, 2786.7, 2786.7, 2786.7, 2786.7, 141112, 55989
2024/11/14, 00:00:00, 2772.3, 2772.3, 2772.3, 2772.3, 167085, 54537
2024/11/15, 00:00:00, 2769.5, 2769.5, 2769.5, 2769.5, 117678, 53978
2024/11/18, 00:00:00, 2816.3, 2816.3, 2816.3, 2816.3, 121942, 53359
2024/11/19, 00:00:00, 2832.5, 2832.5, 2832.5, 2832.5, 130676, 54084
2024/11/20, 00:00:00, 2855.3, 2855.3, 2855.3, 2855.3, 116499, 50975
2024/11/21, 00:00:00, 2879.9, 2879.9, 2879.9, 2879.9, 123301, 52435
2024/11/22, 00:00:00, 2921.3, 2921.3, 2921.3, 2921.3, 178663, 51364
2024/11/25, 00:00:00, 2823.6, 2823.6, 2823.6, 2823.6, 263884, 51287
2024/11/26, 00:00:00, 2827.3, 2827.3, 2827.3, 2827.3, 167001, 48387
2024/11/27, 00:00:00, 2837.4, 2837.4, 2837.4, 2837.4, 125852, 26537
2024/11/29, 00:00:00, 2858.9, 2858.9, 2858.9, 2858.9, 144598, 27614
2024/12/2, 00:00:00, 2839.1, 2839.1, 2839.1, 2839.1, 138893, 28329
2024/12/3, 00:00:00, 2846.8, 2846.8, 2846.8, 2846.8, 107467, 28567
2024/12/4, 00:00:00, 2853.9, 2853.9, 2853.9, 2853.9, 108043, 29060
2024/12/5, 00:00:00, 2825.0, 2825.0, 2825.0, 2825.0, 110569, 31558
2024/12/6, 00:00:00, 2834.4, 2834.4, 2834.4, 2834.4, 122246, 28128
2024/12/9, 00:00:00, 2865.0, 2865.0, 2865.0, 2865.0, 131876, 28491
2024/12/10, 00:00:00, 2897.5, 2897.5, 2897.5, 2897.5, 120619, 28606
2024/12/11, 00:00:00, 2933.1, 2933.1, 2933.1, 2933.1, 175803, 30794
2024/12/12, 00:00:00, 2889.8, 2889.8, 2889.8, 2889.8, 168307, 34018
2024/12/13, 00:00:00, 2857.3, 2857.3, 2857.3, 2857.3, 141090, 34700
2024/12/16, 00:00:00, 2851.9, 2851.9, 2851.9, 2851.9, 84661, 35344
2024/12/17, 00:00:00, 2845.1, 2845.1, 2845.1, 2845.1, 111847, 34592
2024/12/18, 00:00:00, 2839.1, 2839.1, 2839.1, 2839.1, 110771, 35733
2024/12/19, 00:00:00, 2797.4, 2797.4, 2797.4, 2797.4, 133593, 36512
2024/12/20, 00:00:00, 2833.4, 2833.4, 2833.4, 2833.4, 113323, 34759
2024/12/23, 00:00:00, 2818.0, 2818.0, 2818.0, 2818.0, 77292, 35775
2024/12/24, 00:00:00, 2828.0, 2828.0, 2828.0, 2828.0, 45961, 33447
2024/12/26, 00:00:00, 2849.3, 2849.3, 2849.3, 2849.3, 62039, 33214
2024/12/27, 00:00:00, 2829.9, 2829.9, 2829.9, 2829.9, 74027, 31855
2024/12/30, 00:00:00, 2821.2, 2821.2, 2821.2, 2821.2, 83729, 32530
2024/12/31, 00:00:00, 2850.8, 2850.8, 2850.8, 2850.8, 66871, 32076
2025/1/2, 00:00:00, 2873.6, 2873.6, 2873.6, 2873.6, 89445, 33045
2025/1/3, 00:00:00, 2855.2, 2855.2, 2855.2, 2855.2, 83934, 32541
2025/1/6, 00:00:00, 2846.5, 2846.5, 2846.5, 2846.5, 119843, 33541
2025/1/7, 00:00:00, 2865.7, 2865.7, 2865.7, 2865.7, 104617, 32982
2025/1/8, 00:00:00, 2874.9, 2874.9, 2874.9, 2874.9, 105546, 32891
2025/1/9, 00:00:00, 2893.3, 2893.3, 2893.3, 2893.3, 86123, 34561
2025/1/10, 00:00:00, 2918.3, 2918.3, 2918.3, 2918.3, 166951, 32676
2025/1/13, 00:00:00, 2878.9, 2878.9, 2878.9, 2878.9, 141788, 32385
2025/1/14, 00:00:00, 2885.6, 2885.6, 2885.6, 2885.6, 94793, 33485
2025/1/15, 00:00:00, 2921.4, 2921.4, 2921.4, 2921.4, 120230, 33206
2025/1/16, 00:00:00, 2956.6, 2956.6, 2956.6, 2956.6, 120405, 34269
2025/1/17, 00:00:00, 2955.4, 2955.4, 2955.4, 2955.4, 107315, 34387
2025/1/21, 00:00:00, 2967.7, 2967.7, 2967.7, 2967.7, 234024, 37335
2025/1/22, 00:00:00, 2979.8, 2979.8, 2979.8, 2979.8, 112299, 38430
2025/1/23, 00:00:00, 2974.3, 2974.3, 2974.3, 2974.3, 122335, 38193
2025/1/24, 00:00:00, 2990.1, 2990.1, 2990.1, 2990.1, 141727, 38086
2025/1/27, 00:00:00, 2950.7, 2950.7, 2950.7, 2950.7, 146334, 37277
2025/1/28, 00:00:00, 2984.6, 2984.6, 2984.6, 2984.6, 96300, 37889
2025/1/29, 00:00:00, 2978.3, 2978.3, 2978.3, 2978.3, 96792, 36643
2025/1/30, 00:00:00, 3029.7, 3029.7, 3029.7, 3029.7, 126712, 30633
2025/1/31, 00:00:00, 3017.8, 3017.8, 3017.8, 3017.8, 124637, 28377
2025/2/3, 00:00:00, 3037.2, 3037.2, 3037.2, 3037.2, 151275, 29324
2025/2/4, 00:00:00, 3057.9, 3057.9, 3057.9, 3057.9, 109220, 30411
2025/2/5, 00:00:00, 3076.3, 3076.3, 3076.3, 3076.3, 130490, 32141
2025/2/6, 00:00:00, 3063.6, 3063.6, 3063.6, 3063.6, 125021, 31124
2025/2/7, 00:00:00, 3079.5, 3079.5, 3079.5, 3079.5, 132134, 31007
2025/2/10, 00:00:00, 3129.6, 3129.6, 3129.6, 3129.6, 120388, 35876
2025/2/11, 00:00:00, 3133.3, 3133.3, 3133.3, 3133.3, 178991, 32134
2025/2/12, 00:00:00, 3132.0, 3132.0, 3132.0, 3132.0, 155583, 31488
2025/2/13, 00:00:00, 3147.0, 3147.0, 3147.0, 3147.0, 120959, 33702
2025/2/14, 00:00:00, 3099.2, 3099.2, 3099.2, 3099.2, 172423, 32782
2025/2/18, 00:00:00, 3147.6, 3147.6, 3147.6, 3147.6, 201934, 33569
2025/2/19, 00:00:00, 3130.3, 3130.3, 3130.3, 3130.3, 139372, 33700
2025/2/20, 00:00:00, 3150.7, 3150.7, 3150.7, 3150.7, 158509, 35501
2025/2/21, 00:00:00, 3145.6, 3145.6, 3145.6, 3145.6, 149601, 35156
2025/2/24, 00:00:00, 3157.7, 3157.7, 3157.7, 3157.7, 135768, 36258
2025/2/25, 00:00:00, 3112.7, 3112.7, 3112.7, 3112.7, 167518, 34485
2025/2/26, 00:00:00, 3124.5, 3124.5, 3124.5, 3124.5, 123307, 32673
2025/2/27, 00:00:00, 3089.5, 3089.5, 3089.5, 3089.5, 166802, 32392
2025/2/28, 00:00:00, 3040.6, 3040.6, 3040.6, 3040.6, 148662, 30808
2025/3/3, 00:00:00, 3094.7, 3094.7, 3094.7, 3094.7, 136887, 31034
2025/3/4, 00:00:00, 3113.7, 3113.7, 3113.7, 3113.7, 130509, 31386
2025/3/5, 00:00:00, 3118.5, 3118.5, 3118.5, 3118.5, 136859, 32334
2025/3/6, 00:00:00, 3119.2, 3119.2, 3119.2, 3119.2, 122149, 33297
2025/3/7, 00:00:00, 3104.9, 3104.9, 3104.9, 3104.9, 122169, 33172
2025/3/10, 00:00:00, 3088.4, 3088.4, 3088.4, 3088.4, 133711, 33205
2025/3/11, 00:00:00, 3110.6, 3110.6, 3110.6, 3110.6, 107486, 31965
2025/3/12, 00:00:00, 3135.4, 3135.4, 3135.4, 3135.4, 118681, 32478
2025/3/13, 00:00:00, 3180.8, 3180.8, 3180.8, 3180.8, 162505, 33198
2025/3/14, 00:00:00, 3190.0, 3190.0, 3190.0, 3190.0, 138494, 32623
2025/3/17, 00:00:00, 3195.2, 3195.2, 3195.2, 3195.2, 103132, 33883
2025/3/18, 00:00:00, 3233.3, 3233.3, 3233.3, 3233.3, 151803, 35957
2025/3/19, 00:00:00, 3234.1, 3234.1, 3234.1, 3234.1, 133050, 37702
2025/3/20, 00:00:00, 3235.5, 3235.5, 3235.5, 3235.5, 130852, 37349
2025/3/21, 00:00:00, 3208.5, 3208.5, 3208.5, 3208.5, 154045, 36998
2025/3/24, 00:00:00, 3202.8, 3202.8, 3202.8, 3202.8, 129309, 38130
2025/3/25, 00:00:00, 3213.8, 3213.8, 3213.8, 3213.8, 125224, 38212
2025/3/26, 00:00:00, 3210.2, 3210.2, 3210.2, 3210.2, 121944, 37674
2025/3/27, 00:00:00, 3268.0, 3268.0, 3249.4, 3249.4, 152360, 38606
2025/3/28, 00:00:00, 3273.3, 3273.3, 3273.3, 3273.3, 174439, 34612
2025/3/31, 00:00:00, 3310.2, 3310.2, 3310.2, 3310.2, 188658, 38029
2025/4/1, 00:00:00, 3305.6, 3305.6, 3305.6, 3305.6, 181323, 38070
2025/4/2, 00:00:00, 3327.6, 3327.6, 3327.6, 3327.6, 198881, 40606
2025/4/3, 00:00:00, 3281.5, 3281.5, 3281.5, 3281.5, 322840, 37395
2025/4/4, 00:00:00, 3281.5, 3281.5, 3189.4, 3189.4, 241431, 36186
2025/4/7, 00:00:00, 3166.0, 3166.0, 3127.0, 3127.0, 295523, 36701
2025/4/8, 00:00:00, 3146.0, 3146.0, 3146.0, 3146.0, 176911, 37869
2025/4/9, 00:00:00, 3243.7, 3243.7, 3243.7, 3243.7, 271494, 33321
2025/4/10, 00:00:00, 3344.3, 3344.3, 3344.3, 3344.3, 223840, 37058
2025/4/11, 00:00:00, 3419.3, 3419.3, 3419.3, 3419.3, 289994, 38485
2025/4/14, 00:00:00, 3398.6, 3398.6, 3398.6, 3398.6, 193693, 38449
2025/4/15, 00:00:00, 3413.2, 3413.2, 3413.2, 3413.2, 120388, 38924
2025/4/16, 00:00:00, 3523.9, 3523.9, 3523.9, 3523.9, 279649, 45744
2025/4/17, 00:00:00, 3505.3, 3505.3, 3505.3, 3505.3, 260120, 43036
2025/4/21, 00:00:00, 3604.5, 3604.5, 3604.5, 3604.5, 298878, 48159
2025/4/22, 00:00:00, 3600.8, 3600.8, 3600.8, 3600.8, 563112, 46167
2025/4/23, 00:00:00, 3473.5, 3473.5, 3473.5, 3473.5, 477239, 42671
2025/4/24, 00:00:00, 3530.1, 3530.1, 3530.1, 3530.1, 359006, 43213
2025/4/25, 00:00:00, 3478.4, 3478.4, 3478.4, 3478.4, 362777, 44387
2025/4/28, 00:00:00, 3528.3, 3528.3, 3528.3, 3528.3, 341909, 45002
2025/4/29, 00:00:00, 3513.2, 3513.2, 3513.2, 3513.2, 271829, 43846
2025/4/30, 00:00:00, 3496.1, 3496.1, 3496.1, 3496.1, 287957, 43199
2025/5/1, 00:00:00, 3396.8, 3396.8, 3396.8, 3396.8, 345921, 43264
2025/5/2, 00:00:00, 3420.0, 3420.0, 3418.9, 3418.9, 298650, 42767
2025/5/5, 00:00:00, 3505.0, 3505.0, 3501.4, 3501.4, 278226, 44464
2025/5/6, 00:00:00, 3605.0, 3605.0, 3605.0, 3605.0, 360473, 46294
2025/5/7, 00:00:00, 3575.0, 3575.0, 3575.0, 3575.0, 381302, 44792
2025/5/8, 00:00:00, 3487.1, 3487.1, 3487.1, 3487.1, 449266, 46174
2025/5/9, 00:00:00, 3525.1, 3525.1, 3525.1, 3525.1, 346461, 43801
2025/5/12, 00:00:00, 3408.6, 3408.6, 3408.6, 3408.6, 396160, 42587
2025/5/13, 00:00:00, 3430.0, 3430.0, 3430.0, 3430.0, 272393, 42731
2025/5/14, 00:00:00, 3367.7, 3367.7, 3367.7, 3367.7, 341096, 45356
2025/5/15, 00:00:00, 3380.0, 3410.0, 3380.0, 3404.6, 395732, 45430
2025/5/16, 00:00:00, 3363.5, 3363.5, 3363.5, 3363.5, 406477, 45238
2025/5/19, 00:00:00, 3412.3, 3412.3, 3412.3, 3412.3, 366185, 47825
2025/5/20, 00:00:00, 3462.5, 3462.5, 3462.5, 3462.5, 320417, 48985
2025/5/21, 00:00:00, 3494.4, 3494.4, 3494.4, 3494.4, 343422, 49316
2025/5/22, 00:00:00, 3469.0, 3476.4, 3469.0, 3476.4, 338372, 48826
2025/5/23, 00:00:00, 3549.8, 3549.8, 3549.8, 3549.8, 366717, 49220
2025/5/27, 00:00:00, 3485.6, 3485.6, 3485.6, 3485.6, 458213, 49049
2025/5/28, 00:00:00, 3485.6, 3485.6, 3478.2, 3478.2, 265802, 38189
2025/5/29, 00:00:00, 3496.3, 3496.3, 3496.3, 3496.3, 296462, 36691
2025/5/30, 00:00:00, 3467.2, 3467.2, 3467.2, 3467.2, 250999, 35446
2025/6/2, 00:00:00, 3551.8, 3551.8, 3551.8, 3551.8, 249947, 39889
2025/6/3, 00:00:00, 3545.6, 3545.6, 3526.9, 3534.1, 241317, 39082
2025/6/4, 00:00:00, 3555.5, 3555.5, 3555.5, 3555.5, 245309, 39801
2025/6/5, 00:00:00, 3530.0, 3530.0, 3530.0, 3530.0, 322931, 42904
2025/6/6, 00:00:00, 3516.2, 3516.2, 3501.7, 3501.7, 262247, 44528
2025/6/9, 00:00:00, 3483.9, 3509.8, 3483.9, 3509.8, 212816, 44414
2025/6/10, 00:00:00, 3498.3, 3498.3, 3498.3, 3498.3, 241885, 43741
2025/6/11, 00:00:00, 3534.2, 3534.2, 3497.5, 3497.5, 271339, 40899
2025/6/12, 00:00:00, 3555.1, 3555.1, 3555.1, 3555.1, 304564, 40358
2025/6/13, 00:00:00, 3589.4, 3607.5, 3589.4, 3607.5, 345688, 40769
2025/6/16, 00:00:00, 3571.7, 3571.7, 3571.7, 3571.7, 280768, 44643
2025/6/17, 00:00:00, 3541.5, 3566.5, 3541.5, 3562.9, 273901, 44993
2025/6/18, 00:00:00, 3540.0, 3562.8, 3540.0, 3562.8, 228559, 45579
2025/6/20, 00:00:00, 3540.5, 3540.5, 3540.5, 3540.5, 374009, 46995
2025/6/23, 00:00:00, 3549.1, 3549.1, 3549.1, 3549.1, 244532, 45514
2025/6/24, 00:00:00, 3487.7, 3487.7, 3487.7, 3487.7, 252659, 46420
2025/6/25, 00:00:00, 3497.2, 3497.2, 3497.2, 3497.2, 145812, 45876
2025/6/26, 00:00:00, 3509.0, 3509.0, 3485.0, 3501.6, 198589, 45631
2025/6/27, 00:00:00, 3482.5, 3488.0, 3429.0, 3439.5, 260986, 45882
2025/6/30, 00:00:00, 3459.5, 3459.5, 3459.5, 3459.5, 206318, 45014
2025/7/1, 00:00:00, 3502.4, 3502.4, 3502.4, 3502.4, 195156, 45300
2025/7/2, 00:00:00, 3513.7, 3513.7, 3513.7, 3513.7, 166883, 45696
2025/7/3, 00:00:00, 3497.8, 3497.8, 3497.8, 3497.8, 197315, 44875
2025/7/7, 00:00:00, 3501.8, 3501.8, 3497.7, 3497.7, 303940, 46000
2025/7/8, 00:00:00, 3499.0, 3499.0, 3463.0, 3473.3, 215496, 48319
2025/7/9, 00:00:00, 3473.3, 3475.7, 3473.3, 3475.7, 186351, 48143
2025/7/10, 00:00:00, 3480.8, 3480.8, 3480.8, 3480.8, 166265, 50234
2025/7/11, 00:00:00, 3497.0, 3530.2, 3491.2, 3518.0, 213598, 49454
2025/7/14, 00:00:00, 3544.6, 3544.6, 3505.0, 3515.1, 197665, 51016
2025/7/15, 00:00:00, 3519.4, 3520.6, 3492.5, 3492.5, 197846, 52631
2025/7/16, 00:00:00, 3513.9, 3513.9, 3513.9, 3513.9, 263070, 50426
2025/7/17, 00:00:00, 3500.4, 3500.4, 3500.4, 3500.4, 177120, 51181
2025/7/18, 00:00:00, 3513.4, 3513.4, 3513.4, 3513.4, 141567, 50937
2025/7/21, 00:00:00, 3516.4, 3564.1, 3516.4, 3564.1, 177993, 51738
2025/7/22, 00:00:00, 3575.7, 3604.3, 3555.6, 3604.3, 203771, 52999
2025/7/23, 00:00:00, 3598.1, 3598.1, 3552.0, 3555.0, 246550, 53176
2025/7/24, 00:00:00, 3555.0, 3560.6, 3514.7, 3531.9, 208709, 54468
2025/7/25, 00:00:00, 3495.0, 3505.1, 3488.9, 3490.7, 204799, 55802
2025/7/28, 00:00:00, 3464.0, 3465.5, 3462.9, 3465.5, 207677, 55337
2025/7/29, 00:00:00, 3472.4, 3480.3, 3472.4, 3480.3, 200397, 53658
2025/7/30, 00:00:00, 3437.1, 3451.2, 3437.1, 3451.2, 232802, 45323
2025/7/31, 00:00:00, 3436.4, 3448.1, 3436.4, 3448.1, 169729, 43317
2025/8/1, 00:00:00, 3496.4, 3507.2, 3496.4, 3496.4, 218475, 43935
2025/8/4, 00:00:00, 3507.1, 3531.7, 3507.1, 3522.8, 168413, 44642
2025/8/5, 00:00:00, 3530.8, 3531.8, 3526.5, 3531.8, 175692, 45256
2025/8/6, 00:00:00, 3508.7, 3531.1, 3508.7, 3529.9, 163932, 45392
2025/8/7, 00:00:00, 3532.0, 3572.0, 3532.0, 3546.5, 240076, 48043
2025/8/8, 00:00:00, 3590.0, 3620.0, 3547.0, 3581.1, 337522, 47800
2025/8/11, 00:00:00, 3561.2, 3561.2, 3504.7, 3505.5, 263897, 44361
2025/8/12, 00:00:00, 3498.9, 3507.1, 3498.6, 3498.6, 236605, 44830
2025/8/13, 00:00:00, 3510.8, 3510.8, 3500.0, 3508.0, 179623, 46985
2025/8/14, 00:00:00, 3500.0, 3500.0, 3482.0, 3482.0, 227562, 48934
2025/8/15, 00:00:00, 3484.1, 3484.1, 3480.3, 3480.3, 139988, 47860
2025/8/18, 00:00:00, 3464.7, 3498.9, 3464.7, 3475.2, 161175, 51416
2025/8/19, 00:00:00, 3466.9, 3466.9, 3455.2, 3455.2, 161301, 51255
2025/8/20, 00:00:00, 3486.2, 3486.7, 3486.2, 3486.2, 151712, 47677
2025/8/21, 00:00:00, 3479.5, 3479.5, 3479.5, 3479.5, 148306, 49098
2025/8/22, 00:00:00, 3512.7, 3516.9, 3512.1, 3516.2, 196851, 47613
2025/8/25, 00:00:00, 3509.8, 3515.5, 3509.8, 3515.5, 109048, 47926
2025/8/26, 00:00:00, 3531.5, 3532.6, 3517.0, 3532.6, 198644, 49276
2025/8/27, 00:00:00, 3540.9, 3550.4, 3530.0, 3550.4, 157452, 45829
2025/8/28, 00:00:00, 3574.8, 3574.8, 3574.8, 3574.8, 164287, 49314
2025/8/29, 00:00:00, 3581.2, 3621.3, 3573.4, 3618.1, 193497, 54317
2025/9/2, 00:00:00, 3637.4, 3698.0, 3633.0, 3694.8, 461515, 61871
2025/9/3, 00:00:00, 3710.7, 3741.1, 3697.0, 3739.2, 291187, 61812
2025/9/4, 00:00:00, 3718.2, 3722.8, 3690.8, 3710.3, 294415, 58764
2025/9/5, 00:00:00, 3699.9, 3756.5, 3699.9, 3756.5, 289748, 59632
2025/9/8, 00:00:00, 3734.0, 3782.1, 3725.7, 3779.1, 280693, 59904
2025/9/9, 00:00:00, 3795.5, 3806.4, 3777.0, 3784.0, 375768, 57444
2025/9/10, 00:00:00, 3773.0, 3795.0, 3772.0, 3784.1, 267368, 56660
2025/9/11, 00:00:00, 3784.1, 3786.7, 3756.0, 3775.1, 277148, 55486
2025/9/12, 00:00:00, 3781.0, 3795.0, 3778.2, 3788.9, 198416, 54830
2025/9/15, 00:00:00, 3781.1, 3824.3, 3769.4, 3821.6, 258727, 57772
2025/9/16, 00:00:00, 3827.2, 3838.9, 3827.2, 3828.3, 250182, 55899
2025/9/17, 00:00:00, 3829.3, 3842.0, 3786.3, 3821.4, 354267, 54966
2025/9/18, 00:00:00, 3793.7, 3805.3, 3770.0, 3780.9, 298440, 54760
2025/9/19, 00:00:00, 3780.9, 3821.3, 3780.0, 3809.1, 251839, 57069
2025/9/22, 00:00:00, 3828.8, 3886.9, 3828.8, 3880.0, 277180, 61138
2025/9/23, 00:00:00, 3894.9, 3926.9, 3884.9, 3922.3, 368369, 59196
2025/9/24, 00:00:00, 3913.9, 3913.9, 3863.0, 3875.3, 291482, 57058
2025/9/25, 00:00:00, 3881.2, 3897.6, 3863.9, 3881.1, 339462, 57034
2025/9/26, 00:00:00, 3877.3, 3921.7, 3877.3, 3919.1, 281698, 55750
2025/9/29, 00:00:00, 3926.9, 3970.9, 3926.9, 3968.5, 378442, 54790
2025/9/30, 00:00:00, 3983.0, 4003.7, 3944.4, 3985.8, 483107, 55129
2025/10/1, 00:00:00, 4006.0, 4034.6, 3999.9, 4011.5, 408780, 57256
2025/10/2, 00:00:00, 4000.6, 4020.0, 3964.2, 3980.8, 454135, 58408
2025/10/3, 00:00:00, 4005.0, 4025.0, 4005.0, 4022.1, 361058, 55643
2025/10/6, 00:00:00, 4050.0, 4103.6, 4040.9, 4093.9, 472668, 58711
2025/10/7, 00:00:00, 4096.8, 4124.9, 4088.8, 4124.9, 490865, 55692
2025/10/8, 00:00:00, 4155.0, 4200.0, 4155.0, 4193.8, 571170, 60752
2025/10/9, 00:00:00, 4163.3, 4200.0, 4086.1, 4092.5, 741822, 60645
2025/10/10, 00:00:00, 4126.9, 4144.8, 4092.0, 4119.6, 647963, 59967
2025/10/13, 00:00:00, 4160.0, 4255.0, 4160.0, 4255.0, 467560, 62472
2025/10/14, 00:00:00, 4270.1, 4300.4, 4234.0, 4285.4, 716842, 62468
2025/10/15, 00:00:00, 4303.8, 4349.8, 4303.8, 4324.9, 606936, 61831
2025/10/16, 00:00:00, 4360.0, 4464.0, 4341.7, 4429.8, 746939, 62719
2025/10/17, 00:00:00, 4478.3, 4514.6, 4328.8, 4335.1, 1267436, 61266
2025/10/20, 00:00:00, 4393.9, 4523.0, 4356.6, 4485.8, 746343, 62433
2025/10/21, 00:00:00, 4509.3, 4515.0, 4222.2, 4228.6, 1184203, 65693
2025/10/22, 00:00:00, 4252.1, 4279.9, 4150.5, 4186.2, 1180315, 64530
2025/10/23, 00:00:00, 4246.5, 4289.1, 4214.1, 4268.3, 683316, 66494
2025/10/24, 00:00:00, 4257.7, 4272.1, 4180.0, 4260.5, 755616, 67297
2025/10/27, 00:00:00, 4215.1, 4243.3, 4103.8, 4138.8, 813085, 72347
2025/10/28, 00:00:00, 4122.8, 4151.0, 4018.2, 4100.6, 791351, 74509
2025/10/29, 00:00:00, 4075.5, 4160.4, 4070.3, 4121.1, 749865, 73640
2025/10/30, 00:00:00, 4060.6, 4150.0, 4053.4, 4139.0, 704957, 73834
2025/10/31, 00:00:00, 4163.3, 4182.7, 4107.7, 4118.1, 620633, 73447
2025/11/3, 00:00:00, 4130.8, 4165.8, 4096.4, 4137.9, 524816, 75194
2025/11/4, 00:00:00, 4132.1, 4133.1, 4061.1, 4082.2, 530324, 76611
2025/11/5, 00:00:00, 4068.0, 4123.0, 4060.1, 4116.2, 395431, 77668
2025/11/6, 00:00:00, 4100.0, 4149.1, 4100.0, 4113.5, 409016, 77262
2025/11/7, 00:00:00, 4113.1, 4141.1, 4113.1, 4131.2, 377915, 77307
2025/11/10, 00:00:00, 4139.6, 4246.1, 4139.6, 4246.1, 475186, 80918
2025/11/11, 00:00:00, 4251.3, 4274.5, 4235.4, 4240.3, 427764, 81252
2025/11/12, 00:00:00, 4273.0, 4340.8, 4244.1, 4338.8, 540226, 83998
2025/11/13, 00:00:00, 4327.1, 4375.0, 4276.0, 4322.6, 606767, 84204
2025/11/14, 00:00:00, 4312.1, 4334.0, 4164.0, 4218.6, 686786, 82921
2025/11/17, 00:00:00, 4216.9, 4229.3, 4143.1, 4199.5, 505924, 84884
2025/11/18, 00:00:00, 4176.3, 4202.8, 4130.8, 4190.5, 480543, 84281
2025/11/19, 00:00:00, 4197.7, 4256.0, 4184.0, 4208.0, 471660, 83396
2025/11/20, 00:00:00, 4213.2, 4231.2, 4171.0, 4183.6, 554689, 84352
2025/11/21, 00:00:00, 4184.0, 4210.2, 4147.9, 4201.5, 481600, 82848
2025/11/24, 00:00:00, 4207.4, 4260.2, 4159.4, 4216.3, 394699, 84047
2025/11/25, 00:00:00, 4250.2, 4274.4, 4232.0, 4264.6, 505269, 44734
2025/11/26, 00:00:00, 4255.0, 4295.2, 4255.0, 4291.2, 371460, 43532
2025/11/28, 00:00:00, 4278.3, 4348.0, 4271.8, 4344.5, 300593, 48100
2025/12/1, 00:00:00, 4348.0, 4390.0, 4333.0, 4367.1, 453940, 49452
2025/12/2, 00:00:00, 4350.6, 4353.3, 4288.8, 4313.2, 422315, 51164
2025/12/3, 00:00:00, 4336.3, 4365.9, 4319.5, 4325.0, 358326, 50601
2025/12/4, 00:00:00, 4328.5, 4340.0, 4300.0, 4334.0, 323773, 51951
2025/12/5, 00:00:00, 4328.0, 4381.0, 4316.3, 4335.1, 354646, 52088
2025/12/8, 00:00:00, 4323.3, 4339.6, 4298.8, 4310.4, 301838, 54632
2025/12/9, 00:00:00, 4314.5, 4344.8, 4290.3, 4330.4, 309845, 54042
2025/12/10, 00:00:00, 4341.0, 4360.8, 4307.1, 4318.2, 315638, 53045
2025/12/11, 00:00:00, 4354.0, 4408.1, 4325.1, 4407.1, 395336, 55902
2025/12/12, 00:00:00, 4405.4, 4481.8, 4388.3, 4423.3, 506917, 54979
2025/12/15, 00:00:00, 4425.3, 4479.0, 4412.0, 4430.6, 339930, 56848
2025/12/16, 00:00:00, 4432.0, 4459.6, 4395.0, 4427.2, 336162, 57894
2025/12/17, 00:00:00, 4430.9, 4476.1, 4430.9, 4468.6, 363639, 60094
2025/12/18, 00:00:00, 4463.8, 4502.4, 4433.0, 4458.7, 358029, 59227
2025/12/19, 00:00:00, 4461.4, 4482.8, 4431.0, 4482.3, 278749, 60644
2025/12/22, 00:00:00, 4471.6, 4580.8, 4470.7, 4566.3, 358740, 66269
2025/12/23, 00:00:00, 4581.1, 4626.5, 4557.7, 4603.2, 452547, 65212
2025/12/24, 00:00:00, 4626.1, 4652.1, 4572.0, 4600.3, 350279, 70683
2025/12/26, 00:00:00, 4635.0, 4682.2, 4617.9, 4651.6, 432994, 70153
2025/12/29, 00:00:00, 4678.0, 4678.0, 4415.5, 4439.6, 680267, 70725
2025/12/30, 00:00:00, 4452.1, 4517.2, 4444.0, 4484.7, 406817, 70021
2025/12/31, 00:00:00, 4453.4, 4479.9, 4382.3, 4440.4, 460312, 67633
2026/1/2, 00:00:00, 4446.9, 4511.2, 4419.1, 4427.4, 364617, 69527
2026/1/5, 00:00:00, 4469.5, 4565.0, 4458.3, 4549.7, 449775, 68340
2026/1/6, 00:00:00, 4559.1, 4606.8, 4543.0, 4595.5, 421661, 68733
2026/1/7, 00:00:00, 4607.5, 4610.6, 4532.0, 4561.1, 503897, 70727
2026/1/8, 00:00:00, 4570.0, 4588.3, 4515.0, 4560.0, 452157, 70436
2026/1/9, 00:00:00, 4579.0, 4626.7, 4565.2, 4601.1, 425762, 69180
2026/1/12, 00:00:00, 4629.2, 4742.0, 4624.8, 4716.7, 611289, 72858
2026/1/13, 00:00:00, 4704.0, 4744.5, 4679.5, 4700.8, 471549, 72555
2026/1/14, 00:00:00, 4701.0, 4752.5, 4700.6, 4738.0, 527610, 70647
2026/1/15, 00:00:00, 4735.1, 4735.1, 4687.8, 4725.8, 461643, 72268
2026/1/16, 00:00:00, 4716.8, 4726.0, 4641.2, 4697.5, 495292, 73684
2026/1/20, 00:00:00, 4707.7, 4875.3, 4707.7, 4870.3, 735310, 78970
2026/1/21, 00:00:00, 4880.8, 4996.3, 4864.2, 4944.0, 861130, 77997
2026/1/22, 00:00:00, 4922.0, 5049.8, 4879.5, 5021.9, 557540, 81447
2026/1/23, 00:00:00, 5058.5, 5102.6, 5012.0, 5092.9, 656919, 82079
2026/1/26, 00:00:00, 5108.5, 5221.0, 5104.9, 5201.8, 946168, 78583
2026/1/27, 00:00:00, 5127.9, 5307.0, 5126.0, 5197.5, 746942, 78421
2026/1/28, 00:00:00, 5287.5, 5536.3, 5274.3, 5421.0, 1003151, 77060
2026/1/29, 00:00:00, 5536.5, 5707.7, 5216.0, 5436.5, 1577286, 57875
2026/1/30, 00:00:00, 5492.0, 5563.7, 4787.0, 4816.6, 1586851, 57124
2026/2/2, 00:00:00, 4954.5, 4975.0, 4492.3, 4720.3, 1413717, 58976
2026/2/3, 00:00:00, 4797.9, 5092.6, 4797.9, 5007.7, 947387, 53594
2026/2/4, 00:00:00, 5066.9, 5185.9, 4950.0, 5024.3, 829198, 55395
2026/2/5, 00:00:00, 5083.8, 5118.2, 4851.0, 4960.2, 905204, 58537
2026/2/6, 00:00:00, 4882.1, 5069.9, 4739.6, 5054.3, 650328, 60170
2026/2/9, 00:00:00, 5065.6, 5188.0, 5062.1, 5156.1, 498840, 61615
2026/2/10, 00:00:00, 5168.6, 5178.7, 5095.7, 5106.9, 487238, 60592
2026/2/11, 00:00:00, 5130.6, 5218.8, 5116.1, 5175.7, 533028, 61591
2026/2/12, 00:00:00, 5194.5, 5200.0, 4976.9, 5023.8, 585045, 58735
2026/2/13, 00:00:00, 5000.0, 5143.5, 4983.9, 5121.3, 424873, 61410
2026/2/17, 00:00:00, 5135.7, 5150.5, 4930.0, 4978.7, 614772, 60814
2026/2/18, 00:00:00, 4964.0, 5104.0, 4950.0, 5083.7, 305691, 62668
2026/2/19, 00:00:00, 5065.0, 5115.9, 5053.0, 5072.0, 303835, 61716
2026/2/20, 00:00:00, 5093.2, 5205.0, 5079.9, 5157.7, 385589, 62534
2026/2/23, 00:00:00, 5204.1, 5335.3, 5203.8, 5304.5, 400613, 62342
2026/2/24, 00:00:00, 5337.0, 5346.9, 5197.8, 5254.6, 442511, 59925
2026/2/25, 00:00:00, 5239.7, 5316.0, 5220.0, 5305.4, 385695, 58873
2026/2/26, 00:00:00, 5265.0, 5300.0, 5226.2, 5272.8, 384314, 59851
2026/2/27, 00:00:00, 5290.0, 5377.7, 5264.0, 5327.1, 388691, 62764
2026/3/2, 00:00:00, 5400.1, 5513.9, 5353.0, 5391.8, 610420, 62023
2026/3/3, 00:00:00, 5440.0, 5473.8, 5082.2, 5201.0, 753435, 60931
2026/3/4, 00:00:00, 5183.8, 5291.6, 5179.0, 5212.2, 470313, 57595
2026/3/5, 00:00:00, 5243.2, 5279.0, 5136.0, 5155.7, 456374, 59672
2026/3/6, 00:00:00, 5180.0, 5261.0, 5149.6, 5237.1, 409620, 59346
2026/3/9, 00:00:00, 5268.0, 5280.5, 5099.7, 5181.6, 459606, 57097
2026/3/10, 00:00:00, 5219.1, 5327.4, 5212.2, 5321.2, 366339, 58116
2026/3/11, 00:00:00, 5278.5, 5309.1, 5234.4, 5257.8, 294001, 59221
2026/3/12, 00:00:00, 5263.0, 5275.0, 5136.6, 5202.8, 355544, 61825
2026/3/13, 00:00:00, 5162.7, 5205.0, 5090.1, 5137.3, 348971, 62822
2026/3/16, 00:00:00, 5092.4, 5115.6, 5046.8, 5077.6, 446703, 63231
2026/3/17, 00:00:00, 5095.0, 5122.2, 5057.3, 5083.8, 315448, 64123
2026/3/18, 00:00:00, 5080.7, 5095.6, 4884.0, 4970.7, 506264, 70495
2026/3/19, 00:00:00, 4902.9, 4940.0, 4881.0, 4927.2, 63301, 0
