Date, Time, Open, High, Low, Last, Volume, OpenInterest
2024/11/27, 00:00:00, 2856.8, 2856.8, 2856.8, 2856.8, 125852, 26537
2024/11/29, 00:00:00, 2873.9, 2873.9, 2873.9, 2873.9, 144598, 27614
2024/12/2, 00:00:00, 2856.1, 2856.1, 2856.1, 2856.1, 138893, 28329
2024/12/3, 00:00:00, 2863.8, 2863.8, 2863.8, 2863.8, 107467, 28567
2024/12/4, 00:00:00, 2870.9, 2870.9, 2870.9, 2870.9, 108043, 29060
2024/12/5, 00:00:00, 2842.0, 2842.0, 2842.0, 2842.0, 110569, 31558
2024/12/6, 00:00:00, 2851.4, 2851.4, 2851.4, 2851.4, 122246, 28128
2024/12/9, 00:00:00, 2882.0, 2882.0, 2882.0, 2882.0, 131876, 28491
2024/12/10, 00:00:00, 2914.5, 2914.5, 2914.5, 2914.5, 120619, 28606
2024/12/11, 00:00:00, 2950.1, 2950.1, 2950.1, 2950.1, 175803, 30794
2024/12/12, 00:00:00, 2906.8, 2906.8, 2906.8, 2906.8, 168307, 34018
2024/12/13, 00:00:00, 2874.3, 2874.3, 2874.3, 2874.3, 141090, 34700
2024/12/16, 00:00:00, 2868.9, 2868.9, 2868.9, 2868.9, 84661, 35344
2024/12/17, 00:00:00, 2862.1, 2862.1, 2862.1, 2862.1, 111847, 34592
2024/12/18, 00:00:00, 2856.1, 2856.1, 2856.1, 2856.1, 110771, 35733
2024/12/19, 00:00:00, 2814.4, 2814.4, 2814.4, 2814.4, 133593, 36512
2024/12/20, 00:00:00, 2850.4, 2850.4, 2850.4, 2850.4, 113323, 34759
2024/12/23, 00:00:00, 2835.1, 2835.1, 2835.1, 2835.1, 77292, 35775
2024/12/24, 00:00:00, 2845.1, 2845.1, 2845.1, 2845.1, 45961, 33447
2024/12/26, 00:00:00, 2866.6, 2866.6, 2866.6, 2866.6, 62039, 33214
2024/12/27, 00:00:00, 2847.3, 2847.3, 2847.3, 2847.3, 74027, 31855
2024/12/30, 00:00:00, 2839.1, 2839.1, 2839.1, 2839.1, 83729, 32530
2024/12/31, 00:00:00, 2868.8, 2868.8, 2868.8, 2868.8, 66871, 32076
2025/1/2, 00:00:00, 2891.6, 2891.6, 2891.6, 2891.6, 89445, 33045
2025/1/3, 00:00:00, 2873.2, 2873.2, 2873.2, 2873.2, 83934, 32541
2025/1/6, 00:00:00, 2864.5, 2864.5, 2864.5, 2864.5, 119843, 33541
2025/1/7, 00:00:00, 2883.7, 2883.7, 2883.7, 2883.7, 104617, 32982
2025/1/8, 00:00:00, 2892.9, 2892.9, 2892.9, 2892.9, 105546, 32891
2025/1/9, 00:00:00, 2911.3, 2911.3, 2911.3, 2911.3, 86123, 34561
2025/1/10, 00:00:00, 2936.3, 2936.3, 2936.3, 2936.3, 166951, 32676
2025/1/13, 00:00:00, 2896.9, 2896.9, 2896.9, 2896.9, 141788, 32385
2025/1/14, 00:00:00, 2903.6, 2903.6, 2903.6, 2903.6, 94793, 33485
2025/1/15, 00:00:00, 2939.4, 2939.4, 2939.4, 2939.4, 120230, 33206
2025/1/16, 00:00:00, 2974.6, 2974.6, 2974.6, 2974.6, 120405, 34269
2025/1/17, 00:00:00, 2973.4, 2973.4, 2973.4, 2973.4, 107315, 34387
2025/1/21, 00:00:00, 2985.9, 2985.9, 2985.9, 2985.9, 234024, 37335
2025/1/22, 00:00:00, 2998.0, 2998.0, 2998.0, 2998.0, 112299, 38430
2025/1/23, 00:00:00, 2992.5, 2992.5, 2992.5, 2992.5, 122335, 38193
2025/1/24, 00:00:00, 3008.3, 3008.3, 3008.3, 3008.3, 141727, 38086
2025/1/27, 00:00:00, 2969.0, 2969.0, 2969.0, 2969.0, 146334, 37277
2025/1/28, 00:00:00, 3003.0, 3003.0, 3003.0, 3003.0, 96300, 37889
2025/1/29, 00:00:00, 2996.7, 2996.7, 2996.7, 2996.7, 96792, 36643
2025/1/30, 00:00:00, 3048.1, 3048.1, 3048.1, 3048.1, 126712, 30633
2025/1/31, 00:00:00, 3036.2, 3036.2, 3036.2, 3036.2, 124637, 28377
2025/2/3, 00:00:00, 3055.6, 3055.6, 3055.6, 3055.6, 151275, 29324
2025/2/4, 00:00:00, 3076.3, 3076.3, 3076.3, 3076.3, 109220, 30411
2025/2/5, 00:00:00, 3094.7, 3094.7, 3094.7, 3094.7, 130490, 32141
2025/2/6, 00:00:00, 3082.0, 3082.0, 3082.0, 3082.0, 125021, 31124
2025/2/7, 00:00:00, 3097.9, 3097.9, 3097.9, 3097.9, 132134, 31007
2025/2/10, 00:00:00, 3148.6, 3148.6, 3148.6, 3148.6, 120388, 35876
2025/2/11, 00:00:00, 3152.5, 3152.5, 3152.5, 3152.5, 178991, 32134
2025/2/12, 00:00:00, 3152.5, 3152.5, 3152.5, 3152.5, 155583, 31488
2025/2/13, 00:00:00, 3167.8, 3167.8, 3167.8, 3167.8, 120959, 33702
2025/2/14, 00:00:00, 3120.0, 3120.0, 3120.0, 3120.0, 172423, 32782
2025/2/18, 00:00:00, 3168.4, 3168.4, 3168.4, 3168.4, 201934, 33569
2025/2/19, 00:00:00, 3151.1, 3151.1, 3151.1, 3151.1, 139372, 33700
2025/2/20, 00:00:00, 3171.5, 3171.5, 3171.5, 3171.5, 158509, 35501
2025/2/21, 00:00:00, 3167.8, 3167.8, 3167.8, 3167.8, 149601, 35156
2025/2/24, 00:00:00, 3179.9, 3179.9, 3179.9, 3179.9, 135768, 36258
2025/2/25, 00:00:00, 3134.9, 3134.9, 3134.9, 3134.9, 167518, 34485
2025/2/26, 00:00:00, 3145.9, 3145.9, 3145.9, 3145.9, 123307, 32673
2025/2/27, 00:00:00, 3110.9, 3110.9, 3110.9, 3110.9, 166802, 32392
2025/2/28, 00:00:00, 3062.0, 3062.0, 3062.0, 3062.0, 148662, 30808
2025/3/3, 00:00:00, 3116.1, 3116.1, 3116.1, 3116.1, 136887, 31034
2025/3/4, 00:00:00, 3134.9, 3134.9, 3134.9, 3134.9, 130509, 31386
2025/3/5, 00:00:00, 3139.7, 3139.7, 3139.7, 3139.7, 136859, 32334
2025/3/6, 00:00:00, 3140.4, 3140.4, 3140.4, 3140.4, 122149, 33297
2025/3/7, 00:00:00, 3126.3, 3126.3, 3126.3, 3126.3, 122169, 33172
2025/3/10, 00:00:00, 3109.8, 3109.8, 3109.8, 3109.8, 133711, 33205
2025/3/11, 00:00:00, 3132.1, 3132.1, 3132.1, 3132.1, 107486, 31965
2025/3/12, 00:00:00, 3156.8, 3156.8, 3156.8, 3156.8, 118681, 32478
2025/3/13, 00:00:00, 3202.1, 3202.1, 3202.1, 3202.1, 162505, 33198
2025/3/14, 00:00:00, 3211.4, 3211.4, 3211.4, 3211.4, 138494, 32623
2025/3/17, 00:00:00, 3216.6, 3216.6, 3216.6, 3216.6, 103132, 33883
2025/3/18, 00:00:00, 3254.7, 3254.7, 3254.7, 3254.7, 151803, 35957
2025/3/19, 00:00:00, 3255.4, 3255.4, 3255.4, 3255.4, 133050, 37702
2025/3/20, 00:00:00, 3256.8, 3256.8, 3256.8, 3256.8, 130852, 37349
2025/3/21, 00:00:00, 3229.8, 3229.8, 3229.8, 3229.8, 154045, 36998
2025/3/24, 00:00:00, 3223.7, 3223.7, 3223.7, 3223.7, 129309, 38130
2025/3/25, 00:00:00, 3234.7, 3234.7, 3234.7, 3234.7, 125224, 38212
2025/3/26, 00:00:00, 3231.1, 3231.1, 3231.1, 3231.1, 121944, 37674
2025/3/27, 00:00:00, 3270.1, 3270.1, 3270.1, 3270.1, 152360, 38606
2025/3/28, 00:00:00, 3293.9, 3293.9, 3293.9, 3293.9, 174439, 34612
2025/3/31, 00:00:00, 3330.8, 3330.8, 3330.8, 3330.8, 188658, 38029
2025/4/1, 00:00:00, 3326.1, 3326.1, 3326.1, 3326.1, 181323, 38070
2025/4/2, 00:00:00, 3348.1, 3348.1, 3348.1, 3348.1, 198881, 40606
2025/4/3, 00:00:00, 3301.9, 3301.9, 3301.9, 3301.9, 322840, 37395
2025/4/4, 00:00:00, 3210.0, 3210.0, 3210.0, 3210.0, 241431, 36186
2025/4/7, 00:00:00, 3147.9, 3147.9, 3147.9, 3147.9, 295523, 36701
2025/4/8, 00:00:00, 3166.0, 3166.0, 3166.0, 3166.0, 176911, 37869
2025/4/9, 00:00:00, 3263.6, 3263.6, 3263.6, 3263.6, 271494, 33321
2025/4/10, 00:00:00, 3364.0, 3364.0, 3364.0, 3364.0, 223840, 37058
2025/4/11, 00:00:00, 3439.4, 3439.4, 3439.4, 3439.4, 289994, 38485
2025/4/14, 00:00:00, 3419.8, 3419.8, 3419.8, 3419.8, 193693, 38449
2025/4/15, 00:00:00, 3434.4, 3434.4, 3434.4, 3434.4, 120388, 38924
2025/4/16, 00:00:00, 3545.1, 3545.1, 3545.1, 3545.1, 279649, 45744
2025/4/17, 00:00:00, 3526.6, 3526.6, 3526.6, 3526.6, 260120, 43036
2025/4/21, 00:00:00, 3626.3, 3626.3, 3626.3, 3626.3, 298878, 48159
2025/4/22, 00:00:00, 3623.1, 3623.1, 3623.1, 3623.1, 563112, 46167
2025/4/23, 00:00:00, 3495.9, 3495.9, 3495.9, 3495.9, 477239, 42671
2025/4/24, 00:00:00, 3552.5, 3552.5, 3552.5, 3552.5, 359006, 43213
2025/4/25, 00:00:00, 3500.9, 3500.9, 3500.9, 3500.9, 362777, 44387
2025/4/28, 00:00:00, 3550.8, 3550.8, 3550.8, 3550.8, 341909, 45002
2025/4/29, 00:00:00, 3535.5, 3535.5, 3535.5, 3535.5, 271829, 43846
2025/4/30, 00:00:00, 3480.0, 3517.6, 3480.0, 3517.6, 287957, 43199
2025/5/1, 00:00:00, 3418.9, 3418.9, 3418.9, 3418.9, 345921, 43264
2025/5/2, 00:00:00, 3440.9, 3440.9, 3440.9, 3440.9, 298650, 42767
2025/5/5, 00:00:00, 3523.2, 3523.2, 3523.2, 3523.2, 278226, 44464
2025/5/6, 00:00:00, 3626.9, 3626.9, 3626.9, 3626.9, 360473, 46294
2025/5/7, 00:00:00, 3596.8, 3596.8, 3596.8, 3596.8, 381302, 44792
2025/5/8, 00:00:00, 3509.6, 3509.6, 3509.6, 3509.6, 449266, 46174
2025/5/9, 00:00:00, 3547.6, 3547.6, 3547.6, 3547.6, 346461, 43801
2025/5/12, 00:00:00, 3431.6, 3431.6, 3431.6, 3431.6, 396160, 42587
2025/5/13, 00:00:00, 3452.9, 3452.9, 3452.9, 3452.9, 272393, 42731
2025/5/14, 00:00:00, 3390.6, 3390.6, 3390.6, 3390.6, 341096, 45356
2025/5/15, 00:00:00, 3427.5, 3427.5, 3427.5, 3427.5, 395732, 45430
2025/5/16, 00:00:00, 3386.3, 3386.3, 3386.3, 3386.3, 406477, 45238
2025/5/19, 00:00:00, 3435.0, 3435.0, 3435.0, 3435.0, 366185, 47825
2025/5/20, 00:00:00, 3485.2, 3485.2, 3485.2, 3485.2, 320417, 48985
2025/5/21, 00:00:00, 3517.0, 3517.0, 3517.0, 3517.0, 343422, 49316
2025/5/22, 00:00:00, 3499.0, 3499.0, 3499.0, 3499.0, 338372, 48826
2025/5/23, 00:00:00, 3572.4, 3572.4, 3572.4, 3572.4, 366717, 49220
2025/5/27, 00:00:00, 3508.5, 3508.5, 3508.5, 3508.5, 458213, 49049
2025/5/28, 00:00:00, 3508.5, 3508.5, 3501.1, 3501.1, 265802, 38189
2025/5/29, 00:00:00, 3519.2, 3519.2, 3519.2, 3519.2, 296462, 36691
2025/5/30, 00:00:00, 3490.0, 3490.0, 3490.0, 3490.0, 250999, 35446
2025/6/2, 00:00:00, 3574.4, 3574.4, 3574.4, 3574.4, 249947, 39889
2025/6/3, 00:00:00, 3556.9, 3556.9, 3556.9, 3556.9, 241317, 39082
2025/6/4, 00:00:00, 3556.9, 3578.3, 3556.9, 3578.3, 245309, 39801
2025/6/5, 00:00:00, 3552.4, 3552.4, 3552.4, 3552.4, 322931, 42904
2025/6/6, 00:00:00, 3524.1, 3524.1, 3524.1, 3524.1, 262247, 44528
2025/6/9, 00:00:00, 3532.3, 3532.3, 3532.3, 3532.3, 212816, 44414
2025/6/10, 00:00:00, 3520.8, 3520.8, 3520.8, 3520.8, 241885, 43741
2025/6/11, 00:00:00, 3520.1, 3520.1, 3520.1, 3520.1, 271339, 40899
2025/6/12, 00:00:00, 3577.5, 3577.5, 3577.5, 3577.5, 304564, 40358
2025/6/13, 00:00:00, 3630.0, 3630.0, 3630.0, 3630.0, 345688, 40769
2025/6/16, 00:00:00, 3594.2, 3594.2, 3594.2, 3594.2, 280768, 44643
2025/6/17, 00:00:00, 3585.1, 3585.1, 3585.1, 3585.1, 273901, 44993
2025/6/18, 00:00:00, 3585.0, 3585.0, 3585.0, 3585.0, 228559, 45579
2025/6/20, 00:00:00, 3562.7, 3562.7, 3562.7, 3562.7, 374009, 46995
2025/6/23, 00:00:00, 3571.3, 3571.3, 3571.3, 3571.3, 244532, 45514
2025/6/24, 00:00:00, 3502.0, 3509.9, 3502.0, 3509.9, 252659, 46420
2025/6/25, 00:00:00, 3519.5, 3519.5, 3519.5, 3519.5, 145812, 45876
2025/6/26, 00:00:00, 3524.0, 3524.0, 3524.0, 3524.0, 198589, 45631
2025/6/27, 00:00:00, 3461.5, 3461.5, 3461.5, 3461.5, 260986, 45882
2025/6/30, 00:00:00, 3481.5, 3481.5, 3481.5, 3481.5, 206318, 45014
2025/7/1, 00:00:00, 3524.5, 3524.5, 3524.5, 3524.5, 195156, 45300
2025/7/2, 00:00:00, 3535.8, 3535.8, 3535.8, 3535.8, 166883, 45696
2025/7/3, 00:00:00, 3520.0, 3520.0, 3520.0, 3520.0, 197315, 44875
2025/7/7, 00:00:00, 3519.8, 3519.8, 3519.8, 3519.8, 303940, 46000
2025/7/8, 00:00:00, 3495.8, 3495.8, 3495.8, 3495.8, 215496, 48319
2025/7/9, 00:00:00, 3498.1, 3498.1, 3498.1, 3498.1, 186351, 48143
2025/7/10, 00:00:00, 3503.6, 3503.6, 3503.6, 3503.6, 166265, 50234
2025/7/11, 00:00:00, 3540.2, 3540.2, 3540.2, 3540.2, 213598, 49454
2025/7/14, 00:00:00, 3537.6, 3537.6, 3537.6, 3537.6, 197665, 51016
2025/7/15, 00:00:00, 3515.0, 3515.0, 3515.0, 3515.0, 197846, 52631
2025/7/16, 00:00:00, 3536.1, 3536.1, 3536.1, 3536.1, 263070, 50426
2025/7/17, 00:00:00, 3522.7, 3522.7, 3522.7, 3522.7, 177120, 51181
2025/7/18, 00:00:00, 3535.7, 3535.7, 3535.7, 3535.7, 141567, 50937
2025/7/21, 00:00:00, 3586.6, 3586.6, 3586.6, 3586.6, 177993, 51738
2025/7/22, 00:00:00, 3627.0, 3627.0, 3627.0, 3627.0, 203771, 52999
2025/7/23, 00:00:00, 3577.4, 3577.4, 3577.4, 3577.4, 246550, 53176
2025/7/24, 00:00:00, 3554.3, 3554.3, 3554.3, 3554.3, 208709, 54468
2025/7/25, 00:00:00, 3512.7, 3512.7, 3512.7, 3512.7, 204799, 55802
2025/7/28, 00:00:00, 3487.7, 3487.7, 3487.7, 3487.7, 207677, 55337
2025/7/29, 00:00:00, 3497.4, 3502.5, 3497.4, 3502.5, 200397, 53658
2025/7/30, 00:00:00, 3488.7, 3488.7, 3470.1, 3473.4, 232802, 45323
2025/7/31, 00:00:00, 3478.3, 3478.3, 3470.5, 3470.5, 169729, 43317
2025/8/1, 00:00:00, 3518.0, 3518.0, 3518.0, 3518.0, 218475, 43935
2025/8/4, 00:00:00, 3536.0, 3544.2, 3536.0, 3544.2, 168413, 44642
2025/8/5, 00:00:00, 3553.3, 3553.3, 3553.3, 3553.3, 175692, 45256
2025/8/6, 00:00:00, 3551.2, 3551.2, 3551.2, 3551.2, 163932, 45392
2025/8/7, 00:00:00, 3566.6, 3566.6, 3566.6, 3566.6, 240076, 48043
2025/8/8, 00:00:00, 3601.0, 3601.0, 3601.0, 3601.0, 337522, 47800
2025/8/11, 00:00:00, 3528.1, 3528.1, 3528.1, 3528.1, 263897, 44361
2025/8/12, 00:00:00, 3528.1, 3528.1, 3520.8, 3520.8, 236605, 44830
2025/8/13, 00:00:00, 3530.1, 3530.1, 3530.1, 3530.1, 179623, 46985
2025/8/14, 00:00:00, 3501.6, 3504.0, 3501.6, 3504.0, 227562, 48934
2025/8/15, 00:00:00, 3501.9, 3501.9, 3501.9, 3501.9, 139988, 47860
2025/8/18, 00:00:00, 3501.6, 3501.6, 3495.0, 3496.5, 161175, 51416
2025/8/19, 00:00:00, 3488.9, 3489.0, 3476.7, 3476.7, 161301, 51255
2025/8/20, 00:00:00, 3479.6, 3507.8, 3479.6, 3507.8, 151712, 47677
2025/8/21, 00:00:00, 3507.8, 3507.8, 3501.2, 3501.2, 148306, 49098
2025/8/22, 00:00:00, 3492.6, 3537.9, 3490.7, 3537.9, 196851, 47613
2025/8/25, 00:00:00, 3527.8, 3537.2, 3527.8, 3537.2, 109048, 47926
2025/8/26, 00:00:00, 3537.2, 3554.4, 3537.2, 3554.4, 198644, 49276
2025/8/27, 00:00:00, 3554.4, 3572.9, 3554.4, 3572.9, 157452, 45829
2025/8/28, 00:00:00, 3597.1, 3597.1, 3597.1, 3597.1, 164287, 49314
2025/8/29, 00:00:00, 3627.9, 3640.4, 3627.9, 3640.4, 193497, 54317
2025/9/2, 00:00:00, 3669.8, 3717.4, 3669.8, 3717.4, 461515, 61871
2025/9/3, 00:00:00, 3729.0, 3761.8, 3729.0, 3761.8, 291187, 61812
2025/9/4, 00:00:00, 3737.8, 3737.8, 3732.9, 3732.9, 294415, 58764
2025/9/5, 00:00:00, 3779.0, 3779.0, 3779.0, 3779.0, 289748, 59632
2025/9/8, 00:00:00, 3763.3, 3807.0, 3754.0, 3801.1, 280693, 59904
2025/9/9, 00:00:00, 3807.9, 3836.6, 3793.0, 3805.9, 375768, 57444
2025/9/10, 00:00:00, 3793.6, 3806.0, 3793.6, 3806.0, 267368, 56660
2025/9/11, 00:00:00, 3797.1, 3797.1, 3797.1, 3797.1, 277148, 55486
2025/9/12, 00:00:00, 3810.2, 3811.2, 3810.0, 3810.8, 198416, 54830
2025/9/15, 00:00:00, 3824.3, 3845.9, 3819.9, 3843.8, 258727, 57772
2025/9/16, 00:00:00, 3853.1, 3860.7, 3850.5, 3850.5, 250182, 55899
2025/9/17, 00:00:00, 3852.0, 3852.0, 3817.9, 3843.6, 354267, 54966
2025/9/18, 00:00:00, 3822.7, 3822.7, 3800.9, 3802.7, 298440, 54760
2025/9/19, 00:00:00, 3831.0, 3831.0, 3831.0, 3831.0, 251839, 57069
2025/9/22, 00:00:00, 3878.6, 3907.0, 3878.1, 3901.8, 277180, 61138
2025/9/23, 00:00:00, 3914.8, 3950.0, 3914.8, 3944.0, 368369, 59196
2025/9/24, 00:00:00, 3931.0, 3936.3, 3895.0, 3897.4, 291482, 57058
2025/9/25, 00:00:00, 3891.6, 3904.0, 3891.6, 3904.0, 339462, 57034
2025/9/26, 00:00:00, 3913.0, 3942.1, 3913.0, 3942.1, 281698, 55750
2025/9/29, 00:00:00, 3960.6, 3992.3, 3960.6, 3992.3, 378442, 54790
2025/9/30, 00:00:00, 3983.5, 4017.0, 3958.0, 4009.7, 483107, 55129
2025/10/1, 00:00:00, 4028.0, 4062.0, 4028.0, 4036.3, 408780, 57256
2025/10/2, 00:00:00, 4018.0, 4034.5, 3992.9, 4005.5, 454135, 58408
2025/10/3, 00:00:00, 4023.2, 4047.0, 4022.9, 4046.7, 361058, 55643
2025/10/6, 00:00:00, 4069.2, 4119.2, 4069.2, 4119.2, 472668, 58711
2025/10/7, 00:00:00, 4146.1, 4151.3, 4139.1, 4151.3, 490865, 55692
2025/10/8, 00:00:00, 4182.0, 4227.9, 4182.0, 4221.3, 571170, 60752
2025/10/9, 00:00:00, 4227.0, 4227.0, 4119.7, 4119.7, 741822, 60645
2025/10/10, 00:00:00, 4144.4, 4155.0, 4140.0, 4146.3, 647963, 59967
2025/10/13, 00:00:00, 4190.0, 4282.1, 4190.0, 4282.1, 467560, 62472
2025/10/14, 00:00:00, 4304.5, 4312.7, 4270.0, 4312.7, 716842, 62468
2025/10/15, 00:00:00, 4325.3, 4384.0, 4325.3, 4352.4, 606936, 61831
2025/10/16, 00:00:00, 4383.7, 4457.4, 4381.0, 4457.4, 746939, 62719
2025/10/17, 00:00:00, 4510.0, 4511.0, 4361.7, 4361.7, 1267436, 61266
2025/10/20, 00:00:00, 4413.5, 4516.0, 4391.0, 4513.6, 746343, 62433
2025/10/21, 00:00:00, 4541.1, 4541.1, 4244.5, 4255.0, 1184203, 65693
2025/10/22, 00:00:00, 4287.0, 4316.0, 4184.0, 4212.8, 1180315, 64530
2025/10/23, 00:00:00, 4286.5, 4295.4, 4272.5, 4295.4, 683316, 66494
2025/10/24, 00:00:00, 4276.1, 4298.2, 4265.9, 4287.7, 755616, 67297
2025/10/27, 00:00:00, 4233.2, 4242.1, 4146.3, 4165.2, 813085, 72347
2025/10/28, 00:00:00, 4143.1, 4147.7, 4065.0, 4127.1, 791351, 74509
2025/10/29, 00:00:00, 4127.1, 4179.1, 4127.1, 4148.3, 749865, 73640
2025/10/30, 00:00:00, 4080.1, 4188.5, 4080.1, 4167.1, 704957, 73834
2025/10/31, 00:00:00, 4174.9, 4187.9, 4145.8, 4145.8, 620633, 73447
2025/11/3, 00:00:00, 4160.1, 4184.1, 4157.7, 4166.2, 524816, 75194
2025/11/4, 00:00:00, 4149.1, 4151.1, 4100.0, 4110.5, 530324, 76611
2025/11/5, 00:00:00, 4105.5, 4149.8, 4093.1, 4144.8, 395431, 77668
2025/11/6, 00:00:00, 4132.1, 4176.3, 4130.5, 4141.6, 409016, 77262
2025/11/7, 00:00:00, 4142.1, 4172.6, 4140.5, 4158.6, 377915, 77307
2025/11/10, 00:00:00, 4163.1, 4273.5, 4163.1, 4273.5, 475186, 80918
2025/11/11, 00:00:00, 4278.1, 4305.0, 4263.1, 4267.6, 427764, 81252
2025/11/12, 00:00:00, 4295.2, 4366.4, 4277.0, 4365.8, 540226, 83998
2025/11/13, 00:00:00, 4356.4, 4400.0, 4313.6, 4349.4, 606767, 84204
2025/11/14, 00:00:00, 4349.4, 4349.4, 4193.1, 4245.3, 686786, 82921
2025/11/17, 00:00:00, 4242.7, 4242.7, 4212.8, 4226.5, 505924, 84884
2025/11/18, 00:00:00, 4163.0, 4229.7, 4153.1, 4216.7, 480543, 84281
2025/11/19, 00:00:00, 4215.4, 4275.5, 4210.0, 4234.2, 471660, 83396
2025/11/20, 00:00:00, 4236.0, 4255.0, 4190.0, 4209.5, 554689, 84352
2025/11/21, 00:00:00, 4220.0, 4244.2, 4183.1, 4225.9, 481600, 82848
2025/11/24, 00:00:00, 4206.8, 4278.0, 4184.1, 4240.9, 394699, 84047
2025/11/25, 00:00:00, 4279.8, 4297.4, 4267.8, 4289.5, 505269, 44734
2025/11/26, 00:00:00, 4290.3, 4321.4, 4288.8, 4316.4, 371460, 43532
2025/11/28, 00:00:00, 4302.1, 4375.6, 4291.8, 4370.3, 300593, 48100
2025/12/1, 00:00:00, 4379.8, 4413.5, 4370.9, 4393.2, 453940, 49452
2025/12/2, 00:00:00, 4385.7, 4385.7, 4325.7, 4339.4, 422315, 51164
2025/12/3, 00:00:00, 4368.6, 4388.8, 4351.0, 4351.0, 358326, 50601
2025/12/4, 00:00:00, 4362.8, 4363.1, 4323.5, 4359.6, 323773, 51951
2025/12/5, 00:00:00, 4347.6, 4403.5, 4341.1, 4360.5, 354646, 52088
2025/12/8, 00:00:00, 4349.3, 4362.0, 4328.1, 4335.6, 301838, 54632
2025/12/9, 00:00:00, 4316.4, 4366.5, 4316.4, 4355.7, 309845, 54042
2025/12/10, 00:00:00, 4357.8, 4383.5, 4332.5, 4343.5, 315638, 53045
2025/12/11, 00:00:00, 4382.2, 4433.8, 4359.0, 4432.8, 395336, 55902
2025/12/12, 00:00:00, 4428.0, 4505.0, 4408.0, 4449.0, 506917, 54979
2025/12/15, 00:00:00, 4454.9, 4505.0, 4438.8, 4456.8, 339930, 56848
2025/12/16, 00:00:00, 4461.2, 4485.1, 4423.0, 4453.4, 336162, 57894
2025/12/17, 00:00:00, 4463.6, 4498.8, 4461.8, 4495.0, 363639, 60094
2025/12/18, 00:00:00, 4487.7, 4529.1, 4460.0, 4485.2, 358029, 59227
2025/12/19, 00:00:00, 4485.5, 4509.1, 4474.2, 4509.1, 278749, 60644
2025/12/22, 00:00:00, 4500.2, 4602.0, 4500.2, 4593.6, 358740, 66269
2025/12/23, 00:00:00, 4610.6, 4652.5, 4587.4, 4631.0, 452547, 65212
2025/12/24, 00:00:00, 4649.3, 4680.5, 4602.0, 4628.2, 350279, 70683
2025/12/26, 00:00:00, 4661.2, 4708.9, 4651.0, 4680.2, 432994, 70153
2025/12/29, 00:00:00, 4688.2, 4714.0, 4450.0, 4467.2, 680267, 70725
2025/12/30, 00:00:00, 4472.0, 4543.8, 4472.0, 4512.5, 406817, 70021
2025/12/31, 00:00:00, 4481.0, 4507.9, 4430.0, 4468.5, 460312, 67633
2026/1/2, 00:00:00, 4466.9, 4540.6, 4449.1, 4455.5, 364617, 69527
2026/1/5, 00:00:00, 4490.4, 4592.1, 4490.2, 4578.3, 449775, 68340
2026/1/6, 00:00:00, 4588.8, 4636.0, 4574.5, 4625.1, 421661, 68733
2026/1/7, 00:00:00, 4636.9, 4639.5, 4561.9, 4590.3, 503897, 70727
2026/1/8, 00:00:00, 4599.6, 4615.3, 4548.4, 4589.6, 452157, 70436
2026/1/9, 00:00:00, 4620.0, 4655.0, 4592.4, 4630.8, 425762, 69180
2026/1/12, 00:00:00, 4659.2, 4770.3, 4659.2, 4746.8, 611289, 72858
2026/1/13, 00:00:00, 4745.7, 4772.6, 4708.0, 4730.2, 471549, 72555
2026/1/14, 00:00:00, 4733.2, 4782.4, 4732.7, 4768.1, 527610, 70647
2026/1/15, 00:00:00, 4748.0, 4760.6, 4716.3, 4756.3, 461643, 72268
2026/1/16, 00:00:00, 4751.8, 4756.7, 4672.6, 4727.9, 495292, 73684
2026/1/20, 00:00:00, 4753.0, 4904.3, 4753.0, 4901.2, 735310, 78970
2026/1/21, 00:00:00, 4911.9, 5026.5, 4900.0, 4975.5, 861130, 77997
2026/1/22, 00:00:00, 4945.3, 5072.2, 4909.0, 5054.1, 557540, 81447
2026/1/23, 00:00:00, 5091.2, 5134.3, 5052.1, 5126.2, 656919, 82079
2026/1/26, 00:00:00, 5148.1, 5255.2, 5148.1, 5237.0, 946168, 78583
2026/1/27, 00:00:00, 5181.4, 5341.1, 5174.1, 5232.2, 746942, 78421
2026/1/28, 00:00:00, 5317.1, 5550.0, 5312.9, 5457.4, 1003151, 77060
2026/1/29, 00:00:00, 5592.2, 5742.4, 5258.0, 5472.3, 1577286, 57875
2026/1/30, 00:00:00, 5547.6, 5592.0, 4811.8, 4848.2, 1586851, 57124
2026/2/2, 00:00:00, 4924.7, 4965.9, 4540.1, 4750.2, 1413717, 58976
2026/2/3, 00:00:00, 4803.9, 5116.8, 4803.9, 5040.0, 947387, 53594
2026/2/4, 00:00:00, 5100.0, 5218.2, 4989.1, 5056.4, 829198, 55395
2026/2/5, 00:00:00, 5134.8, 5134.8, 4895.0, 4991.1, 905204, 58537
2026/2/6, 00:00:00, 4889.2, 5095.1, 4769.3, 5086.9, 650328, 60170
2026/2/9, 00:00:00, 5093.1, 5215.4, 5093.1, 5189.2, 498840, 61615
2026/2/10, 00:00:00, 5190.8, 5205.5, 5139.6, 5139.6, 487238, 60592
2026/2/11, 00:00:00, 5171.5, 5247.4, 5152.0, 5208.8, 533028, 61591
2026/2/12, 00:00:00, 5229.4, 5229.4, 5012.7, 5056.1, 585045, 58735
2026/2/13, 00:00:00, 5024.7, 5172.5, 5024.7, 5152.8, 424873, 61410
2026/2/17, 00:00:00, 5162.7, 5162.7, 4971.1, 5009.1, 614772, 60814
2026/2/18, 00:00:00, 4975.0, 5131.0, 4974.7, 5115.4, 305691, 62668
2026/2/19, 00:00:00, 5106.4, 5148.8, 5086.8, 5103.9, 303835, 61716
2026/2/20, 00:00:00, 5126.4, 5231.3, 5123.6, 5190.5, 385589, 62534
2026/2/23, 00:00:00, 5243.4, 5371.8, 5243.4, 5338.1, 400613, 62342
2026/2/24, 00:00:00, 5372.2, 5382.6, 5234.0, 5288.6, 442511, 59925
2026/2/25, 00:00:00, 5262.3, 5350.1, 5262.3, 5339.8, 385695, 58873
2026/2/26, 00:00:00, 5292.9, 5332.0, 5268.4, 5306.9, 384314, 59851
2026/2/27, 00:00:00, 5314.8, 5406.9, 5297.3, 5361.6, 388691, 62764
2026/3/2, 00:00:00, 5510.0, 5551.0, 5403.0, 5427.0, 610420, 62023
2026/3/3, 00:00:00, 5473.4, 5505.3, 5120.0, 5235.1, 753435, 60931
2026/3/4, 00:00:00, 5242.3, 5325.8, 5235.7, 5246.6, 470313, 57595
2026/3/5, 00:00:00, 5271.2, 5315.1, 5175.0, 5190.3, 456374, 59672
2026/3/6, 00:00:00, 5219.7, 5293.8, 5184.8, 5271.8, 409620, 59346
2026/3/9, 00:00:00, 5317.1, 5317.1, 5140.0, 5216.6, 459606, 57097
2026/3/10, 00:00:00, 5265.6, 5358.0, 5263.0, 5356.8, 366339, 58116
2026/3/11, 00:00:00, 5315.9, 5344.4, 5288.0, 5294.1, 294001, 59221
2026/3/12, 00:00:00, 5295.7, 5310.5, 5174.4, 5239.4, 355544, 61825
2026/3/13, 00:00:00, 5207.0, 5238.8, 5130.0, 5173.7, 348971, 62822
2026/3/16, 00:00:00, 5132.7, 5154.9, 5088.0, 5113.7, 446703, 63231
2026/3/17, 00:00:00, 5117.1, 5156.4, 5097.6, 5120.0, 315448, 64123
2026/3/18, 00:00:00, 5115.9, 5126.5, 4920.0, 5005.9, 506264, 70495
2026/3/19, 00:00:00, 4943.1, 4971.9, 4922.5, 4958.8, 63301, 0
