Date, Time, Open, High, Low, Last, Volume, NumberOfTrades, BidVolume, AskVolume
2026/2/17, 23:00:00, 4975.0, 4991.2, 4975.0, 4991.2, 4, 4, 4, 0
2026/2/17, 23:05:00, 4991.0, 4991.0, 4991.0, 4991.0, 1, 1, 1, 0
2026/2/17, 23:15:00, 5001.4, 5001.4, 5001.4, 5001.4, 1, 1, 0, 1
2026/2/17, 23:30:00, 4990.6, 4990.6, 4990.6, 4990.6, 1, 1, 1, 0
2026/2/17, 23:40:00, 4995.1, 4995.1, 4995.1, 4995.1, 1, 1, 0, 1
2026/2/17, 23:45:00, 4987.6, 4987.6, 4987.6, 4987.6, 1, 1, 0, 1
2026/2/17, 23:50:00, 4980.0, 4980.0, 4979.9, 4979.9, 2, 2, 1, 1
2026/2/17, 23:55:00, 4974.7, 4974.7, 4974.7, 4974.7, 1, 1, 1, 0
2026/2/18, 00:00:00, 4988.3, 4988.3, 4988.3, 4988.3, 1, 1, 0, 1
2026/2/18, 00:15:00, 4988.5, 4988.5, 4988.5, 4988.5, 1, 1, 0, 1
2026/2/18, 01:00:00, 5004.9, 5004.9, 5004.9, 5004.9, 1, 1, 1, 0
2026/2/18, 01:10:00, 5008.7, 5008.7, 5008.7, 5008.7, 1, 1, 0, 1
2026/2/18, 01:35:00, 5010.5, 5010.5, 5010.5, 5010.5, 2, 1, 2, 0
2026/2/18, 02:00:00, 5011.6, 5013.7, 5011.2, 5011.2, 7, 7, 3, 4
2026/2/18, 02:05:00, 5018.7, 5018.7, 5018.7, 5018.7, 1, 1, 1, 0
2026/2/18, 02:30:00, 5025.8, 5025.8, 5025.8, 5025.8, 1, 1, 0, 1
2026/2/18, 02:35:00, 5026.8, 5026.8, 5025.5, 5025.5, 4, 4, 4, 0
2026/2/18, 02:45:00, 5027.5, 5027.5, 5027.5, 5027.5, 1, 1, 1, 0
2026/2/18, 03:00:00, 5030.4, 5030.7, 5029.6, 5029.6, 3, 3, 1, 2
2026/2/18, 04:05:00, 5050.0, 5050.0, 5050.0, 5050.0, 1, 1, 0, 1
2026/2/18, 04:10:00, 5052.3, 5052.3, 5052.3, 5052.3, 1, 1, 0, 1
2026/2/18, 05:00:00, 5059.1, 5059.1, 5059.1, 5059.1, 1, 1, 0, 1
2026/2/18, 06:20:00, 5055.0, 5055.0, 5055.0, 5055.0, 1, 1, 0, 1
2026/2/18, 07:10:00, 5058.4, 5058.4, 5058.4, 5058.4, 1, 1, 1, 0
2026/2/18, 08:05:00, 5050.0, 5050.0, 5050.0, 5050.0, 1, 1, 1, 0
2026/2/18, 12:25:00, 5047.1, 5047.5, 5047.1, 5047.5, 9, 6, 4, 5
2026/2/18, 12:30:00, 5046.1, 5046.1, 5046.1, 5046.1, 1, 1, 1, 0
2026/2/18, 12:55:00, 5060.5, 5060.5, 5060.5, 5060.5, 1, 1, 1, 0
2026/2/18, 13:05:00, 5081.5, 5081.7, 5081.5, 5081.7, 10, 3, 0, 10
2026/2/18, 13:10:00, 5081.0, 5082.2, 5081.0, 5082.2, 6, 4, 1, 5
2026/2/18, 14:30:00, 5091.2, 5091.2, 5091.2, 5091.2, 5, 1, 5, 0
2026/2/18, 14:45:00, 5108.5, 5108.5, 5107.4, 5107.4, 2, 2, 0, 2
2026/2/18, 14:55:00, 5118.9, 5118.9, 5118.9, 5118.9, 1, 1, 1, 0
2026/2/18, 15:15:00, 5131.0, 5131.0, 5130.0, 5130.0, 2, 2, 1, 1
2026/2/18, 17:00:00, 5123.2, 5123.2, 5123.2, 5123.2, 1, 1, 0, 1
2026/2/18, 19:40:00, 5107.3, 5107.3, 5107.3, 5107.3, 1, 1, 1, 0
2026/2/18, 19:45:00, 5110.0, 5110.0, 5110.0, 5110.0, 1, 1, 0, 1
2026/2/18, 20:10:00, 5103.1, 5103.1, 5103.1, 5103.1, 1, 1, 0, 1
2026/2/18, 21:05:00, 5107.3, 5107.3, 5107.3, 5107.3, 1, 1, 1, 0
2026/2/18, 21:10:00, 5107.5, 5107.5, 5106.2, 5106.2, 2, 2, 2, 0
2026/2/18, 21:20:00, 5108.6, 5108.6, 5108.6, 5108.6, 2, 2, 2, 0
2026/2/18, 23:25:00, 5106.4, 5106.4, 5106.4, 5106.4, 1, 1, 1, 0
2026/2/19, 00:00:00, 5087.3, 5087.4, 5086.8, 5086.8, 3, 3, 1, 2
2026/2/19, 00:05:00, 5086.8, 5086.8, 5086.8, 5086.8, 4, 4, 0, 4
2026/2/19, 00:15:00, 5095.0, 5095.0, 5095.0, 5095.0, 5, 4, 0, 5
2026/2/19, 00:20:00, 5092.6, 5092.6, 5092.6, 5092.6, 1, 1, 0, 1
2026/2/19, 02:15:00, 5091.8, 5091.8, 5090.9, 5091.2, 3, 3, 2, 1
2026/2/19, 03:20:00, 5091.2, 5091.2, 5091.2, 5091.2, 1, 1, 1, 0
2026/2/19, 03:55:00, 5106.1, 5106.1, 5106.1, 5106.1, 1, 1, 0, 1
2026/2/19, 04:05:00, 5107.6, 5107.6, 5107.5, 5107.5, 6, 4, 3, 3
2026/2/19, 04:25:00, 5107.0, 5107.0, 5107.0, 5107.0, 1, 1, 1, 0
2026/2/19, 05:00:00, 5110.1, 5110.1, 5110.1, 5110.1, 1, 1, 1, 0
2026/2/19, 05:50:00, 5121.8, 5121.8, 5121.8, 5121.8, 1, 1, 0, 1
2026/2/19, 06:15:00, 5125.0, 5125.0, 5125.0, 5125.0, 1, 1, 0, 1
2026/2/19, 06:20:00, 5123.6, 5123.6, 5123.6, 5123.6, 1, 1, 1, 0
2026/2/19, 06:25:00, 5127.0, 5127.0, 5126.3, 5126.3, 2, 2, 0, 2
2026/2/19, 06:30:00, 5128.0, 5128.0, 5128.0, 5128.0, 1, 1, 0, 1
2026/2/19, 06:35:00, 5131.8, 5131.8, 5131.8, 5131.8, 1, 1, 1, 0
2026/2/19, 06:40:00, 5133.8, 5133.8, 5133.8, 5133.8, 1, 1, 0, 1
2026/2/19, 08:00:00, 5133.0, 5133.0, 5133.0, 5133.0, 1, 1, 1, 0
2026/2/19, 08:50:00, 5141.5, 5141.5, 5141.5, 5141.5, 1, 1, 0, 1
2026/2/19, 09:15:00, 5144.2, 5144.2, 5144.2, 5144.2, 1, 1, 1, 0
2026/2/19, 09:25:00, 5128.9, 5128.9, 5126.0, 5126.0, 2, 2, 1, 1
2026/2/19, 09:30:00, 5126.2, 5129.7, 5126.2, 5129.7, 3, 3, 2, 1
2026/2/19, 09:35:00, 5126.6, 5126.6, 5122.0, 5122.0, 3, 3, 1, 2
2026/2/19, 09:40:00, 5125.2, 5125.2, 5125.2, 5125.2, 1, 1, 0, 1
2026/2/19, 09:55:00, 5125.0, 5125.0, 5121.5, 5121.5, 6, 6, 3, 3
2026/2/19, 10:00:00, 5120.7, 5120.7, 5120.0, 5120.0, 3, 3, 2, 1
2026/2/19, 10:10:00, 5111.0, 5112.1, 5111.0, 5112.1, 2, 2, 2, 0
2026/2/19, 10:25:00, 5111.8, 5111.8, 5111.8, 5111.8, 1, 1, 0, 1
2026/2/19, 11:15:00, 5111.0, 5111.0, 5111.0, 5111.0, 1, 1, 1, 0
2026/2/19, 12:10:00, 5108.7, 5108.7, 5106.5, 5106.5, 8, 6, 4, 4
2026/2/19, 12:20:00, 5110.5, 5110.5, 5110.5, 5110.5, 1, 1, 0, 1
2026/2/19, 13:00:00, 5100.0, 5100.0, 5100.0, 5100.0, 2, 2, 2, 0
2026/2/19, 13:05:00, 5109.2, 5111.5, 5109.2, 5111.5, 2, 2, 0, 2
2026/2/19, 13:15:00, 5111.5, 5111.5, 5111.5, 5111.5, 1, 1, 0, 1
2026/2/19, 13:35:00, 5115.0, 5115.0, 5115.0, 5115.0, 2, 1, 0, 2
2026/2/19, 13:50:00, 5122.1, 5122.1, 5122.1, 5122.1, 2, 1, 2, 0
2026/2/19, 14:00:00, 5113.0, 5113.0, 5113.0, 5113.0, 2, 1, 0, 2
2026/2/19, 14:05:00, 5110.0, 5110.0, 5110.0, 5110.0, 1, 1, 1, 0
2026/2/19, 14:40:00, 5108.0, 5116.9, 5108.0, 5116.9, 3, 2, 0, 3
2026/2/19, 14:45:00, 5120.9, 5120.9, 5120.8, 5120.8, 2, 2, 2, 0
2026/2/19, 14:50:00, 5122.3, 5122.3, 5122.3, 5122.3, 1, 1, 0, 1
2026/2/19, 14:55:00, 5131.8, 5133.0, 5131.8, 5133.0, 3, 3, 2, 1
2026/2/19, 15:10:00, 5125.0, 5125.0, 5125.0, 5125.0, 1, 1, 1, 0
2026/2/19, 15:25:00, 5132.3, 5142.3, 5132.3, 5142.3, 8, 5, 2, 6
2026/2/19, 15:30:00, 5144.0, 5146.1, 5144.0, 5146.1, 4, 4, 1, 3
2026/2/19, 15:35:00, 5148.8, 5148.8, 5145.5, 5145.5, 2, 2, 1, 1
2026/2/19, 15:40:00, 5140.8, 5142.3, 5140.8, 5142.3, 2, 2, 1, 1
2026/2/19, 15:50:00, 5138.0, 5138.0, 5138.0, 5138.0, 1, 1, 1, 0
2026/2/19, 15:55:00, 5140.0, 5140.0, 5140.0, 5140.0, 1, 1, 0, 1
2026/2/19, 16:05:00, 5135.0, 5135.0, 5135.0, 5135.0, 2, 2, 1, 1
2026/2/19, 16:15:00, 5130.0, 5130.0, 5130.0, 5130.0, 1, 1, 1, 0
2026/2/19, 16:20:00, 5126.0, 5126.0, 5126.0, 5126.0, 1, 1, 1, 0
2026/2/19, 16:35:00, 5132.0, 5132.0, 5132.0, 5132.0, 1, 1, 0, 1
2026/2/19, 16:45:00, 5126.5, 5126.5, 5126.0, 5126.0, 2, 2, 2, 0
2026/2/19, 16:50:00, 5127.0, 5127.0, 5127.0, 5127.0, 1, 1, 0, 1
2026/2/19, 16:55:00, 5121.4, 5121.4, 5120.0, 5120.0, 12, 6, 12, 0
2026/2/19, 17:15:00, 5124.0, 5124.0, 5124.0, 5124.0, 1, 1, 0, 1
2026/2/19, 17:25:00, 5123.0, 5123.0, 5123.0, 5123.0, 1, 1, 1, 0
2026/2/19, 17:35:00, 5116.9, 5116.9, 5116.7, 5116.7, 5, 2, 5, 0
2026/2/19, 17:40:00, 5120.4, 5120.5, 5120.4, 5120.5, 2, 2, 0, 2
2026/2/19, 18:00:00, 5107.7, 5107.7, 5107.7, 5107.7, 5, 4, 0, 5
2026/2/19, 19:20:00, 5115.0, 5115.0, 5115.0, 5115.0, 1, 1, 1, 0
2026/2/19, 20:20:00, 5120.6, 5120.6, 5120.6, 5120.6, 1, 1, 0, 1
2026/2/19, 20:30:00, 5123.2, 5123.2, 5121.4, 5121.4, 2, 2, 1, 1
2026/2/19, 20:35:00, 5122.7, 5122.7, 5122.2, 5122.2, 2, 2, 0, 2
2026/2/19, 20:55:00, 5126.7, 5126.7, 5126.7, 5126.7, 1, 1, 1, 0
2026/2/19, 21:00:00, 5127.6, 5129.0, 5124.4, 5124.4, 4, 4, 2, 2
2026/2/20, 00:55:00, 5126.4, 5130.3, 5126.4, 5130.1, 6, 5, 3, 3
2026/2/20, 02:05:00, 5131.2, 5131.2, 5131.2, 5131.2, 1, 1, 0, 1
2026/2/20, 03:35:00, 5124.4, 5124.4, 5124.4, 5124.4, 1, 1, 0, 1
2026/2/20, 04:40:00, 5123.6, 5125.8, 5123.6, 5125.8, 2, 2, 0, 2
2026/2/20, 05:00:00, 5127.5, 5127.5, 5127.5, 5127.5, 1, 1, 0, 1
2026/2/20, 05:05:00, 5130.4, 5130.5, 5130.1, 5130.1, 10, 5, 4, 6
2026/2/20, 05:55:00, 5132.7, 5135.2, 5132.7, 5135.2, 2, 2, 0, 2
2026/2/20, 06:00:00, 5139.8, 5141.8, 5139.8, 5141.8, 2, 2, 2, 0
2026/2/20, 06:10:00, 5139.4, 5145.0, 5139.4, 5145.0, 3, 3, 1, 2
2026/2/20, 06:20:00, 5146.2, 5148.0, 5146.2, 5148.0, 2, 2, 0, 2
2026/2/20, 06:25:00, 5150.6, 5150.6, 5150.6, 5150.6, 1, 1, 0, 1
2026/2/20, 06:30:00, 5150.8, 5150.8, 5150.8, 5150.8, 1, 1, 0, 1
2026/2/20, 06:35:00, 5152.0, 5152.0, 5152.0, 5152.0, 1, 1, 0, 1
2026/2/20, 06:40:00, 5152.5, 5152.5, 5152.5, 5152.5, 1, 1, 1, 0
2026/2/20, 06:45:00, 5154.1, 5154.2, 5154.1, 5154.2, 5, 4, 2, 3
2026/2/20, 06:50:00, 5155.3, 5155.3, 5155.3, 5155.3, 1, 1, 0, 1
2026/2/20, 06:55:00, 5148.4, 5148.4, 5148.4, 5148.4, 1, 1, 1, 0
2026/2/20, 07:00:00, 5145.0, 5145.0, 5145.0, 5145.0, 1, 1, 1, 0
2026/2/20, 07:10:00, 5153.4, 5153.4, 5153.4, 5153.4, 1, 1, 1, 0
2026/2/20, 07:35:00, 5141.0, 5141.0, 5141.0, 5141.0, 1, 1, 1, 0
2026/2/20, 08:10:00, 5138.0, 5138.0, 5138.0, 5138.0, 1, 1, 0, 1
2026/2/20, 08:35:00, 5151.0, 5151.0, 5151.0, 5151.0, 1, 1, 0, 1
2026/2/20, 08:50:00, 5153.4, 5157.1, 5153.4, 5157.1, 2, 2, 0, 2
2026/2/20, 09:00:00, 5158.0, 5160.0, 5158.0, 5160.0, 2, 2, 0, 2
2026/2/20, 09:15:00, 5167.9, 5167.9, 5164.4, 5164.4, 5, 4, 5, 0
2026/2/20, 09:25:00, 5164.0, 5164.0, 5161.9, 5161.9, 2, 2, 2, 0
2026/2/20, 09:40:00, 5159.7, 5159.7, 5159.7, 5159.7, 1, 1, 0, 1
2026/2/20, 10:05:00, 5150.0, 5150.0, 5150.0, 5150.0, 1, 1, 1, 0
2026/2/20, 10:35:00, 5163.8, 5163.8, 5162.7, 5162.7, 6, 4, 3, 3
2026/2/20, 10:40:00, 5159.9, 5159.9, 5159.9, 5159.9, 1, 1, 1, 0
2026/2/20, 11:00:00, 5162.0, 5162.0, 5162.0, 5162.0, 1, 1, 0, 1
2026/2/20, 11:05:00, 5160.0, 5160.0, 5160.0, 5160.0, 1, 1, 0, 1
2026/2/20, 11:40:00, 5150.0, 5150.0, 5150.0, 5150.0, 1, 1, 1, 0
2026/2/20, 11:50:00, 5146.5, 5146.5, 5146.5, 5146.5, 1, 1, 0, 1
2026/2/20, 12:00:00, 5141.0, 5141.0, 5141.0, 5141.0, 1, 1, 1, 0
2026/2/20, 12:05:00, 5145.9, 5145.9, 5145.9, 5145.9, 1, 1, 0, 1
2026/2/20, 12:30:00, 5135.0, 5135.0, 5134.5, 5134.5, 6, 4, 6, 0
2026/2/20, 12:35:00, 5149.5, 5149.5, 5149.5, 5149.5, 1, 1, 0, 1
2026/2/20, 12:40:00, 5148.4, 5150.0, 5148.4, 5150.0, 2, 2, 0, 2
2026/2/20, 12:45:00, 5149.3, 5149.4, 5149.3, 5149.4, 5, 3, 3, 2
2026/2/20, 13:10:00, 5153.2, 5153.2, 5153.1, 5153.1, 2, 2, 2, 0
2026/2/20, 13:15:00, 5156.3, 5156.3, 5156.3, 5156.3, 1, 1, 0, 1
2026/2/20, 13:25:00, 5157.0, 5157.0, 5157.0, 5157.0, 1, 1, 1, 0
2026/2/20, 13:30:00, 5157.5, 5157.6, 5157.5, 5157.6, 2, 2, 0, 2
2026/2/20, 13:35:00, 5153.0, 5153.0, 5153.0, 5153.0, 1, 1, 0, 1
2026/2/20, 13:40:00, 5158.0, 5158.0, 5157.8, 5157.8, 2, 2, 2, 0
2026/2/20, 13:45:00, 5160.0, 5166.0, 5160.0, 5166.0, 4, 4, 2, 2
2026/2/20, 13:50:00, 5172.0, 5173.5, 5170.5, 5173.5, 9, 6, 3, 6
2026/2/20, 14:25:00, 5166.8, 5167.5, 5166.8, 5167.5, 2, 2, 1, 1
2026/2/20, 14:35:00, 5179.4, 5179.4, 5178.8, 5178.8, 2, 2, 2, 0
2026/2/20, 14:50:00, 5185.2, 5185.2, 5185.2, 5185.2, 8, 2, 8, 0
2026/2/20, 14:55:00, 5180.0, 5180.2, 5178.1, 5180.2, 6, 6, 1, 5
2026/2/20, 15:00:00, 5190.0, 5190.0, 5148.6, 5156.5, 7, 6, 2, 5
2026/2/20, 15:05:00, 5148.2, 5155.1, 5128.0, 5155.1, 17, 12, 5, 12
2026/2/20, 15:10:00, 5151.0, 5151.0, 5150.0, 5150.0, 2, 2, 2, 0
2026/2/20, 15:15:00, 5150.0, 5170.0, 5150.0, 5170.0, 6, 5, 5, 1
2026/2/20, 15:20:00, 5156.5, 5156.5, 5156.5, 5156.5, 2, 1, 0, 2
2026/2/20, 15:30:00, 5153.1, 5153.1, 5153.1, 5153.1, 1, 1, 0, 1
2026/2/20, 15:40:00, 5173.0, 5173.0, 5172.6, 5172.6, 2, 2, 2, 0
2026/2/20, 15:45:00, 5177.6, 5177.8, 5177.6, 5177.8, 3, 2, 0, 3
2026/2/20, 15:50:00, 5170.1, 5170.1, 5167.1, 5167.1, 2, 2, 1, 1
2026/2/20, 16:05:00, 5180.8, 5180.8, 5180.8, 5180.8, 1, 1, 0, 1
2026/2/20, 16:10:00, 5179.1, 5179.1, 5179.0, 5179.0, 2, 2, 2, 0
2026/2/20, 16:30:00, 5187.2, 5190.0, 5187.2, 5190.0, 8, 4, 2, 6
2026/2/20, 16:45:00, 5194.9, 5196.5, 5194.1, 5195.0, 17, 15, 0, 17
2026/2/20, 17:00:00, 5199.5, 5199.5, 5199.5, 5199.5, 1, 1, 0, 1
2026/2/20, 17:05:00, 5200.1, 5200.1, 5200.1, 5200.1, 1, 1, 1, 0
2026/2/20, 17:10:00, 5199.7, 5199.7, 5199.7, 5199.7, 1, 1, 1, 0
2026/2/20, 18:05:00, 5200.8, 5200.9, 5200.8, 5200.9, 2, 2, 0, 2
2026/2/20, 18:15:00, 5198.4, 5198.4, 5198.4, 5198.4, 2, 1, 2, 0
2026/2/20, 19:00:00, 5205.5, 5206.0, 5205.5, 5206.0, 2, 2, 1, 1
2026/2/20, 19:20:00, 5206.6, 5206.6, 5206.6, 5206.6, 1, 1, 0, 1
2026/2/20, 19:25:00, 5204.5, 5204.5, 5204.5, 5204.5, 1, 1, 1, 0
2026/2/20, 19:55:00, 5210.0, 5210.0, 5210.0, 5210.0, 1, 1, 0, 1
2026/2/20, 20:40:00, 5217.5, 5217.5, 5217.5, 5217.5, 1, 1, 0, 1
2026/2/20, 20:45:00, 5219.1, 5219.1, 5219.1, 5219.1, 1, 1, 0, 1
2026/2/20, 20:50:00, 5219.7, 5219.7, 5219.7, 5219.7, 1, 1, 1, 0
2026/2/20, 21:00:00, 5228.4, 5228.4, 5228.4, 5228.4, 1, 1, 1, 0
2026/2/20, 21:35:00, 5231.3, 5231.3, 5231.3, 5231.3, 1, 1, 0, 1
2026/2/22, 23:00:00, 5243.4, 5248.6, 5243.4, 5248.6, 2, 2, 0, 2
2026/2/22, 23:05:00, 5255.6, 5270.4, 5255.6, 5270.4, 3, 3, 0, 3
2026/2/22, 23:10:00, 5277.4, 5277.4, 5277.4, 5277.4, 2, 2, 1, 1
2026/2/22, 23:15:00, 5280.0, 5283.4, 5279.9, 5279.9, 13, 6, 6, 7
2026/2/22, 23:20:00, 5280.0, 5280.0, 5280.0, 5280.0, 3, 3, 0, 3
2026/2/22, 23:30:00, 5283.2, 5283.2, 5283.2, 5283.2, 1, 1, 0, 1
2026/2/22, 23:35:00, 5284.9, 5284.9, 5284.9, 5284.9, 2, 1, 0, 2
2026/2/22, 23:40:00, 5290.4, 5290.4, 5289.9, 5289.9, 10, 6, 4, 6
2026/2/22, 23:45:00, 5291.0, 5292.4, 5290.5, 5292.4, 6, 5, 4, 2
2026/2/22, 23:50:00, 5301.0, 5301.0, 5297.4, 5297.4, 11, 6, 9, 2
2026/2/22, 23:55:00, 5298.4, 5299.9, 5298.4, 5299.9, 8, 5, 6, 2
2026/2/23, 00:10:00, 5279.2, 5279.2, 5273.2, 5273.2, 21, 16, 15, 6
2026/2/23, 00:15:00, 5266.0, 5266.0, 5266.0, 5266.0, 1, 1, 1, 0
2026/2/23, 00:20:00, 5267.4, 5274.6, 5267.4, 5274.6, 2, 2, 1, 1
2026/2/23, 00:25:00, 5277.0, 5280.5, 5270.5, 5279.9, 5, 5, 2, 3
2026/2/23, 00:30:00, 5290.3, 5291.7, 5290.3, 5291.7, 3, 2, 3, 0
2026/2/23, 00:40:00, 5281.1, 5281.1, 5272.0, 5272.0, 2, 2, 1, 1
2026/2/23, 00:45:00, 5272.0, 5272.0, 5272.0, 5272.0, 1, 1, 0, 1
2026/2/23, 00:50:00, 5274.6, 5274.6, 5274.6, 5274.6, 1, 1, 0, 1
2026/2/23, 00:55:00, 5279.3, 5279.3, 5277.8, 5277.8, 2, 2, 1, 1
2026/2/23, 01:05:00, 5283.8, 5285.9, 5283.8, 5285.9, 2, 2, 1, 1
2026/2/23, 01:15:00, 5284.6, 5285.3, 5284.6, 5285.3, 3, 2, 0, 3
2026/2/23, 01:20:00, 5287.7, 5290.5, 5287.7, 5290.0, 6, 4, 4, 2
2026/2/23, 01:25:00, 5288.7, 5290.0, 5288.7, 5290.0, 2, 2, 1, 1
2026/2/23, 01:45:00, 5298.7, 5298.7, 5298.7, 5298.7, 1, 1, 0, 1
2026/2/23, 02:05:00, 5298.2, 5298.2, 5298.2, 5298.2, 1, 1, 0, 1
2026/2/23, 02:40:00, 5307.9, 5310.0, 5307.9, 5308.3, 19, 11, 6, 13
2026/2/23, 02:45:00, 5307.3, 5307.3, 5307.3, 5307.3, 1, 1, 1, 0
2026/2/23, 02:50:00, 5300.0, 5300.7, 5300.0, 5300.7, 3, 3, 1, 2
2026/2/23, 02:55:00, 5305.4, 5305.4, 5305.4, 5305.4, 1, 1, 1, 0
2026/2/23, 03:10:00, 5293.0, 5293.0, 5293.0, 5293.0, 1, 1, 0, 1
2026/2/23, 03:15:00, 5289.0, 5289.0, 5289.0, 5289.0, 1, 1, 1, 0
2026/2/23, 03:20:00, 5289.1, 5289.1, 5289.1, 5289.1, 1, 1, 1, 0
2026/2/23, 03:25:00, 5297.2, 5297.2, 5297.2, 5297.2, 1, 1, 1, 0
2026/2/23, 03:40:00, 5303.5, 5303.5, 5303.5, 5303.5, 1, 1, 0, 1
2026/2/23, 04:05:00, 5290.0, 5290.0, 5290.0, 5290.0, 1, 1, 1, 0
2026/2/23, 04:10:00, 5291.4, 5291.4, 5291.4, 5291.4, 1, 1, 0, 1
2026/2/23, 04:35:00, 5290.6, 5290.7, 5289.4, 5290.7, 3, 3, 1, 2
2026/2/23, 05:00:00, 5289.0, 5289.0, 5289.0, 5289.0, 1, 1, 1, 0
2026/2/23, 06:25:00, 5287.6, 5287.6, 5287.6, 5287.6, 2, 2, 2, 0
2026/2/23, 06:45:00, 5280.6, 5280.8, 5280.3, 5280.3, 3, 3, 0, 3
2026/2/23, 06:50:00, 5285.5, 5285.5, 5285.5, 5285.5, 1, 1, 1, 0
2026/2/23, 07:25:00, 5267.5, 5267.5, 5265.0, 5265.0, 2, 2, 2, 0
2026/2/23, 07:30:00, 5263.4, 5263.4, 5263.4, 5263.4, 1, 1, 1, 0
2026/2/23, 07:40:00, 5267.3, 5267.3, 5267.3, 5267.3, 1, 1, 1, 0
2026/2/23, 07:55:00, 5270.0, 5270.0, 5270.0, 5270.0, 1, 1, 1, 0
2026/2/23, 08:15:00, 5270.7, 5270.7, 5267.3, 5267.3, 8, 5, 8, 0
2026/2/23, 08:30:00, 5263.7, 5263.7, 5263.7, 5263.7, 1, 1, 0, 1
2026/2/23, 09:50:00, 5278.1, 5278.1, 5278.1, 5278.1, 1, 1, 1, 0
2026/2/23, 09:55:00, 5280.0, 5280.0, 5280.0, 5280.0, 1, 1, 0, 1
2026/2/23, 10:00:00, 5282.0, 5282.0, 5282.0, 5282.0, 1, 1, 0, 1
2026/2/23, 10:30:00, 5283.0, 5283.0, 5283.0, 5283.0, 1, 1, 1, 0
2026/2/23, 10:40:00, 5285.3, 5285.3, 5285.3, 5285.3, 1, 1, 1, 0
2026/2/23, 10:50:00, 5290.9, 5290.9, 5290.9, 5290.9, 1, 1, 0, 1
2026/2/23, 12:55:00, 5297.4, 5297.4, 5297.4, 5297.4, 1, 1, 0, 1
2026/2/23, 13:20:00, 5287.5, 5287.5, 5287.5, 5287.5, 1, 1, 1, 0
2026/2/23, 13:25:00, 5278.0, 5279.3, 5278.0, 5279.3, 2, 2, 0, 2
2026/2/23, 13:30:00, 5284.5, 5284.6, 5284.5, 5284.6, 2, 2, 0, 2
2026/2/23, 13:35:00, 5284.7, 5284.7, 5284.7, 5284.7, 1, 1, 1, 0
2026/2/23, 13:55:00, 5278.7, 5278.7, 5277.5, 5277.5, 4, 4, 4, 0
2026/2/23, 14:00:00, 5280.3, 5280.3, 5280.3, 5280.3, 1, 1, 0, 1
2026/2/23, 14:10:00, 5286.3, 5286.3, 5286.3, 5286.3, 1, 1, 0, 1
2026/2/23, 14:15:00, 5288.3, 5288.3, 5288.2, 5288.2, 4, 2, 4, 0
2026/2/23, 14:25:00, 5295.2, 5295.2, 5295.2, 5295.2, 1, 1, 0, 1
2026/2/23, 14:35:00, 5312.6, 5315.7, 5312.6, 5315.7, 2, 2, 0, 2
2026/2/23, 14:40:00, 5316.1, 5320.7, 5316.1, 5320.1, 10, 7, 3, 7
2026/2/23, 14:45:00, 5330.6, 5330.9, 5326.9, 5330.9, 12, 6, 8, 4
2026/2/23, 14:50:00, 5328.4, 5333.2, 5328.4, 5333.2, 6, 5, 4, 2
2026/2/23, 14:55:00, 5324.7, 5324.7, 5322.0, 5322.0, 2, 2, 2, 0
2026/2/23, 15:00:00, 5324.0, 5324.0, 5317.8, 5317.8, 2, 2, 2, 0
2026/2/23, 15:20:00, 5335.0, 5337.1, 5330.9, 5330.9, 3, 3, 2, 1
2026/2/23, 15:35:00, 5323.4, 5323.4, 5321.4, 5321.4, 2, 2, 1, 1
2026/2/23, 15:45:00, 5339.0, 5339.0, 5339.0, 5339.0, 2, 1, 0, 2
2026/2/23, 15:50:00, 5336.6, 5336.6, 5332.1, 5332.1, 3, 2, 3, 0
2026/2/23, 15:55:00, 5329.6, 5329.6, 5328.7, 5328.7, 2, 2, 2, 0
2026/2/23, 16:00:00, 5325.0, 5325.0, 5314.0, 5314.0, 2, 2, 1, 1
2026/2/23, 16:05:00, 5316.4, 5316.4, 5316.4, 5316.4, 1, 1, 0, 1
2026/2/23, 16:15:00, 5340.0, 5349.5, 5340.0, 5349.5, 12, 6, 4, 8
2026/2/23, 16:20:00, 5350.6, 5350.6, 5349.5, 5349.5, 4, 2, 2, 2
2026/2/23, 16:25:00, 5352.0, 5352.2, 5348.8, 5349.7, 24, 12, 2, 22
2026/2/23, 16:30:00, 5348.6, 5348.6, 5344.3, 5344.3, 19, 10, 2, 17
2026/2/23, 16:40:00, 5344.8, 5344.8, 5344.8, 5344.8, 1, 1, 0, 1
2026/2/23, 16:50:00, 5350.0, 5350.0, 5350.0, 5350.0, 1, 1, 0, 1
2026/2/23, 16:55:00, 5344.0, 5344.0, 5344.0, 5344.0, 1, 1, 1, 0
2026/2/23, 17:10:00, 5338.9, 5338.9, 5338.9, 5338.9, 1, 1, 1, 0
2026/2/23, 17:25:00, 5344.0, 5344.0, 5343.9, 5343.9, 2, 2, 1, 1
2026/2/23, 17:35:00, 5334.9, 5334.9, 5334.9, 5334.9, 1, 1, 0, 1
2026/2/23, 18:05:00, 5345.0, 5345.0, 5345.0, 5345.0, 1, 1, 0, 1
2026/2/23, 18:25:00, 5338.6, 5338.6, 5338.6, 5338.6, 1, 1, 0, 1
2026/2/23, 19:40:00, 5350.0, 5350.0, 5350.0, 5350.0, 1, 1, 0, 1
2026/2/23, 20:00:00, 5352.7, 5353.2, 5352.7, 5353.2, 2, 2, 0, 2
2026/2/23, 20:10:00, 5356.8, 5356.8, 5355.7, 5355.7, 8, 6, 4, 4
2026/2/23, 20:30:00, 5360.0, 5361.7, 5360.0, 5361.7, 4, 2, 2, 2
2026/2/23, 20:50:00, 5361.4, 5367.1, 5361.4, 5367.1, 11, 7, 5, 6
2026/2/23, 21:00:00, 5371.8, 5371.8, 5371.8, 5371.8, 1, 1, 0, 1
2026/2/23, 21:05:00, 5366.8, 5366.8, 5366.8, 5366.8, 1, 1, 0, 1
2026/2/23, 21:15:00, 5361.9, 5361.9, 5361.9, 5361.9, 1, 1, 1, 0
2026/2/23, 21:20:00, 5364.4, 5364.4, 5364.4, 5364.4, 1, 1, 0, 1
2026/2/23, 21:25:00, 5361.3, 5361.3, 5361.3, 5361.3, 1, 1, 1, 0
2026/2/23, 21:30:00, 5360.0, 5360.0, 5360.0, 5360.0, 1, 1, 1, 0
2026/2/23, 23:00:00, 5372.2, 5377.6, 5372.1, 5372.1, 13, 7, 7, 6
2026/2/23, 23:10:00, 5382.6, 5382.6, 5375.0, 5375.0, 3, 2, 1, 2
2026/2/23, 23:15:00, 5380.6, 5380.6, 5380.6, 5380.6, 1, 1, 1, 0
2026/2/23, 23:50:00, 5372.1, 5372.1, 5372.1, 5372.1, 1, 1, 1, 0
2026/2/24, 00:00:00, 5353.6, 5353.6, 5353.6, 5353.6, 1, 1, 0, 1
2026/2/24, 00:05:00, 5361.6, 5363.9, 5361.6, 5363.9, 3, 3, 1, 2
2026/2/24, 00:20:00, 5369.3, 5369.3, 5369.3, 5369.3, 2, 1, 2, 0
2026/2/24, 00:25:00, 5360.0, 5360.0, 5360.0, 5360.0, 1, 1, 1, 0
2026/2/24, 01:00:00, 5340.0, 5340.0, 5340.0, 5340.0, 1, 1, 1, 0
2026/2/24, 01:05:00, 5340.0, 5340.0, 5328.0, 5328.0, 3, 3, 2, 1
2026/2/24, 01:10:00, 5323.8, 5323.8, 5322.5, 5322.5, 2, 2, 1, 1
2026/2/24, 01:40:00, 5306.3, 5306.3, 5306.3, 5306.3, 1, 1, 0, 1
2026/2/24, 02:10:00, 5298.5, 5298.5, 5298.5, 5298.5, 1, 1, 1, 0
2026/2/24, 02:30:00, 5316.0, 5316.0, 5316.0, 5316.0, 1, 1, 0, 1
2026/2/24, 02:40:00, 5319.8, 5319.8, 5319.8, 5319.8, 1, 1, 1, 0
2026/2/24, 03:25:00, 5314.0, 5314.0, 5314.0, 5314.0, 1, 1, 1, 0
2026/2/24, 03:55:00, 5303.2, 5303.2, 5303.2, 5303.2, 1, 1, 1, 0
2026/2/24, 04:00:00, 5295.4, 5295.4, 5293.6, 5294.5, 3, 3, 3, 0
2026/2/24, 04:05:00, 5297.1, 5297.1, 5297.1, 5297.1, 1, 1, 1, 0
2026/2/24, 04:20:00, 5306.1, 5306.6, 5306.1, 5306.6, 3, 3, 3, 0
2026/2/24, 04:40:00, 5297.7, 5297.7, 5297.0, 5297.0, 2, 2, 1, 1
2026/2/24, 05:00:00, 5298.1, 5298.1, 5298.1, 5298.1, 1, 1, 1, 0
2026/2/24, 05:05:00, 5302.8, 5302.8, 5301.9, 5302.2, 8, 6, 7, 1
2026/2/24, 05:10:00, 5302.9, 5302.9, 5302.7, 5302.7, 3, 3, 3, 0
2026/2/24, 06:10:00, 5316.0, 5316.0, 5316.0, 5316.0, 1, 1, 1, 0
2026/2/24, 07:15:00, 5309.2, 5309.2, 5309.2, 5309.2, 1, 1, 0, 1
2026/2/24, 07:30:00, 5308.1, 5308.1, 5308.1, 5308.1, 1, 1, 0, 1
2026/2/24, 07:40:00, 5314.0, 5314.0, 5314.0, 5314.0, 1, 1, 0, 1
2026/2/24, 08:00:00, 5307.0, 5307.0, 5307.0, 5307.0, 1, 1, 1, 0
2026/2/24, 08:50:00, 5301.9, 5301.9, 5301.9, 5301.9, 1, 1, 1, 0
2026/2/24, 09:10:00, 5305.3, 5305.3, 5303.3, 5303.3, 3, 3, 2, 1
2026/2/24, 09:35:00, 5299.3, 5299.3, 5299.3, 5299.3, 1, 1, 1, 0
2026/2/24, 12:10:00, 5296.0, 5296.0, 5296.0, 5296.0, 2, 2, 2, 0
2026/2/24, 12:15:00, 5295.0, 5295.0, 5292.6, 5292.6, 2, 2, 1, 1
2026/2/24, 12:55:00, 5283.3, 5283.3, 5283.3, 5283.3, 1, 1, 1, 0
2026/2/24, 13:20:00, 5283.3, 5286.4, 5283.3, 5286.4, 4, 3, 1, 3
2026/2/24, 13:50:00, 5259.2, 5259.2, 5259.2, 5259.2, 1, 1, 0, 1
2026/2/24, 13:55:00, 5240.0, 5240.0, 5240.0, 5240.0, 1, 1, 1, 0
2026/2/24, 14:00:00, 5240.0, 5250.5, 5240.0, 5250.3, 3, 3, 2, 1
2026/2/24, 14:10:00, 5240.7, 5240.7, 5234.0, 5234.0, 2, 2, 0, 2
2026/2/24, 14:20:00, 5244.6, 5244.6, 5244.6, 5244.6, 1, 1, 0, 1
2026/2/24, 14:35:00, 5255.9, 5262.7, 5255.8, 5262.7, 4, 3, 3, 1
2026/2/24, 14:45:00, 5266.7, 5266.7, 5266.7, 5266.7, 2, 1, 0, 2
2026/2/24, 14:55:00, 5259.8, 5259.8, 5259.8, 5259.8, 1, 1, 1, 0
2026/2/24, 15:00:00, 5252.6, 5252.6, 5252.6, 5252.6, 1, 1, 1, 0
2026/2/24, 15:15:00, 5269.0, 5270.7, 5269.0, 5270.7, 2, 2, 0, 2
2026/2/24, 15:20:00, 5272.9, 5272.9, 5272.9, 5272.9, 1, 1, 0, 1
2026/2/24, 15:35:00, 5276.4, 5276.4, 5276.4, 5276.4, 1, 1, 0, 1
2026/2/24, 15:40:00, 5275.2, 5277.5, 5275.1, 5277.4, 6, 5, 4, 2
2026/2/24, 15:45:00, 5284.1, 5284.1, 5284.1, 5284.1, 1, 1, 0, 1
2026/2/24, 16:00:00, 5280.6, 5283.0, 5280.4, 5280.4, 3, 3, 0, 3
2026/2/24, 16:10:00, 5274.2, 5278.2, 5274.2, 5277.7, 5, 5, 3, 2
2026/2/24, 16:15:00, 5279.1, 5280.0, 5279.1, 5280.0, 3, 2, 1, 2
2026/2/24, 16:20:00, 5278.2, 5278.2, 5274.0, 5274.0, 2, 2, 0, 2
2026/2/24, 16:35:00, 5273.7, 5276.0, 5273.7, 5276.0, 2, 2, 2, 0
2026/2/24, 16:40:00, 5279.2, 5279.2, 5279.2, 5279.2, 2, 1, 2, 0
2026/2/24, 17:00:00, 5275.0, 5275.0, 5275.0, 5275.0, 1, 1, 1, 0
2026/2/24, 17:10:00, 5285.4, 5285.4, 5285.4, 5285.4, 1, 1, 0, 1
2026/2/24, 18:00:00, 5297.6, 5297.6, 5297.6, 5297.6, 1, 1, 0, 1
2026/2/24, 18:05:00, 5299.3, 5299.9, 5299.3, 5299.9, 3, 3, 1, 2
2026/2/24, 18:50:00, 5293.2, 5293.2, 5293.2, 5293.2, 1, 1, 0, 1
2026/2/24, 20:20:00, 5295.7, 5295.8, 5295.7, 5295.8, 4, 3, 0, 4
2026/2/24, 20:25:00, 5295.4, 5298.9, 5295.4, 5298.9, 2, 2, 1, 1
2026/2/24, 20:55:00, 5290.1, 5290.1, 5290.1, 5290.1, 1, 1, 1, 0
2026/2/24, 23:20:00, 5262.3, 5262.3, 5262.3, 5262.3, 2, 2, 2, 0
2026/2/25, 00:35:00, 5283.1, 5283.1, 5283.1, 5283.1, 2, 2, 0, 2
2026/2/25, 00:40:00, 5284.9, 5284.9, 5284.9, 5284.9, 2, 2, 2, 0
2026/2/25, 01:05:00, 5295.4, 5295.4, 5295.3, 5295.3, 4, 3, 2, 2
2026/2/25, 01:10:00, 5305.8, 5306.2, 5305.8, 5306.2, 3, 2, 0, 3
2026/2/25, 01:15:00, 5306.8, 5309.7, 5306.8, 5309.7, 3, 2, 2, 1
2026/2/25, 01:20:00, 5317.3, 5317.3, 5310.0, 5310.0, 5, 3, 3, 2
2026/2/25, 02:00:00, 5313.2, 5314.9, 5313.2, 5314.9, 2, 2, 0, 2
2026/2/25, 02:05:00, 5315.6, 5317.1, 5315.6, 5317.1, 2, 2, 0, 2
2026/2/25, 02:15:00, 5321.6, 5324.4, 5321.6, 5324.4, 4, 4, 1, 3
2026/2/25, 02:20:00, 5318.0, 5318.0, 5318.0, 5318.0, 1, 1, 1, 0
2026/2/25, 05:20:00, 5322.0, 5322.0, 5322.0, 5322.0, 1, 1, 1, 0
2026/2/25, 05:25:00, 5327.0, 5327.7, 5327.0, 5327.7, 6, 3, 0, 6
2026/2/25, 05:40:00, 5330.6, 5330.6, 5330.6, 5330.6, 1, 1, 1, 0
2026/2/25, 06:00:00, 5330.6, 5330.6, 5328.3, 5328.3, 7, 3, 7, 0
2026/2/25, 06:30:00, 5323.1, 5323.1, 5323.1, 5323.1, 2, 1, 2, 0
2026/2/25, 07:20:00, 5318.9, 5318.9, 5318.9, 5318.9, 1, 1, 0, 1
2026/2/25, 09:00:00, 5315.0, 5315.0, 5315.0, 5315.0, 1, 1, 1, 0
2026/2/25, 09:15:00, 5317.0, 5317.0, 5317.0, 5317.0, 1, 1, 1, 0
2026/2/25, 09:40:00, 5324.0, 5324.0, 5324.0, 5324.0, 1, 1, 0, 1
2026/2/25, 09:50:00, 5321.5, 5321.5, 5321.5, 5321.5, 1, 1, 1, 0
2026/2/25, 10:30:00, 5303.0, 5303.0, 5303.0, 5303.0, 1, 1, 1, 0
2026/2/25, 10:40:00, 5310.5, 5310.5, 5310.5, 5310.5, 1, 1, 1, 0
2026/2/25, 11:10:00, 5296.6, 5296.6, 5296.6, 5296.6, 1, 1, 1, 0
2026/2/25, 11:15:00, 5292.0, 5292.0, 5290.3, 5290.3, 2, 2, 1, 1
2026/2/25, 11:20:00, 5294.8, 5294.8, 5294.8, 5294.8, 1, 1, 1, 0
2026/2/25, 11:50:00, 5306.6, 5306.6, 5306.6, 5306.6, 1, 1, 0, 1
2026/2/25, 11:55:00, 5307.3, 5312.0, 5307.3, 5312.0, 2, 2, 0, 2
2026/2/25, 12:05:00, 5310.7, 5310.7, 5310.7, 5310.7, 1, 1, 1, 0
2026/2/25, 12:20:00, 5315.5, 5315.5, 5315.5, 5315.5, 1, 1, 1, 0
2026/2/25, 12:30:00, 5314.5, 5314.5, 5314.5, 5314.5, 1, 1, 0, 1
2026/2/25, 13:10:00, 5318.5, 5318.5, 5318.5, 5318.5, 1, 1, 1, 0
2026/2/25, 13:15:00, 5319.0, 5319.0, 5319.0, 5319.0, 1, 1, 0, 1
2026/2/25, 13:20:00, 5321.2, 5321.2, 5321.2, 5321.2, 1, 1, 0, 1
2026/2/25, 13:35:00, 5321.2, 5321.2, 5321.2, 5321.2, 1, 1, 1, 0
2026/2/25, 13:40:00, 5319.2, 5319.2, 5319.2, 5319.2, 1, 1, 0, 1
2026/2/25, 13:45:00, 5321.7, 5321.7, 5321.5, 5321.5, 2, 2, 2, 0
2026/2/25, 13:55:00, 5319.2, 5319.2, 5319.2, 5319.2, 2, 1, 0, 2
2026/2/25, 14:05:00, 5319.8, 5319.8, 5319.7, 5319.7, 3, 2, 3, 0
2026/2/25, 14:25:00, 5310.0, 5310.0, 5310.0, 5310.0, 1, 1, 1, 0
2026/2/25, 14:50:00, 5320.0, 5320.0, 5317.0, 5317.0, 2, 2, 1, 1
2026/2/25, 15:00:00, 5329.2, 5332.6, 5329.0, 5332.6, 10, 8, 0, 10
2026/2/25, 16:20:00, 5331.9, 5337.0, 5331.9, 5337.0, 7, 5, 0, 7
2026/2/25, 16:25:00, 5338.8, 5338.9, 5337.6, 5337.6, 12, 7, 6, 6
2026/2/25, 16:40:00, 5340.0, 5340.0, 5340.0, 5340.0, 2, 2, 0, 2
2026/2/25, 16:45:00, 5344.5, 5344.5, 5344.5, 5344.5, 1, 1, 0, 1
2026/2/25, 16:55:00, 5343.7, 5343.7, 5343.7, 5343.7, 1, 1, 1, 0
2026/2/25, 17:05:00, 5345.6, 5348.0, 5345.6, 5348.0, 2, 2, 0, 2
2026/2/25, 17:10:00, 5348.2, 5350.1, 5348.2, 5350.1, 12, 6, 6, 6
2026/2/25, 20:35:00, 5317.2, 5317.3, 5317.2, 5317.3, 2, 2, 2, 0
2026/2/25, 20:40:00, 5313.9, 5313.9, 5313.9, 5313.9, 1, 1, 1, 0
2026/2/25, 20:55:00, 5302.9, 5302.9, 5299.4, 5299.4, 3, 3, 3, 0
2026/2/25, 21:15:00, 5300.5, 5300.5, 5300.5, 5300.5, 1, 1, 0, 1
2026/2/26, 00:05:00, 5292.9, 5292.9, 5292.9, 5292.9, 1, 1, 1, 0
2026/2/26, 00:10:00, 5294.3, 5294.4, 5294.3, 5294.4, 2, 2, 0, 2
2026/2/26, 00:15:00, 5296.9, 5296.9, 5296.9, 5296.9, 2, 1, 2, 0
2026/2/26, 01:05:00, 5322.3, 5322.3, 5322.3, 5322.3, 1, 1, 0, 1
2026/2/26, 02:00:00, 5322.1, 5322.1, 5322.1, 5322.1, 1, 1, 0, 1
2026/2/26, 02:30:00, 5308.4, 5308.4, 5308.4, 5308.4, 1, 1, 1, 0
2026/2/26, 02:35:00, 5311.0, 5311.0, 5311.0, 5311.0, 1, 1, 0, 1
2026/2/26, 02:45:00, 5310.3, 5310.3, 5310.3, 5310.3, 1, 1, 0, 1
2026/2/26, 02:55:00, 5312.9, 5313.8, 5312.9, 5313.8, 3, 2, 1, 2
2026/2/26, 03:05:00, 5314.9, 5314.9, 5314.9, 5314.9, 2, 1, 2, 0
2026/2/26, 03:10:00, 5312.9, 5315.6, 5312.9, 5315.6, 2, 2, 0, 2
2026/2/26, 03:15:00, 5315.6, 5320.1, 5315.6, 5320.1, 4, 3, 3, 1
2026/2/26, 03:20:00, 5317.4, 5317.4, 5317.4, 5317.4, 1, 1, 0, 1
2026/2/26, 03:55:00, 5320.4, 5320.4, 5320.4, 5320.4, 1, 1, 0, 1
2026/2/26, 04:00:00, 5322.1, 5322.1, 5322.1, 5322.1, 1, 1, 1, 0
2026/2/26, 04:10:00, 5327.6, 5327.6, 5327.6, 5327.6, 1, 1, 0, 1
2026/2/26, 04:20:00, 5322.9, 5322.9, 5322.9, 5322.9, 2, 1, 2, 0
2026/2/26, 05:20:00, 5332.0, 5332.0, 5332.0, 5332.0, 1, 1, 0, 1
2026/2/26, 06:45:00, 5321.3, 5321.3, 5321.3, 5321.3, 1, 1, 1, 0
2026/2/26, 07:00:00, 5319.5, 5319.5, 5319.5, 5319.5, 1, 1, 1, 0
2026/2/26, 07:10:00, 5312.7, 5312.7, 5312.7, 5312.7, 2, 2, 2, 0
2026/2/26, 07:20:00, 5312.2, 5312.2, 5312.2, 5312.2, 1, 1, 0, 1
2026/2/26, 07:35:00, 5315.5, 5315.5, 5315.5, 5315.5, 1, 1, 0, 1
2026/2/26, 08:30:00, 5298.8, 5298.8, 5298.8, 5298.8, 1, 1, 0, 1
2026/2/26, 09:05:00, 5304.5, 5304.5, 5304.5, 5304.5, 1, 1, 0, 1
2026/2/26, 09:55:00, 5317.5, 5317.5, 5314.5, 5314.5, 2, 2, 1, 1
2026/2/26, 10:35:00, 5301.4, 5301.4, 5301.4, 5301.4, 1, 1, 1, 0
2026/2/26, 10:55:00, 5295.0, 5295.0, 5295.0, 5295.0, 1, 1, 1, 0
2026/2/26, 12:35:00, 5312.0, 5312.0, 5312.0, 5312.0, 1, 1, 0, 1
2026/2/26, 12:40:00, 5312.1, 5312.1, 5312.1, 5312.1, 2, 1, 0, 2
2026/2/26, 12:45:00, 5315.5, 5315.5, 5315.4, 5315.4, 2, 2, 2, 0
2026/2/26, 13:00:00, 5309.0, 5309.0, 5309.0, 5309.0, 1, 1, 1, 0
2026/2/26, 13:40:00, 5298.3, 5298.3, 5298.3, 5298.3, 1, 1, 0, 1
2026/2/26, 13:50:00, 5297.4, 5297.4, 5297.4, 5297.4, 1, 1, 0, 1
2026/2/26, 14:20:00, 5296.3, 5296.3, 5296.1, 5296.1, 3, 2, 3, 0
2026/2/26, 14:25:00, 5299.0, 5299.1, 5299.0, 5299.1, 2, 2, 0, 2
2026/2/26, 14:30:00, 5280.6, 5280.6, 5280.6, 5280.6, 1, 1, 0, 1
2026/2/26, 14:35:00, 5292.6, 5298.6, 5292.6, 5298.6, 2, 2, 1, 1
2026/2/26, 14:40:00, 5297.2, 5297.2, 5297.1, 5297.1, 2, 2, 2, 0
2026/2/26, 14:50:00, 5301.0, 5301.0, 5296.2, 5296.2, 2, 2, 0, 2
2026/2/26, 15:25:00, 5268.8, 5268.8, 5268.4, 5268.4, 11, 4, 11, 0
2026/2/26, 15:30:00, 5276.6, 5276.6, 5276.6, 5276.6, 1, 1, 0, 1
2026/2/26, 15:35:00, 5289.5, 5289.5, 5289.5, 5289.5, 1, 1, 0, 1
2026/2/26, 15:40:00, 5295.0, 5303.8, 5295.0, 5303.8, 4, 3, 4, 0
2026/2/26, 15:45:00, 5312.9, 5312.9, 5312.9, 5312.9, 1, 1, 1, 0
2026/2/26, 15:50:00, 5318.2, 5318.2, 5317.3, 5317.3, 2, 2, 0, 2
2026/2/26, 16:15:00, 5313.5, 5313.5, 5313.4, 5313.4, 2, 2, 0, 2
2026/2/26, 16:35:00, 5313.6, 5313.6, 5313.6, 5313.6, 1, 1, 0, 1
2026/2/26, 17:05:00, 5313.8, 5317.3, 5313.8, 5317.3, 6, 5, 1, 5
2026/2/26, 17:10:00, 5318.8, 5318.8, 5318.6, 5318.6, 3, 2, 3, 0
2026/2/26, 18:10:00, 5300.4, 5300.4, 5300.4, 5300.4, 2, 1, 0, 2
2026/2/26, 18:20:00, 5305.3, 5305.3, 5305.2, 5305.2, 2, 2, 2, 0
2026/2/26, 18:35:00, 5291.1, 5291.1, 5291.1, 5291.1, 1, 1, 1, 0
2026/2/26, 18:40:00, 5305.1, 5311.1, 5305.1, 5311.1, 4, 2, 2, 2
2026/2/26, 18:50:00, 5314.5, 5314.6, 5314.5, 5314.6, 3, 2, 1, 2
2026/2/26, 19:05:00, 5316.9, 5316.9, 5316.9, 5316.9, 1, 1, 0, 1
2026/2/26, 19:15:00, 5317.2, 5317.2, 5317.1, 5317.1, 2, 2, 2, 0
2026/2/26, 19:45:00, 5322.8, 5322.8, 5322.8, 5322.8, 1, 1, 0, 1
2026/2/26, 20:30:00, 5321.8, 5321.8, 5321.8, 5321.8, 1, 1, 1, 0
2026/2/26, 20:35:00, 5329.4, 5329.4, 5329.4, 5329.4, 1, 1, 0, 1
2026/2/26, 20:40:00, 5328.2, 5328.2, 5328.2, 5328.2, 2, 1, 0, 2
2026/2/26, 21:10:00, 5328.9, 5328.9, 5328.9, 5328.9, 1, 1, 1, 0
2026/2/26, 23:35:00, 5314.8, 5314.8, 5314.8, 5314.8, 1, 1, 0, 1
2026/2/27, 00:20:00, 5322.7, 5322.8, 5322.7, 5322.8, 2, 2, 0, 2
2026/2/27, 00:55:00, 5304.5, 5304.5, 5304.5, 5304.5, 1, 1, 1, 0
2026/2/27, 01:35:00, 5318.9, 5318.9, 5318.9, 5318.9, 1, 1, 0, 1
2026/2/27, 01:50:00, 5321.2, 5321.2, 5321.2, 5321.2, 2, 1, 2, 0
2026/2/27, 02:00:00, 5325.4, 5325.4, 5325.4, 5325.4, 2, 1, 2, 0
2026/2/27, 02:35:00, 5307.3, 5307.3, 5307.3, 5307.3, 1, 1, 1, 0
2026/2/27, 02:45:00, 5306.8, 5306.8, 5306.2, 5306.2, 2, 2, 2, 0
2026/2/27, 02:50:00, 5304.4, 5304.4, 5304.4, 5304.4, 1, 1, 0, 1
2026/2/27, 03:05:00, 5311.0, 5311.0, 5311.0, 5311.0, 1, 1, 1, 0
2026/2/27, 03:30:00, 5317.0, 5317.0, 5317.0, 5317.0, 3, 1, 3, 0
2026/2/27, 03:50:00, 5319.0, 5319.0, 5319.0, 5319.0, 3, 2, 0, 3
2026/2/27, 04:40:00, 5316.3, 5316.3, 5316.3, 5316.3, 10, 7, 8, 2
2026/2/27, 05:25:00, 5321.5, 5321.5, 5321.5, 5321.5, 1, 1, 0, 1
2026/2/27, 05:30:00, 5325.7, 5326.4, 5324.6, 5326.4, 4, 4, 0, 4
2026/2/27, 05:50:00, 5325.7, 5325.7, 5325.7, 5325.7, 1, 1, 0, 1
2026/2/27, 07:15:00, 5310.8, 5310.8, 5309.0, 5309.0, 2, 2, 2, 0
2026/2/27, 08:20:00, 5306.0, 5306.0, 5306.0, 5306.0, 1, 1, 1, 0
2026/2/27, 08:30:00, 5310.6, 5310.6, 5310.6, 5310.6, 1, 1, 0, 1
2026/2/27, 09:05:00, 5307.0, 5307.0, 5307.0, 5307.0, 1, 1, 1, 0
2026/2/27, 09:50:00, 5303.0, 5303.0, 5303.0, 5303.0, 1, 1, 1, 0
2026/2/27, 09:55:00, 5301.7, 5301.7, 5301.7, 5301.7, 1, 1, 1, 0
2026/2/27, 10:00:00, 5302.0, 5302.0, 5302.0, 5302.0, 1, 1, 1, 0
2026/2/27, 10:10:00, 5297.3, 5303.0, 5297.3, 5303.0, 4, 4, 1, 3
2026/2/27, 10:15:00, 5308.6, 5308.6, 5308.6, 5308.6, 1, 1, 0, 1
2026/2/27, 10:35:00, 5300.4, 5300.4, 5299.6, 5299.6, 2, 2, 1, 1
2026/2/27, 12:05:00, 5315.0, 5315.0, 5315.0, 5315.0, 1, 1, 1, 0
2026/2/27, 13:05:00, 5342.6, 5342.6, 5342.6, 5342.6, 1, 1, 0, 1
2026/2/27, 13:10:00, 5345.3, 5345.4, 5342.4, 5345.4, 3, 3, 3, 0
2026/2/27, 13:15:00, 5352.3, 5352.3, 5352.3, 5352.3, 1, 1, 0, 1
2026/2/27, 13:20:00, 5360.6, 5368.3, 5360.6, 5368.3, 12, 7, 6, 6
2026/2/27, 13:25:00, 5368.8, 5372.2, 5368.8, 5370.3, 5, 5, 3, 2
2026/2/27, 13:30:00, 5357.3, 5360.0, 5357.3, 5360.0, 3, 3, 1, 2
2026/2/27, 13:35:00, 5349.2, 5349.2, 5349.2, 5349.2, 1, 1, 0, 1
2026/2/27, 13:40:00, 5346.0, 5346.0, 5346.0, 5346.0, 1, 1, 0, 1
2026/2/27, 13:45:00, 5348.8, 5348.8, 5348.8, 5348.8, 1, 1, 0, 1
2026/2/27, 13:50:00, 5345.5, 5347.5, 5345.5, 5347.1, 5, 5, 1, 4
2026/2/27, 13:55:00, 5349.1, 5356.4, 5349.0, 5356.4, 5, 4, 4, 1
2026/2/27, 14:00:00, 5355.3, 5358.8, 5355.2, 5358.8, 7, 5, 5, 2
2026/2/27, 14:20:00, 5360.8, 5367.5, 5360.8, 5367.5, 2, 2, 0, 2
2026/2/27, 14:30:00, 5365.0, 5365.0, 5365.0, 5365.0, 1, 1, 0, 1
2026/2/27, 14:35:00, 5351.0, 5351.0, 5351.0, 5351.0, 1, 1, 1, 0
2026/2/27, 14:40:00, 5354.9, 5357.4, 5354.9, 5357.4, 4, 3, 2, 2
2026/2/27, 14:45:00, 5348.0, 5353.7, 5348.0, 5353.7, 2, 2, 1, 1
2026/2/27, 14:50:00, 5354.6, 5354.6, 5354.6, 5354.6, 1, 1, 1, 0
2026/2/27, 15:05:00, 5367.5, 5367.5, 5367.5, 5367.5, 1, 1, 0, 1
2026/2/27, 15:10:00, 5366.1, 5366.1, 5366.1, 5366.1, 1, 1, 0, 1
2026/2/27, 15:20:00, 5350.6, 5350.6, 5350.6, 5350.6, 1, 1, 1, 0
2026/2/27, 15:25:00, 5350.6, 5358.4, 5350.6, 5358.4, 2, 2, 0, 2
2026/2/27, 15:50:00, 5370.0, 5370.0, 5370.0, 5370.0, 1, 1, 0, 1
2026/2/27, 15:55:00, 5375.0, 5376.7, 5375.0, 5376.7, 9, 7, 4, 5
2026/2/27, 16:10:00, 5378.8, 5387.2, 5378.8, 5386.1, 14, 9, 7, 7
2026/2/27, 16:15:00, 5389.5, 5389.5, 5389.0, 5389.0, 4, 3, 2, 2
2026/2/27, 16:20:00, 5361.8, 5361.8, 5361.8, 5361.8, 1, 1, 1, 0
2026/2/27, 16:25:00, 5367.1, 5367.1, 5367.1, 5367.1, 2, 1, 0, 2
2026/2/27, 16:40:00, 5368.6, 5368.6, 5366.2, 5366.2, 2, 2, 1, 1
2026/2/27, 16:55:00, 5360.0, 5360.0, 5360.0, 5360.0, 1, 1, 1, 0
2026/2/27, 17:00:00, 5364.0, 5364.0, 5364.0, 5364.0, 1, 1, 0, 1
2026/2/27, 17:05:00, 5365.6, 5365.6, 5365.6, 5365.6, 2, 1, 0, 2
2026/2/27, 17:10:00, 5361.7, 5361.7, 5361.7, 5361.7, 1, 1, 1, 0
2026/2/27, 17:20:00, 5357.0, 5357.0, 5357.0, 5357.0, 1, 1, 1, 0
2026/2/27, 17:40:00, 5361.3, 5366.4, 5361.3, 5366.2, 6, 5, 3, 3
2026/2/27, 17:45:00, 5367.6, 5367.6, 5367.5, 5367.5, 2, 2, 2, 0
2026/2/27, 17:50:00, 5367.1, 5367.1, 5367.0, 5367.0, 2, 2, 2, 0
2026/2/27, 18:25:00, 5361.7, 5361.7, 5361.7, 5361.7, 1, 1, 0, 1
2026/2/27, 18:30:00, 5363.9, 5364.1, 5363.9, 5364.1, 2, 2, 0, 2
2026/2/27, 18:40:00, 5364.6, 5370.6, 5364.6, 5370.6, 5, 5, 4, 1
2026/2/27, 18:50:00, 5375.8, 5375.8, 5375.8, 5375.8, 1, 1, 0, 1
2026/2/27, 18:55:00, 5377.0, 5377.0, 5377.0, 5377.0, 1, 1, 0, 1
2026/2/27, 19:05:00, 5381.5, 5381.5, 5381.5, 5381.5, 1, 1, 1, 0
2026/2/27, 19:15:00, 5382.3, 5382.4, 5382.3, 5382.4, 2, 2, 0, 2
2026/2/27, 19:45:00, 5378.9, 5378.9, 5378.9, 5378.9, 1, 1, 0, 1
2026/2/27, 20:00:00, 5384.0, 5384.0, 5384.0, 5384.0, 1, 1, 0, 1
2026/2/27, 20:10:00, 5383.4, 5383.4, 5382.8, 5383.3, 3, 3, 2, 1
2026/2/27, 20:15:00, 5384.6, 5384.6, 5384.6, 5384.6, 1, 1, 1, 0
2026/2/27, 20:20:00, 5392.6, 5392.6, 5392.6, 5392.6, 1, 1, 0, 1
2026/2/27, 20:30:00, 5390.8, 5390.8, 5390.8, 5390.8, 1, 1, 1, 0
2026/2/27, 20:40:00, 5392.7, 5395.3, 5392.7, 5395.3, 3, 2, 0, 3
2026/2/27, 20:45:00, 5392.3, 5392.3, 5392.3, 5392.3, 1, 1, 1, 0
2026/2/27, 20:50:00, 5395.4, 5395.4, 5395.4, 5395.4, 1, 1, 1, 0
2026/2/27, 20:55:00, 5396.6, 5396.7, 5396.3, 5396.7, 13, 7, 5, 8
2026/2/27, 21:00:00, 5394.9, 5394.9, 5390.2, 5393.1, 5, 4, 3, 2
2026/2/27, 21:30:00, 5393.2, 5393.2, 5393.2, 5393.2, 1, 1, 0, 1
2026/2/27, 21:35:00, 5399.5, 5399.5, 5399.5, 5399.5, 2, 2, 0, 2
2026/2/27, 21:40:00, 5406.9, 5406.9, 5406.5, 5406.5, 10, 6, 6, 4
2026/3/1, 23:00:00, 5510.0, 5515.3, 5448.7, 5485.2, 31, 23, 27, 4
2026/3/1, 23:05:00, 5491.1, 5503.9, 5479.2, 5481.9, 16, 11, 12, 4
2026/3/1, 23:10:00, 5482.8, 5482.8, 5472.6, 5472.6, 2, 2, 1, 1
2026/3/1, 23:15:00, 5486.7, 5486.7, 5486.7, 5486.7, 1, 1, 0, 1
2026/3/1, 23:35:00, 5497.5, 5510.1, 5497.5, 5502.2, 8, 7, 3, 5
2026/3/1, 23:40:00, 5509.8, 5522.4, 5507.7, 5516.5, 17, 14, 14, 3
2026/3/1, 23:45:00, 5516.6, 5516.6, 5515.0, 5516.3, 3, 3, 2, 1
2026/3/1, 23:50:00, 5520.5, 5520.5, 5520.5, 5520.5, 1, 1, 1, 0
2026/3/1, 23:55:00, 5517.8, 5520.4, 5517.8, 5520.4, 5, 4, 2, 3
2026/3/2, 00:00:00, 5512.5, 5512.5, 5510.9, 5510.9, 2, 2, 1, 1
2026/3/2, 00:10:00, 5507.1, 5507.1, 5507.1, 5507.1, 1, 1, 1, 0
2026/3/2, 01:00:00, 5470.0, 5470.0, 5461.3, 5461.3, 4, 3, 3, 1
2026/3/2, 01:05:00, 5461.3, 5461.3, 5461.3, 5461.3, 1, 1, 1, 0
2026/3/2, 01:25:00, 5440.0, 5440.0, 5433.7, 5433.7, 2, 2, 2, 0
2026/3/2, 02:00:00, 5453.9, 5453.9, 5453.9, 5453.9, 1, 1, 0, 1
2026/3/2, 02:05:00, 5445.4, 5445.4, 5445.4, 5445.4, 1, 1, 1, 0
2026/3/2, 02:20:00, 5463.0, 5463.0, 5463.0, 5463.0, 2, 2, 1, 1
2026/3/2, 02:35:00, 5464.2, 5468.7, 5464.2, 5468.7, 4, 4, 0, 4
2026/3/2, 02:40:00, 5474.4, 5478.6, 5473.1, 5478.5, 8, 8, 3, 5
2026/3/2, 02:45:00, 5478.9, 5478.9, 5478.9, 5478.9, 1, 1, 1, 0
2026/3/2, 02:55:00, 5477.5, 5477.5, 5477.5, 5477.5, 1, 1, 0, 1
2026/3/2, 03:00:00, 5477.9, 5477.9, 5477.9, 5477.9, 1, 1, 0, 1
2026/3/2, 03:10:00, 5481.4, 5481.4, 5481.4, 5481.4, 1, 1, 1, 0
2026/3/2, 03:20:00, 5487.7, 5487.7, 5487.4, 5487.4, 4, 4, 4, 0
2026/3/2, 03:25:00, 5483.0, 5483.0, 5483.0, 5483.0, 2, 2, 2, 0
2026/3/2, 03:30:00, 5482.0, 5482.0, 5482.0, 5482.0, 1, 1, 1, 0
2026/3/2, 03:35:00, 5491.7, 5492.6, 5491.7, 5492.4, 4, 4, 1, 3
2026/3/2, 04:00:00, 5492.9, 5492.9, 5492.9, 5492.9, 1, 1, 1, 0
2026/3/2, 04:05:00, 5488.6, 5488.6, 5488.6, 5488.6, 1, 1, 0, 1
2026/3/2, 04:35:00, 5482.0, 5482.0, 5477.2, 5477.2, 6, 5, 6, 0
2026/3/2, 05:15:00, 5473.3, 5473.3, 5470.0, 5470.0, 2, 2, 2, 0
2026/3/2, 06:05:00, 5507.0, 5508.0, 5507.0, 5508.0, 3, 3, 0, 3
2026/3/2, 06:20:00, 5510.1, 5510.1, 5508.6, 5508.6, 2, 2, 1, 1
2026/3/2, 06:45:00, 5517.0, 5517.0, 5517.0, 5517.0, 2, 1, 0, 2
2026/3/2, 06:55:00, 5520.0, 5520.0, 5520.0, 5520.0, 1, 1, 0, 1
2026/3/2, 07:00:00, 5521.0, 5521.0, 5521.0, 5521.0, 2, 1, 0, 2
2026/3/2, 07:05:00, 5520.8, 5532.9, 5520.8, 5532.9, 19, 9, 4, 15
2026/3/2, 07:10:00, 5530.6, 5531.4, 5530.6, 5531.4, 3, 3, 2, 1
2026/3/2, 07:15:00, 5541.4, 5549.3, 5541.2, 5548.3, 15, 11, 12, 3
2026/3/2, 07:20:00, 5550.3, 5550.4, 5548.3, 5548.3, 4, 3, 0, 4
2026/3/2, 07:30:00, 5539.2, 5542.0, 5539.2, 5542.0, 3, 3, 1, 2
2026/3/2, 07:35:00, 5541.9, 5541.9, 5536.5, 5536.5, 2, 2, 0, 2
2026/3/2, 07:40:00, 5535.0, 5535.0, 5535.0, 5535.0, 1, 1, 0, 1
2026/3/2, 08:15:00, 5538.0, 5539.3, 5537.6, 5539.2, 12, 6, 12, 0
2026/3/2, 08:25:00, 5539.2, 5546.9, 5539.2, 5546.9, 4, 4, 2, 2
2026/3/2, 08:40:00, 5530.0, 5530.0, 5530.0, 5530.0, 2, 1, 2, 0
2026/3/2, 08:50:00, 5539.2, 5539.2, 5531.0, 5531.0, 5, 4, 4, 1
2026/3/2, 09:00:00, 5528.6, 5528.6, 5528.6, 5528.6, 2, 1, 0, 2
2026/3/2, 09:10:00, 5522.4, 5527.6, 5522.4, 5527.6, 2, 2, 1, 1
2026/3/2, 09:15:00, 5525.8, 5525.8, 5525.8, 5525.8, 1, 1, 1, 0
2026/3/2, 09:20:00, 5520.4, 5520.4, 5520.0, 5520.0, 4, 3, 4, 0
2026/3/2, 10:00:00, 5516.8, 5516.8, 5516.8, 5516.8, 1, 1, 1, 0
2026/3/2, 10:05:00, 5510.0, 5522.0, 5510.0, 5522.0, 4, 4, 2, 2
2026/3/2, 10:45:00, 5528.4, 5528.4, 5528.4, 5528.4, 1, 1, 1, 0
2026/3/2, 10:55:00, 5512.6, 5512.6, 5512.6, 5512.6, 1, 1, 1, 0
2026/3/2, 11:10:00, 5512.7, 5512.7, 5512.7, 5512.7, 1, 1, 1, 0
2026/3/2, 11:35:00, 5527.6, 5527.6, 5527.4, 5527.4, 2, 2, 2, 0
2026/3/2, 11:45:00, 5520.4, 5520.4, 5507.0, 5516.0, 8, 6, 5, 3
2026/3/2, 11:50:00, 5511.7, 5511.7, 5511.7, 5511.7, 1, 1, 1, 0
2026/3/2, 11:55:00, 5508.7, 5508.7, 5508.7, 5508.7, 2, 1, 2, 0
2026/3/2, 12:05:00, 5522.8, 5523.1, 5519.0, 5519.0, 4, 3, 0, 4
2026/3/2, 12:10:00, 5523.5, 5526.8, 5523.5, 5524.0, 7, 6, 3, 4
2026/3/2, 12:20:00, 5525.0, 5525.0, 5525.0, 5525.0, 1, 1, 0, 1
2026/3/2, 12:30:00, 5525.5, 5526.1, 5525.5, 5526.1, 4, 3, 3, 1
2026/3/2, 12:40:00, 5528.3, 5529.0, 5526.9, 5527.0, 6, 5, 1, 5
2026/3/2, 12:45:00, 5529.7, 5529.7, 5529.7, 5529.7, 1, 1, 0, 1
2026/3/2, 13:00:00, 5527.8, 5534.0, 5524.0, 5533.5, 7, 6, 4, 3
2026/3/2, 13:05:00, 5538.0, 5541.3, 5537.7, 5541.3, 6, 6, 2, 4
2026/3/2, 13:15:00, 5514.9, 5514.9, 5514.9, 5514.9, 1, 1, 0, 1
2026/3/2, 13:20:00, 5530.3, 5537.2, 5530.3, 5537.1, 3, 3, 3, 0
2026/3/2, 13:30:00, 5539.9, 5539.9, 5539.9, 5539.9, 1, 1, 0, 1
2026/3/2, 13:40:00, 5540.0, 5540.0, 5540.0, 5540.0, 1, 1, 0, 1
2026/3/2, 14:10:00, 5498.3, 5498.3, 5498.3, 5498.3, 4, 2, 4, 0
2026/3/2, 14:15:00, 5500.4, 5500.4, 5500.4, 5500.4, 1, 1, 1, 0
2026/3/2, 14:20:00, 5480.0, 5481.0, 5480.0, 5481.0, 3, 3, 3, 0
2026/3/2, 14:25:00, 5470.0, 5470.0, 5440.0, 5440.0, 5, 5, 5, 0
2026/3/2, 14:30:00, 5470.0, 5470.0, 5454.0, 5454.0, 2, 2, 1, 1
2026/3/2, 14:35:00, 5455.0, 5480.7, 5455.0, 5480.7, 10, 9, 1, 9
2026/3/2, 14:40:00, 5480.7, 5484.8, 5480.0, 5484.8, 4, 4, 1, 3
2026/3/2, 14:45:00, 5473.7, 5473.7, 5473.7, 5473.7, 1, 1, 0, 1
2026/3/2, 14:50:00, 5465.7, 5465.7, 5465.7, 5465.7, 2, 1, 2, 0
2026/3/2, 15:00:00, 5455.0, 5458.7, 5455.0, 5458.7, 3, 3, 0, 3
2026/3/2, 15:05:00, 5460.0, 5460.0, 5460.0, 5460.0, 1, 1, 1, 0
2026/3/2, 15:15:00, 5460.0, 5460.0, 5449.3, 5449.3, 6, 6, 6, 0
2026/3/2, 15:25:00, 5465.8, 5465.8, 5460.2, 5460.2, 2, 2, 1, 1
2026/3/2, 15:45:00, 5463.6, 5463.6, 5463.6, 5463.6, 1, 1, 0, 1
2026/3/2, 15:55:00, 5453.9, 5453.9, 5438.9, 5443.5, 8, 7, 5, 3
2026/3/2, 16:00:00, 5436.2, 5436.2, 5403.0, 5407.1, 13, 13, 6, 7
2026/3/2, 16:05:00, 5416.0, 5417.5, 5416.0, 5417.5, 2, 2, 1, 1
2026/3/2, 16:25:00, 5441.0, 5441.0, 5441.0, 5441.0, 1, 1, 1, 0
2026/3/2, 16:30:00, 5438.1, 5438.1, 5438.1, 5438.1, 1, 1, 0, 1
2026/3/2, 16:55:00, 5420.0, 5420.0, 5420.0, 5420.0, 1, 1, 1, 0
2026/3/2, 17:25:00, 5440.1, 5440.1, 5440.1, 5440.1, 1, 1, 0, 1
2026/3/2, 17:35:00, 5446.6, 5446.6, 5446.6, 5446.6, 1, 1, 0, 1
2026/3/2, 17:40:00, 5436.7, 5436.7, 5436.7, 5436.7, 1, 1, 1, 0
2026/3/2, 18:45:00, 5438.1, 5441.3, 5438.1, 5441.2, 5, 5, 1, 4
2026/3/2, 18:50:00, 5441.5, 5445.5, 5441.5, 5445.5, 7, 4, 3, 4
2026/3/2, 19:00:00, 5447.0, 5449.1, 5447.0, 5449.1, 4, 3, 2, 2
2026/3/2, 19:05:00, 5456.6, 5458.1, 5454.2, 5454.2, 10, 6, 5, 5
2026/3/2, 19:55:00, 5460.0, 5460.0, 5460.0, 5460.0, 1, 1, 0, 1
2026/3/2, 20:05:00, 5468.0, 5468.0, 5468.0, 5468.0, 4, 2, 0, 4
2026/3/2, 20:15:00, 5465.0, 5465.0, 5464.0, 5464.0, 2, 2, 2, 0
2026/3/2, 20:25:00, 5468.2, 5468.2, 5462.0, 5462.0, 4, 3, 2, 2
2026/3/2, 20:35:00, 5472.1, 5474.3, 5472.1, 5473.5, 9, 5, 5, 4
2026/3/2, 21:05:00, 5467.1, 5467.2, 5467.1, 5467.2, 2, 2, 2, 0
2026/3/2, 21:10:00, 5466.5, 5466.8, 5465.9, 5465.9, 3, 3, 3, 0
2026/3/2, 21:15:00, 5467.2, 5467.5, 5467.1, 5467.5, 3, 3, 3, 0
2026/3/2, 21:35:00, 5459.1, 5459.1, 5459.1, 5459.1, 1, 1, 0, 1
2026/3/2, 21:50:00, 5457.1, 5457.1, 5457.1, 5457.1, 1, 1, 1, 0
2026/3/2, 23:00:00, 5473.4, 5473.4, 5473.3, 5473.3, 2, 2, 2, 0
2026/3/2, 23:50:00, 5472.2, 5472.2, 5472.2, 5472.2, 1, 1, 1, 0
2026/3/3, 00:00:00, 5471.3, 5471.3, 5471.3, 5471.3, 1, 1, 0, 1
2026/3/3, 00:15:00, 5480.0, 5485.6, 5479.6, 5485.6, 3, 3, 0, 3
2026/3/3, 00:25:00, 5486.9, 5486.9, 5486.9, 5486.9, 1, 1, 1, 0
2026/3/3, 00:30:00, 5490.4, 5490.4, 5490.4, 5490.4, 1, 1, 1, 0
2026/3/3, 00:50:00, 5481.0, 5481.0, 5481.0, 5481.0, 1, 1, 0, 1
2026/3/3, 01:20:00, 5505.3, 5505.3, 5505.3, 5505.3, 1, 1, 0, 1
2026/3/3, 01:45:00, 5481.1, 5481.1, 5481.0, 5481.0, 2, 2, 2, 0
2026/3/3, 02:05:00, 5472.7, 5479.0, 5471.2, 5479.0, 4, 4, 3, 1
2026/3/3, 02:10:00, 5479.8, 5479.8, 5479.8, 5479.8, 1, 1, 0, 1
2026/3/3, 02:35:00, 5491.8, 5493.5, 5491.8, 5492.9, 3, 3, 1, 2
2026/3/3, 02:45:00, 5494.2, 5494.9, 5494.2, 5494.9, 3, 3, 2, 1
2026/3/3, 02:50:00, 5493.0, 5494.9, 5493.0, 5494.9, 2, 2, 0, 2
2026/3/3, 02:55:00, 5495.5, 5496.4, 5495.5, 5496.4, 4, 4, 4, 0
2026/3/3, 03:00:00, 5497.7, 5500.0, 5497.7, 5499.8, 4, 4, 2, 2
2026/3/3, 04:20:00, 5499.4, 5501.2, 5499.4, 5501.2, 2, 2, 1, 1
2026/3/3, 04:45:00, 5495.0, 5495.0, 5495.0, 5495.0, 1, 1, 1, 0
2026/3/3, 04:55:00, 5494.9, 5494.9, 5494.9, 5494.9, 2, 1, 0, 2
2026/3/3, 05:05:00, 5494.6, 5494.6, 5494.2, 5494.2, 4, 3, 3, 1
2026/3/3, 05:25:00, 5490.6, 5490.6, 5490.4, 5490.4, 5, 3, 5, 0
2026/3/3, 05:30:00, 5478.0, 5478.0, 5478.0, 5478.0, 1, 1, 1, 0
2026/3/3, 05:35:00, 5468.9, 5468.9, 5468.9, 5468.9, 4, 3, 4, 0
2026/3/3, 05:45:00, 5475.7, 5475.7, 5466.1, 5466.1, 6, 3, 4, 2
2026/3/3, 05:50:00, 5440.7, 5441.5, 5440.7, 5441.5, 5, 5, 0, 5
2026/3/3, 05:55:00, 5434.0, 5440.7, 5434.0, 5440.7, 2, 2, 1, 1
2026/3/3, 06:05:00, 5444.9, 5444.9, 5444.9, 5444.9, 1, 1, 0, 1
2026/3/3, 06:10:00, 5418.0, 5418.0, 5410.0, 5410.0, 2, 2, 2, 0
2026/3/3, 06:35:00, 5424.1, 5425.5, 5424.1, 5425.5, 5, 4, 5, 0
2026/3/3, 06:50:00, 5425.5, 5425.5, 5421.9, 5421.9, 5, 3, 5, 0
2026/3/3, 06:55:00, 5431.5, 5431.7, 5431.5, 5431.7, 3, 2, 0, 3
2026/3/3, 07:00:00, 5436.9, 5436.9, 5436.9, 5436.9, 1, 1, 0, 1
2026/3/3, 07:30:00, 5441.5, 5441.5, 5441.3, 5441.3, 3, 3, 3, 0
2026/3/3, 07:35:00, 5452.7, 5452.7, 5452.7, 5452.7, 1, 1, 1, 0
2026/3/3, 07:45:00, 5455.5, 5455.5, 5455.5, 5455.5, 1, 1, 1, 0
2026/3/3, 07:50:00, 5457.1, 5457.4, 5457.1, 5457.4, 2, 2, 0, 2
2026/3/3, 07:55:00, 5455.7, 5455.7, 5455.7, 5455.7, 1, 1, 1, 0
2026/3/3, 08:05:00, 5461.9, 5462.8, 5461.7, 5462.8, 6, 3, 5, 1
2026/3/3, 08:15:00, 5446.4, 5446.4, 5446.4, 5446.4, 3, 1, 3, 0
2026/3/3, 08:25:00, 5444.7, 5444.7, 5444.7, 5444.7, 1, 1, 1, 0
2026/3/3, 08:30:00, 5438.3, 5438.6, 5435.0, 5435.0, 6, 4, 0, 6
2026/3/3, 08:40:00, 5429.5, 5429.5, 5429.5, 5429.5, 1, 1, 0, 1
2026/3/3, 09:15:00, 5425.3, 5425.3, 5424.8, 5424.8, 2, 2, 1, 1
2026/3/3, 09:20:00, 5417.3, 5417.3, 5417.3, 5417.3, 1, 1, 1, 0
2026/3/3, 09:25:00, 5379.4, 5379.4, 5355.4, 5368.8, 21, 13, 7, 14
2026/3/3, 09:30:00, 5390.0, 5390.0, 5390.0, 5390.0, 1, 1, 0, 1
2026/3/3, 09:35:00, 5392.0, 5392.0, 5392.0, 5392.0, 1, 1, 1, 0
2026/3/3, 09:45:00, 5387.0, 5387.0, 5387.0, 5387.0, 1, 1, 0, 1
2026/3/3, 09:50:00, 5396.0, 5396.0, 5396.0, 5396.0, 1, 1, 1, 0
2026/3/3, 10:00:00, 5396.7, 5396.7, 5396.7, 5396.7, 1, 1, 1, 0
2026/3/3, 10:30:00, 5399.0, 5399.0, 5399.0, 5399.0, 1, 1, 1, 0
2026/3/3, 10:35:00, 5395.4, 5395.4, 5375.0, 5375.0, 7, 6, 4, 3
2026/3/3, 10:40:00, 5386.9, 5387.4, 5386.9, 5387.4, 2, 2, 2, 0
2026/3/3, 11:00:00, 5386.8, 5386.8, 5386.8, 5386.8, 1, 1, 0, 1
2026/3/3, 11:05:00, 5375.1, 5375.1, 5288.0, 5292.2, 5, 5, 2, 3
2026/3/3, 11:10:00, 5294.4, 5331.0, 5294.4, 5327.9, 12, 9, 2, 10
2026/3/3, 11:15:00, 5318.6, 5325.5, 5318.6, 5325.5, 2, 2, 1, 1
2026/3/3, 11:25:00, 5276.7, 5276.7, 5265.0, 5265.0, 3, 2, 3, 0
2026/3/3, 11:30:00, 5257.2, 5257.2, 5196.0, 5204.6, 21, 16, 8, 13
2026/3/3, 11:35:00, 5242.0, 5259.8, 5242.0, 5259.8, 22, 13, 2, 20
2026/3/3, 11:45:00, 5249.4, 5269.7, 5249.4, 5265.0, 12, 12, 6, 6
2026/3/3, 11:50:00, 5265.5, 5273.5, 5264.3, 5272.3, 22, 18, 2, 20
2026/3/3, 11:55:00, 5275.7, 5275.7, 5270.9, 5270.9, 9, 6, 5, 4
2026/3/3, 12:00:00, 5263.1, 5268.0, 5263.1, 5268.0, 3, 3, 1, 2
2026/3/3, 12:10:00, 5310.0, 5310.0, 5310.0, 5310.0, 1, 1, 0, 1
2026/3/3, 12:15:00, 5314.4, 5314.4, 5314.4, 5314.4, 1, 1, 1, 0
2026/3/3, 12:30:00, 5332.0, 5332.0, 5312.1, 5323.4, 5, 5, 4, 1
2026/3/3, 12:35:00, 5319.5, 5329.0, 5319.5, 5325.0, 4, 4, 1, 3
2026/3/3, 12:40:00, 5334.2, 5334.2, 5325.9, 5326.0, 5, 5, 1, 4
2026/3/3, 12:55:00, 5343.4, 5345.6, 5343.3, 5345.6, 3, 3, 2, 1
2026/3/3, 13:00:00, 5318.6, 5318.6, 5318.6, 5318.6, 1, 1, 0, 1
2026/3/3, 13:05:00, 5288.0, 5288.0, 5278.0, 5279.4, 4, 4, 2, 2
2026/3/3, 13:10:00, 5285.3, 5298.3, 5280.9, 5280.9, 6, 6, 3, 3
2026/3/3, 13:15:00, 5288.9, 5292.2, 5288.9, 5292.2, 14, 7, 1, 13
2026/3/3, 13:20:00, 5298.6, 5299.7, 5286.0, 5288.1, 15, 14, 8, 7
2026/3/3, 13:40:00, 5274.7, 5274.7, 5270.5, 5270.5, 5, 4, 4, 1
2026/3/3, 13:50:00, 5258.8, 5264.9, 5255.7, 5264.9, 3, 3, 1, 2
2026/3/3, 13:55:00, 5262.6, 5277.8, 5262.6, 5277.8, 3, 3, 1, 2
2026/3/3, 14:00:00, 5280.6, 5280.6, 5277.0, 5277.0, 4, 4, 1, 3
2026/3/3, 14:05:00, 5287.7, 5294.2, 5287.7, 5294.2, 3, 3, 0, 3
2026/3/3, 14:15:00, 5277.7, 5277.7, 5273.5, 5273.5, 4, 4, 2, 2
2026/3/3, 14:20:00, 5262.3, 5262.3, 5253.1, 5253.1, 2, 2, 0, 2
2026/3/3, 14:25:00, 5257.2, 5257.2, 5257.2, 5257.2, 2, 1, 0, 2
2026/3/3, 14:30:00, 5241.6, 5241.6, 5241.6, 5241.6, 1, 1, 1, 0
2026/3/3, 14:35:00, 5230.0, 5230.0, 5225.0, 5225.0, 2, 2, 2, 0
2026/3/3, 14:40:00, 5225.7, 5225.7, 5192.0, 5192.0, 7, 7, 6, 1
2026/3/3, 14:45:00, 5173.3, 5192.7, 5173.3, 5192.7, 12, 7, 2, 10
2026/3/3, 14:50:00, 5170.0, 5170.0, 5133.3, 5166.0, 19, 14, 10, 9
2026/3/3, 14:55:00, 5170.8, 5182.9, 5166.8, 5166.8, 7, 6, 6, 1
2026/3/3, 15:00:00, 5176.5, 5176.5, 5151.1, 5151.1, 2, 2, 2, 0
2026/3/3, 15:05:00, 5148.8, 5148.8, 5148.8, 5148.8, 1, 1, 0, 1
2026/3/3, 15:10:00, 5164.5, 5164.5, 5153.5, 5154.4, 11, 8, 1, 10
2026/3/3, 15:15:00, 5161.0, 5161.0, 5120.0, 5130.2, 7, 7, 6, 1
2026/3/3, 15:20:00, 5166.0, 5166.0, 5166.0, 5166.0, 1, 1, 0, 1
2026/3/3, 15:25:00, 5172.9, 5172.9, 5164.0, 5164.0, 3, 3, 1, 2
2026/3/3, 15:30:00, 5170.0, 5180.0, 5170.0, 5179.2, 6, 3, 0, 6
2026/3/3, 15:35:00, 5177.1, 5189.9, 5177.1, 5185.3, 8, 7, 6, 2
2026/3/3, 15:40:00, 5188.5, 5188.5, 5188.2, 5188.2, 2, 2, 2, 0
2026/3/3, 15:55:00, 5202.1, 5216.2, 5202.1, 5216.2, 12, 6, 11, 1
2026/3/3, 16:00:00, 5212.1, 5230.9, 5212.1, 5230.9, 7, 6, 2, 5
2026/3/3, 16:05:00, 5229.8, 5238.5, 5229.8, 5233.4, 4, 4, 2, 2
2026/3/3, 16:20:00, 5243.0, 5243.0, 5243.0, 5243.0, 1, 1, 0, 1
2026/3/3, 16:30:00, 5235.3, 5235.3, 5230.1, 5230.1, 2, 2, 2, 0
2026/3/3, 16:35:00, 5250.0, 5250.0, 5249.4, 5249.4, 2, 2, 1, 1
2026/3/3, 16:45:00, 5233.4, 5235.9, 5233.4, 5235.9, 3, 2, 2, 1
2026/3/3, 16:50:00, 5229.0, 5229.0, 5228.8, 5228.8, 3, 3, 3, 0
2026/3/3, 16:55:00, 5224.4, 5229.8, 5219.1, 5229.8, 3, 3, 2, 1
2026/3/3, 17:00:00, 5214.9, 5214.9, 5214.9, 5214.9, 1, 1, 1, 0
2026/3/3, 17:10:00, 5212.5, 5212.5, 5212.5, 5212.5, 1, 1, 1, 0
2026/3/3, 17:20:00, 5216.0, 5216.0, 5216.0, 5216.0, 1, 1, 1, 0
2026/3/3, 17:25:00, 5213.2, 5213.2, 5213.2, 5213.2, 1, 1, 1, 0
2026/3/3, 18:00:00, 5203.6, 5206.9, 5203.6, 5206.9, 2, 2, 1, 1
2026/3/3, 18:15:00, 5224.4, 5224.4, 5224.4, 5224.4, 1, 1, 0, 1
2026/3/3, 18:30:00, 5235.4, 5235.4, 5235.4, 5235.4, 1, 1, 0, 1
2026/3/3, 18:35:00, 5241.9, 5247.4, 5241.9, 5247.4, 3, 3, 1, 2
2026/3/3, 18:55:00, 5257.0, 5257.0, 5257.0, 5257.0, 2, 2, 2, 0
2026/3/3, 19:00:00, 5268.4, 5268.4, 5268.4, 5268.4, 2, 1, 0, 2
2026/3/3, 19:15:00, 5225.1, 5225.1, 5225.1, 5225.1, 2, 1, 0, 2
2026/3/3, 19:20:00, 5238.6, 5238.6, 5238.6, 5238.6, 1, 1, 0, 1
2026/3/3, 20:00:00, 5245.5, 5245.5, 5245.5, 5245.5, 1, 1, 0, 1
2026/3/3, 20:10:00, 5242.2, 5242.2, 5242.2, 5242.2, 1, 1, 1, 0
2026/3/3, 20:15:00, 5241.3, 5241.3, 5241.3, 5241.3, 1, 1, 1, 0
2026/3/3, 20:20:00, 5248.0, 5248.0, 5248.0, 5248.0, 1, 1, 1, 0
2026/3/3, 20:45:00, 5234.5, 5234.5, 5234.5, 5234.5, 1, 1, 0, 1
2026/3/3, 21:00:00, 5224.9, 5224.9, 5224.9, 5224.9, 1, 1, 0, 1
2026/3/3, 21:05:00, 5230.1, 5231.3, 5229.6, 5229.6, 3, 3, 1, 2
2026/3/3, 23:15:00, 5242.3, 5242.3, 5242.3, 5242.3, 1, 1, 0, 1
2026/3/3, 23:20:00, 5240.7, 5240.8, 5240.7, 5240.8, 2, 2, 0, 2
2026/3/3, 23:25:00, 5240.9, 5240.9, 5240.7, 5240.7, 4, 3, 4, 0
2026/3/3, 23:35:00, 5246.5, 5246.5, 5246.5, 5246.5, 1, 1, 1, 0
2026/3/3, 23:45:00, 5249.9, 5250.0, 5249.9, 5250.0, 2, 2, 0, 2
2026/3/4, 00:15:00, 5235.7, 5235.7, 5235.7, 5235.7, 1, 1, 1, 0
2026/3/4, 00:30:00, 5250.0, 5250.0, 5250.0, 5250.0, 1, 1, 0, 1
2026/3/4, 00:40:00, 5254.5, 5254.5, 5254.5, 5254.5, 1, 1, 0, 1
2026/3/4, 00:45:00, 5258.1, 5258.1, 5257.9, 5257.9, 3, 2, 3, 0
2026/3/4, 01:00:00, 5277.5, 5277.5, 5277.5, 5277.5, 1, 1, 0, 1
2026/3/4, 01:25:00, 5272.4, 5272.4, 5272.3, 5272.3, 2, 2, 2, 0
2026/3/4, 01:30:00, 5265.1, 5265.1, 5265.1, 5265.1, 2, 1, 0, 2
2026/3/4, 02:00:00, 5296.4, 5296.4, 5295.7, 5295.7, 2, 2, 0, 2
2026/3/4, 02:05:00, 5297.6, 5297.6, 5297.6, 5297.6, 2, 2, 0, 2
2026/3/4, 02:10:00, 5307.0, 5307.0, 5307.0, 5307.0, 1, 1, 0, 1
2026/3/4, 02:25:00, 5298.3, 5298.3, 5298.3, 5298.3, 1, 1, 0, 1
2026/3/4, 02:45:00, 5293.5, 5293.5, 5293.1, 5293.1, 5, 5, 5, 0
2026/3/4, 02:55:00, 5286.0, 5286.0, 5285.8, 5285.8, 5, 3, 5, 0
2026/3/4, 03:20:00, 5285.8, 5285.8, 5285.8, 5285.8, 1, 1, 0, 1
2026/3/4, 04:20:00, 5285.8, 5285.8, 5285.8, 5285.8, 1, 1, 1, 0
2026/3/4, 04:25:00, 5290.0, 5290.0, 5290.0, 5290.0, 1, 1, 1, 0
2026/3/4, 04:40:00, 5279.5, 5280.1, 5279.4, 5280.1, 7, 7, 6, 1
2026/3/4, 06:05:00, 5242.6, 5250.0, 5242.6, 5250.0, 14, 6, 4, 10
2026/3/4, 06:20:00, 5264.3, 5264.3, 5249.9, 5258.7, 13, 13, 3, 10
2026/3/4, 06:25:00, 5260.0, 5260.0, 5259.4, 5259.4, 2, 2, 1, 1
2026/3/4, 06:35:00, 5275.5, 5275.5, 5275.5, 5275.5, 1, 1, 1, 0
2026/3/4, 07:00:00, 5288.0, 5288.0, 5288.0, 5288.0, 1, 1, 1, 0
2026/3/4, 07:35:00, 5290.0, 5290.0, 5290.0, 5290.0, 2, 1, 2, 0
2026/3/4, 07:40:00, 5288.2, 5288.2, 5288.2, 5288.2, 1, 1, 1, 0
2026/3/4, 07:50:00, 5294.5, 5294.5, 5294.5, 5294.5, 1, 1, 0, 1
2026/3/4, 08:00:00, 5290.0, 5290.0, 5279.0, 5279.0, 2, 2, 2, 0
2026/3/4, 08:10:00, 5272.0, 5272.0, 5272.0, 5272.0, 2, 2, 0, 2
2026/3/4, 08:30:00, 5290.0, 5290.0, 5290.0, 5290.0, 1, 1, 0, 1
2026/3/4, 08:35:00, 5293.0, 5293.0, 5293.0, 5293.0, 1, 1, 0, 1
2026/3/4, 08:40:00, 5295.0, 5298.8, 5295.0, 5298.8, 3, 3, 0, 3
2026/3/4, 08:45:00, 5299.3, 5300.1, 5298.4, 5300.1, 4, 4, 1, 3
2026/3/4, 09:40:00, 5306.3, 5306.3, 5306.3, 5306.3, 1, 1, 0, 1
2026/3/4, 09:45:00, 5306.5, 5306.5, 5306.5, 5306.5, 1, 1, 1, 0
2026/3/4, 10:00:00, 5309.0, 5309.0, 5309.0, 5309.0, 1, 1, 1, 0
2026/3/4, 10:05:00, 5317.1, 5317.6, 5317.1, 5317.6, 6, 5, 0, 6
2026/3/4, 10:10:00, 5320.0, 5320.2, 5320.0, 5320.2, 5, 3, 0, 5
2026/3/4, 10:15:00, 5321.6, 5321.6, 5317.3, 5317.3, 2, 2, 1, 1
2026/3/4, 10:20:00, 5315.0, 5315.0, 5315.0, 5315.0, 2, 2, 1, 1
2026/3/4, 10:40:00, 5314.9, 5315.0, 5314.9, 5315.0, 4, 2, 2, 2
2026/3/4, 10:55:00, 5314.4, 5316.7, 5314.4, 5316.7, 6, 5, 1, 5
2026/3/4, 11:00:00, 5317.0, 5317.0, 5317.0, 5317.0, 1, 1, 0, 1
2026/3/4, 11:40:00, 5315.0, 5315.0, 5315.0, 5315.0, 2, 2, 2, 0
2026/3/4, 11:50:00, 5311.6, 5311.6, 5311.6, 5311.6, 1, 1, 1, 0
2026/3/4, 12:00:00, 5325.8, 5325.8, 5325.6, 5325.6, 5, 3, 5, 0
2026/3/4, 12:15:00, 5308.0, 5308.0, 5308.0, 5308.0, 4, 2, 4, 0
2026/3/4, 12:25:00, 5303.6, 5303.6, 5299.7, 5299.7, 6, 5, 3, 3
2026/3/4, 12:45:00, 5288.9, 5288.9, 5288.9, 5288.9, 1, 1, 0, 1
2026/3/4, 12:55:00, 5289.0, 5289.0, 5285.0, 5285.0, 2, 2, 2, 0
2026/3/4, 13:00:00, 5301.0, 5301.0, 5301.0, 5301.0, 1, 1, 0, 1
2026/3/4, 13:20:00, 5305.4, 5305.4, 5305.4, 5305.4, 1, 1, 1, 0
2026/3/4, 13:30:00, 5311.4, 5311.4, 5311.4, 5311.4, 1, 1, 1, 0
2026/3/4, 13:45:00, 5313.5, 5313.5, 5313.5, 5313.5, 1, 1, 0, 1
2026/3/4, 14:25:00, 5287.9, 5288.1, 5287.0, 5288.0, 7, 5, 1, 6
2026/3/4, 14:30:00, 5303.0, 5303.0, 5303.0, 5303.0, 1, 1, 1, 0
2026/3/4, 14:35:00, 5297.5, 5297.5, 5297.5, 5297.5, 1, 1, 1, 0
2026/3/4, 14:45:00, 5297.0, 5297.0, 5273.1, 5273.1, 8, 6, 1, 7
2026/3/4, 14:50:00, 5273.1, 5273.1, 5266.8, 5272.2, 3, 3, 2, 1
2026/3/4, 14:55:00, 5268.0, 5268.5, 5268.0, 5268.4, 6, 4, 3, 3
2026/3/4, 15:05:00, 5266.9, 5266.9, 5266.9, 5266.9, 1, 1, 1, 0
2026/3/4, 15:10:00, 5263.0, 5263.0, 5258.0, 5258.0, 4, 3, 4, 0
2026/3/4, 15:15:00, 5259.1, 5260.5, 5257.2, 5260.4, 5, 5, 4, 1
2026/3/4, 15:20:00, 5268.0, 5268.0, 5268.0, 5268.0, 1, 1, 0, 1
2026/3/4, 15:30:00, 5282.0, 5282.0, 5282.0, 5282.0, 1, 1, 0, 1
2026/3/4, 15:35:00, 5278.3, 5278.3, 5278.3, 5278.3, 1, 1, 1, 0
2026/3/4, 15:40:00, 5274.3, 5274.3, 5274.3, 5274.3, 1, 1, 0, 1
2026/3/4, 15:45:00, 5263.0, 5263.0, 5263.0, 5263.0, 1, 1, 1, 0
2026/3/4, 16:00:00, 5281.2, 5281.2, 5281.2, 5281.2, 1, 1, 0, 1
2026/3/4, 16:10:00, 5266.0, 5266.0, 5266.0, 5266.0, 1, 1, 1, 0
2026/3/4, 16:25:00, 5273.1, 5273.1, 5273.1, 5273.1, 1, 1, 1, 0
2026/3/4, 16:30:00, 5266.4, 5273.9, 5266.4, 5273.9, 2, 2, 1, 1
2026/3/4, 18:15:00, 5242.0, 5242.0, 5242.0, 5242.0, 1, 1, 1, 0
2026/3/4, 18:20:00, 5242.1, 5242.4, 5242.1, 5242.4, 5, 4, 0, 5
2026/3/4, 18:45:00, 5251.0, 5253.1, 5251.0, 5253.1, 2, 2, 1, 1
2026/3/4, 19:45:00, 5257.2, 5257.2, 5256.9, 5256.9, 5, 4, 5, 0
2026/3/4, 19:50:00, 5260.1, 5260.1, 5260.1, 5260.1, 1, 1, 0, 1
2026/3/4, 20:25:00, 5260.9, 5260.9, 5260.8, 5260.8, 5, 2, 5, 0
2026/3/4, 20:30:00, 5262.0, 5262.0, 5262.0, 5262.0, 1, 1, 0, 1
2026/3/4, 23:15:00, 5271.2, 5271.2, 5271.2, 5271.2, 1, 1, 1, 0
2026/3/5, 00:00:00, 5289.3, 5289.3, 5289.3, 5289.3, 1, 1, 0, 1
2026/3/5, 00:15:00, 5297.0, 5297.0, 5297.0, 5297.0, 1, 1, 0, 1
2026/3/5, 00:40:00, 5300.0, 5300.0, 5300.0, 5300.0, 1, 1, 1, 0
2026/3/5, 01:15:00, 5305.1, 5305.1, 5305.1, 5305.1, 1, 1, 1, 0
2026/3/5, 01:20:00, 5299.5, 5302.0, 5299.5, 5302.0, 2, 2, 0, 2
2026/3/5, 01:30:00, 5297.1, 5297.1, 5297.1, 5297.1, 1, 1, 0, 1
2026/3/5, 01:40:00, 5295.9, 5295.9, 5295.9, 5295.9, 1, 1, 0, 1
2026/3/5, 01:55:00, 5292.6, 5292.6, 5292.6, 5292.6, 1, 1, 0, 1
2026/3/5, 02:00:00, 5299.9, 5299.9, 5299.8, 5299.8, 2, 2, 0, 2
2026/3/5, 02:05:00, 5300.0, 5302.8, 5300.0, 5302.0, 5, 5, 3, 2
2026/3/5, 03:00:00, 5314.4, 5315.1, 5314.2, 5315.1, 7, 7, 6, 1
2026/3/5, 04:45:00, 5292.9, 5292.9, 5291.9, 5292.9, 7, 7, 5, 2
2026/3/5, 05:50:00, 5280.0, 5281.1, 5280.0, 5281.1, 3, 3, 2, 1
2026/3/5, 05:55:00, 5281.4, 5281.4, 5281.4, 5281.4, 1, 1, 0, 1
2026/3/5, 08:15:00, 5264.8, 5264.8, 5263.9, 5264.0, 7, 7, 4, 3
2026/3/5, 08:30:00, 5274.0, 5274.0, 5274.0, 5274.0, 1, 1, 0, 1
2026/3/5, 09:10:00, 5300.0, 5300.0, 5300.0, 5300.0, 1, 1, 1, 0
2026/3/5, 12:05:00, 5292.5, 5293.2, 5292.3, 5293.2, 8, 5, 5, 3
2026/3/5, 12:10:00, 5293.8, 5293.8, 5293.8, 5293.8, 1, 1, 1, 0
2026/3/5, 12:15:00, 5292.8, 5292.8, 5292.8, 5292.8, 1, 1, 0, 1
2026/3/5, 13:15:00, 5260.7, 5260.7, 5252.2, 5256.7, 7, 7, 4, 3
2026/3/5, 13:20:00, 5252.0, 5252.0, 5206.6, 5206.6, 13, 13, 9, 4
2026/3/5, 13:25:00, 5244.3, 5246.0, 5240.4, 5242.4, 4, 4, 1, 3
2026/3/5, 13:30:00, 5238.3, 5238.3, 5238.3, 5238.3, 1, 1, 0, 1
2026/3/5, 14:15:00, 5226.0, 5226.0, 5226.0, 5226.0, 1, 1, 1, 0
2026/3/5, 14:20:00, 5224.2, 5224.2, 5224.2, 5224.2, 1, 1, 1, 0
2026/3/5, 14:35:00, 5227.6, 5227.6, 5212.0, 5212.0, 4, 4, 3, 1
2026/3/5, 14:40:00, 5220.1, 5220.3, 5211.8, 5215.7, 12, 8, 1, 11
2026/3/5, 14:45:00, 5214.9, 5214.9, 5214.9, 5214.9, 1, 1, 1, 0
2026/3/5, 14:50:00, 5220.0, 5224.0, 5220.0, 5224.0, 2, 2, 1, 1
2026/3/5, 15:05:00, 5219.0, 5219.0, 5183.7, 5190.8, 14, 14, 11, 3
2026/3/5, 15:10:00, 5184.7, 5195.3, 5184.7, 5195.3, 12, 8, 1, 11
2026/3/5, 15:25:00, 5197.6, 5197.6, 5197.6, 5197.6, 1, 1, 1, 0
2026/3/5, 15:30:00, 5209.4, 5209.4, 5209.4, 5209.4, 1, 1, 0, 1
2026/3/5, 15:40:00, 5200.5, 5200.5, 5200.5, 5200.5, 1, 1, 1, 0
2026/3/5, 15:45:00, 5209.2, 5209.2, 5209.2, 5209.2, 1, 1, 0, 1
2026/3/5, 15:50:00, 5208.5, 5214.4, 5208.5, 5212.9, 3, 3, 1, 2
2026/3/5, 16:05:00, 5200.0, 5200.0, 5196.6, 5196.6, 5, 2, 5, 0
2026/3/5, 16:20:00, 5191.9, 5191.9, 5186.3, 5186.3, 4, 4, 4, 0
2026/3/5, 16:25:00, 5184.5, 5184.5, 5184.5, 5184.5, 1, 1, 0, 1
2026/3/5, 16:30:00, 5175.0, 5184.5, 5175.0, 5184.5, 2, 2, 2, 0
2026/3/5, 17:00:00, 5200.8, 5200.8, 5200.8, 5200.8, 1, 1, 0, 1
2026/3/5, 17:10:00, 5206.7, 5209.6, 5206.7, 5209.6, 2, 2, 1, 1
2026/3/5, 17:15:00, 5203.1, 5203.1, 5203.1, 5203.1, 1, 1, 0, 1
2026/3/5, 17:25:00, 5197.6, 5197.6, 5197.6, 5197.6, 1, 1, 1, 0
2026/3/5, 17:35:00, 5182.4, 5182.4, 5182.4, 5182.4, 1, 1, 1, 0
2026/3/5, 17:40:00, 5183.6, 5183.6, 5183.6, 5183.6, 1, 1, 1, 0
2026/3/5, 18:10:00, 5192.9, 5192.9, 5192.0, 5192.0, 2, 2, 0, 2
2026/3/5, 18:15:00, 5192.9, 5192.9, 5192.9, 5192.9, 1, 1, 1, 0
2026/3/5, 18:20:00, 5187.0, 5187.0, 5187.0, 5187.0, 1, 1, 1, 0
2026/3/5, 18:25:00, 5183.4, 5183.4, 5183.4, 5183.4, 1, 1, 1, 0
2026/3/5, 18:40:00, 5203.1, 5203.1, 5203.1, 5203.1, 1, 1, 1, 0
2026/3/5, 18:50:00, 5193.2, 5193.2, 5193.2, 5193.2, 1, 1, 1, 0
2026/3/5, 21:15:00, 5197.6, 5197.6, 5197.6, 5197.6, 1, 1, 1, 0
2026/3/5, 23:40:00, 5219.7, 5219.7, 5219.7, 5219.7, 1, 1, 0, 1
2026/3/6, 00:40:00, 5203.3, 5203.3, 5203.3, 5203.3, 1, 1, 1, 0
2026/3/6, 00:45:00, 5205.8, 5205.8, 5205.8, 5205.8, 1, 1, 1, 0
2026/3/6, 01:00:00, 5193.7, 5193.7, 5193.7, 5193.7, 1, 1, 1, 0
2026/3/6, 01:10:00, 5193.0, 5193.0, 5193.0, 5193.0, 1, 1, 1, 0
2026/3/6, 01:15:00, 5197.8, 5197.8, 5197.8, 5197.8, 1, 1, 1, 0
2026/3/6, 01:40:00, 5240.0, 5240.0, 5240.0, 5240.0, 10, 2, 0, 10
2026/3/6, 02:00:00, 5257.4, 5258.2, 5254.7, 5254.7, 11, 11, 6, 5
2026/3/6, 02:10:00, 5251.1, 5254.4, 5251.0, 5254.4, 3, 3, 2, 1
2026/3/6, 02:15:00, 5250.8, 5250.8, 5250.8, 5250.8, 1, 1, 1, 0
2026/3/6, 02:25:00, 5248.7, 5248.7, 5248.7, 5248.7, 1, 1, 1, 0
2026/3/6, 02:45:00, 5243.6, 5243.6, 5243.6, 5243.6, 1, 1, 0, 1
2026/3/6, 03:30:00, 5256.8, 5256.8, 5256.8, 5256.8, 1, 1, 1, 0
2026/3/6, 05:15:00, 5247.3, 5247.3, 5247.3, 5247.3, 1, 1, 1, 0
2026/3/6, 06:05:00, 5238.4, 5238.4, 5238.4, 5238.4, 1, 1, 0, 1
2026/3/6, 07:00:00, 5237.8, 5237.8, 5237.8, 5237.8, 1, 1, 1, 0
2026/3/6, 08:05:00, 5244.7, 5244.7, 5239.3, 5239.3, 6, 4, 5, 1
2026/3/6, 08:10:00, 5235.7, 5235.7, 5234.6, 5234.6, 2, 2, 2, 0
2026/3/6, 08:25:00, 5226.0, 5228.9, 5221.8, 5221.8, 7, 7, 3, 4
2026/3/6, 09:10:00, 5216.4, 5216.4, 5216.4, 5216.4, 1, 1, 0, 1
2026/3/6, 09:20:00, 5215.0, 5215.0, 5215.0, 5215.0, 1, 1, 0, 1
2026/3/6, 10:05:00, 5201.6, 5201.6, 5201.6, 5201.6, 1, 1, 1, 0
2026/3/6, 10:10:00, 5205.6, 5205.7, 5205.6, 5205.7, 2, 2, 0, 2
2026/3/6, 10:15:00, 5201.5, 5201.5, 5201.5, 5201.5, 1, 1, 1, 0
2026/3/6, 10:25:00, 5208.0, 5208.0, 5208.0, 5208.0, 1, 1, 1, 0
2026/3/6, 10:40:00, 5205.3, 5205.3, 5205.3, 5205.3, 1, 1, 1, 0
2026/3/6, 10:55:00, 5209.3, 5209.3, 5209.3, 5209.3, 1, 1, 0, 1
2026/3/6, 11:55:00, 5197.6, 5197.6, 5184.8, 5184.8, 5, 5, 1, 4
2026/3/6, 12:25:00, 5209.2, 5209.2, 5209.2, 5209.2, 1, 1, 1, 0
2026/3/6, 12:45:00, 5217.2, 5217.2, 5217.2, 5217.2, 1, 1, 1, 0
2026/3/6, 12:50:00, 5208.6, 5208.9, 5206.3, 5206.3, 8, 8, 5, 3
2026/3/6, 12:55:00, 5203.5, 5204.1, 5203.5, 5204.1, 2, 2, 1, 1
2026/3/6, 13:00:00, 5201.4, 5201.8, 5193.4, 5198.5, 8, 8, 6, 2
2026/3/6, 13:05:00, 5195.9, 5195.9, 5185.9, 5186.2, 16, 16, 7, 9
2026/3/6, 13:10:00, 5191.8, 5191.8, 5191.8, 5191.8, 1, 1, 0, 1
2026/3/6, 13:30:00, 5236.2, 5242.4, 5230.0, 5242.4, 17, 9, 16, 1
2026/3/6, 13:35:00, 5245.2, 5245.2, 5245.0, 5245.0, 5, 2, 5, 0
2026/3/6, 13:40:00, 5243.1, 5243.1, 5242.9, 5242.9, 2, 2, 1, 1
2026/3/6, 14:05:00, 5210.2, 5210.2, 5207.8, 5207.8, 2, 2, 1, 1
2026/3/6, 14:35:00, 5216.7, 5216.7, 5211.9, 5211.9, 2, 2, 1, 1
2026/3/6, 14:55:00, 5237.0, 5242.7, 5237.0, 5242.7, 7, 6, 0, 7
2026/3/6, 15:00:00, 5268.8, 5268.8, 5268.8, 5268.8, 3, 3, 0, 3
2026/3/6, 15:05:00, 5269.9, 5269.9, 5269.9, 5269.9, 1, 1, 1, 0
2026/3/6, 15:10:00, 5278.1, 5278.1, 5278.1, 5278.1, 1, 1, 0, 1
2026/3/6, 15:15:00, 5271.2, 5274.8, 5270.9, 5274.8, 6, 4, 6, 0
2026/3/6, 15:20:00, 5279.9, 5279.9, 5279.9, 5279.9, 1, 1, 0, 1
2026/3/6, 15:35:00, 5281.0, 5281.0, 5281.0, 5281.0, 1, 1, 0, 1
2026/3/6, 15:55:00, 5268.4, 5268.4, 5268.4, 5268.4, 2, 1, 0, 2
2026/3/6, 16:00:00, 5271.9, 5271.9, 5271.8, 5271.8, 2, 2, 2, 0
2026/3/6, 16:30:00, 5263.8, 5263.8, 5258.9, 5259.0, 4, 4, 2, 2
2026/3/6, 17:05:00, 5254.6, 5254.6, 5251.7, 5251.7, 3, 3, 2, 1
2026/3/6, 17:20:00, 5261.8, 5266.9, 5261.8, 5266.9, 9, 5, 7, 2
2026/3/6, 17:30:00, 5270.4, 5272.9, 5270.4, 5272.9, 3, 3, 0, 3
2026/3/6, 17:35:00, 5273.2, 5273.2, 5266.3, 5266.3, 4, 2, 4, 0
2026/3/6, 17:40:00, 5264.7, 5264.7, 5264.7, 5264.7, 2, 1, 0, 2
2026/3/6, 18:00:00, 5263.2, 5263.2, 5263.2, 5263.2, 1, 1, 0, 1
2026/3/6, 18:05:00, 5263.4, 5265.8, 5263.4, 5265.8, 4, 3, 0, 4
2026/3/6, 18:35:00, 5271.3, 5274.5, 5271.3, 5274.5, 3, 3, 3, 0
2026/3/6, 18:45:00, 5288.5, 5288.5, 5285.7, 5285.7, 3, 3, 2, 1
2026/3/6, 18:50:00, 5282.5, 5282.5, 5282.5, 5282.5, 1, 1, 0, 1
2026/3/6, 19:05:00, 5288.8, 5288.8, 5288.8, 5288.8, 1, 1, 0, 1
2026/3/6, 19:15:00, 5293.8, 5293.8, 5293.8, 5293.8, 1, 1, 0, 1
2026/3/6, 19:45:00, 5279.2, 5279.2, 5279.1, 5279.1, 2, 2, 2, 0
2026/3/6, 19:55:00, 5284.7, 5284.7, 5284.7, 5284.7, 1, 1, 0, 1
2026/3/6, 20:10:00, 5276.3, 5276.3, 5276.3, 5276.3, 2, 1, 0, 2
2026/3/6, 20:35:00, 5271.0, 5271.0, 5271.0, 5271.0, 1, 1, 1, 0
2026/3/6, 21:05:00, 5288.4, 5288.4, 5288.4, 5288.4, 1, 1, 0, 1
2026/3/8, 22:00:00, 5317.1, 5317.1, 5311.4, 5316.0, 16, 11, 12, 4
2026/3/8, 22:10:00, 5284.7, 5284.7, 5284.7, 5284.7, 1, 1, 1, 0
2026/3/8, 22:15:00, 5255.2, 5255.2, 5255.2, 5255.2, 1, 1, 1, 0
2026/3/8, 22:40:00, 5245.0, 5245.0, 5244.1, 5244.1, 2, 2, 2, 0
2026/3/8, 23:05:00, 5238.1, 5238.1, 5238.1, 5238.1, 1, 1, 0, 1
2026/3/8, 23:10:00, 5221.7, 5221.7, 5221.3, 5221.3, 5, 4, 5, 0
2026/3/8, 23:30:00, 5222.4, 5223.1, 5222.4, 5223.1, 10, 7, 0, 10
2026/3/8, 23:35:00, 5198.7, 5198.7, 5198.7, 5198.7, 10, 6, 0, 10
2026/3/8, 23:45:00, 5180.0, 5180.0, 5176.6, 5176.6, 2, 2, 1, 1
2026/3/9, 00:00:00, 5182.6, 5182.6, 5182.6, 5182.6, 1, 1, 0, 1
2026/3/9, 00:10:00, 5168.0, 5168.0, 5164.2, 5164.2, 19, 10, 18, 1
2026/3/9, 01:00:00, 5140.7, 5156.2, 5140.0, 5156.2, 3, 3, 3, 0
2026/3/9, 01:05:00, 5170.9, 5170.9, 5170.9, 5170.9, 1, 1, 1, 0
2026/3/9, 01:25:00, 5192.4, 5192.6, 5192.4, 5192.6, 5, 3, 0, 5
2026/3/9, 01:50:00, 5190.0, 5194.6, 5190.0, 5194.6, 6, 4, 1, 5
2026/3/9, 02:05:00, 5194.6, 5194.6, 5194.6, 5194.6, 1, 1, 0, 1
2026/3/9, 02:40:00, 5210.5, 5210.5, 5210.5, 5210.5, 1, 1, 0, 1
2026/3/9, 02:55:00, 5213.7, 5213.7, 5213.7, 5213.7, 1, 1, 0, 1
2026/3/9, 03:15:00, 5214.0, 5214.0, 5214.0, 5214.0, 1, 1, 0, 1
2026/3/9, 03:25:00, 5216.9, 5221.8, 5216.9, 5221.8, 2, 2, 0, 2
2026/3/9, 04:20:00, 5210.5, 5210.5, 5210.5, 5210.5, 1, 1, 1, 0
2026/3/9, 05:05:00, 5215.3, 5215.3, 5215.3, 5215.3, 1, 1, 1, 0
2026/3/9, 05:35:00, 5228.5, 5228.5, 5228.5, 5228.5, 1, 1, 1, 0
2026/3/9, 05:45:00, 5246.5, 5248.0, 5246.0, 5248.0, 4, 3, 3, 1
2026/3/9, 05:50:00, 5251.0, 5251.1, 5251.0, 5251.1, 3, 3, 1, 2
2026/3/9, 05:55:00, 5245.5, 5245.5, 5245.5, 5245.5, 1, 1, 1, 0
2026/3/9, 06:00:00, 5245.3, 5245.3, 5241.0, 5241.0, 2, 2, 2, 0
2026/3/9, 06:10:00, 5251.0, 5251.0, 5251.0, 5251.0, 1, 1, 1, 0
2026/3/9, 06:15:00, 5249.0, 5249.0, 5249.0, 5249.0, 1, 1, 1, 0
2026/3/9, 06:45:00, 5226.6, 5226.6, 5226.6, 5226.6, 1, 1, 1, 0
2026/3/9, 06:50:00, 5221.3, 5221.3, 5221.3, 5221.3, 1, 1, 1, 0
2026/3/9, 06:55:00, 5221.2, 5221.2, 5219.6, 5219.6, 3, 3, 3, 0
2026/3/9, 07:00:00, 5217.2, 5217.2, 5213.3, 5213.6, 5, 5, 4, 1
2026/3/9, 07:10:00, 5217.4, 5217.8, 5217.4, 5217.8, 2, 2, 0, 2
2026/3/9, 07:15:00, 5216.1, 5217.8, 5216.1, 5217.8, 2, 2, 1, 1
2026/3/9, 08:10:00, 5221.4, 5221.4, 5221.4, 5221.4, 1, 1, 0, 1
2026/3/9, 09:40:00, 5233.3, 5233.3, 5233.1, 5233.1, 5, 3, 5, 0
2026/3/9, 10:15:00, 5227.1, 5227.1, 5227.1, 5227.1, 1, 1, 1, 0
2026/3/9, 10:20:00, 5224.8, 5224.8, 5222.6, 5223.4, 8, 6, 8, 0
2026/3/9, 10:25:00, 5220.7, 5220.7, 5220.7, 5220.7, 1, 1, 1, 0
2026/3/9, 10:30:00, 5215.9, 5215.9, 5215.9, 5215.9, 1, 1, 0, 1
2026/3/9, 10:40:00, 5213.7, 5213.7, 5213.7, 5213.7, 1, 1, 1, 0
2026/3/9, 11:20:00, 5206.9, 5207.1, 5203.9, 5203.9, 6, 4, 0, 6
2026/3/9, 12:15:00, 5219.9, 5219.9, 5219.9, 5219.9, 1, 1, 0, 1
2026/3/9, 12:30:00, 5231.1, 5231.1, 5231.1, 5231.1, 1, 1, 1, 0
2026/3/9, 12:45:00, 5226.0, 5226.0, 5226.0, 5226.0, 1, 1, 1, 0
2026/3/9, 13:10:00, 5213.0, 5213.0, 5213.0, 5213.0, 1, 1, 1, 0
2026/3/9, 13:30:00, 5218.0, 5218.0, 5218.0, 5218.0, 1, 1, 0, 1
2026/3/9, 13:40:00, 5204.0, 5204.0, 5196.6, 5196.6, 3, 3, 1, 2
2026/3/9, 14:40:00, 5222.7, 5222.7, 5222.7, 5222.7, 3, 3, 0, 3
2026/3/9, 14:50:00, 5212.6, 5212.6, 5212.6, 5212.6, 1, 1, 1, 0
2026/3/9, 15:05:00, 5206.4, 5207.0, 5206.4, 5207.0, 2, 2, 0, 2
2026/3/9, 15:25:00, 5218.2, 5218.2, 5218.2, 5218.2, 1, 1, 0, 1
2026/3/9, 15:40:00, 5220.5, 5220.5, 5220.5, 5220.5, 1, 1, 0, 1
2026/3/9, 16:00:00, 5224.0, 5224.0, 5224.0, 5224.0, 1, 1, 0, 1
2026/3/9, 16:30:00, 5227.8, 5229.7, 5227.8, 5229.7, 2, 2, 0, 2
2026/3/9, 16:40:00, 5231.3, 5231.3, 5231.3, 5231.3, 1, 1, 0, 1
2026/3/9, 16:50:00, 5228.0, 5228.0, 5228.0, 5228.0, 1, 1, 1, 0
2026/3/9, 17:30:00, 5214.7, 5214.7, 5210.9, 5211.1, 3, 3, 1, 2
2026/3/9, 17:50:00, 5217.3, 5217.3, 5217.3, 5217.3, 1, 1, 0, 1
2026/3/9, 18:55:00, 5248.8, 5248.8, 5248.8, 5248.8, 2, 1, 0, 2
2026/3/9, 19:20:00, 5266.7, 5266.7, 5266.7, 5266.7, 2, 1, 0, 2
2026/3/9, 19:35:00, 5251.4, 5251.4, 5251.4, 5251.4, 1, 1, 0, 1
2026/3/9, 19:40:00, 5257.6, 5258.8, 5257.6, 5258.8, 2, 2, 1, 1
2026/3/9, 19:55:00, 5260.9, 5260.9, 5260.9, 5260.9, 1, 1, 0, 1
2026/3/9, 20:30:00, 5259.5, 5259.5, 5259.5, 5259.5, 1, 1, 0, 1
2026/3/9, 22:00:00, 5265.6, 5265.6, 5263.0, 5263.0, 6, 4, 5, 1
2026/3/9, 23:45:00, 5263.5, 5263.5, 5263.1, 5263.1, 10, 4, 10, 0
2026/3/10, 01:00:00, 5266.1, 5266.7, 5266.1, 5266.7, 2, 2, 1, 1
2026/3/10, 01:10:00, 5268.8, 5270.5, 5268.8, 5270.5, 2, 2, 1, 1
2026/3/10, 01:30:00, 5276.0, 5276.0, 5276.0, 5276.0, 1, 1, 0, 1
2026/3/10, 01:40:00, 5288.3, 5288.5, 5288.3, 5288.5, 5, 4, 2, 3
2026/3/10, 01:45:00, 5288.5, 5288.5, 5288.5, 5288.5, 3, 1, 0, 3
2026/3/10, 01:50:00, 5289.6, 5289.6, 5289.6, 5289.6, 1, 1, 0, 1
2026/3/10, 01:55:00, 5300.1, 5300.1, 5300.1, 5300.1, 1, 1, 1, 0
2026/3/10, 02:05:00, 5296.7, 5296.7, 5296.7, 5296.7, 1, 1, 0, 1
2026/3/10, 03:45:00, 5279.3, 5279.3, 5279.3, 5279.3, 1, 1, 1, 0
2026/3/10, 03:50:00, 5278.0, 5278.0, 5276.0, 5276.0, 3, 2, 3, 0
2026/3/10, 04:40:00, 5284.9, 5284.9, 5284.9, 5284.9, 1, 1, 0, 1
2026/3/10, 05:10:00, 5293.4, 5293.4, 5293.4, 5293.4, 1, 1, 0, 1
2026/3/10, 05:55:00, 5300.3, 5300.3, 5300.3, 5300.3, 1, 1, 0, 1
2026/3/10, 06:05:00, 5296.9, 5297.4, 5296.9, 5297.4, 2, 2, 1, 1
2026/3/10, 06:25:00, 5294.0, 5294.0, 5294.0, 5294.0, 1, 1, 1, 0
2026/3/10, 07:15:00, 5293.0, 5293.0, 5293.0, 5293.0, 1, 1, 1, 0
2026/3/10, 07:20:00, 5282.4, 5282.4, 5282.4, 5282.4, 1, 1, 1, 0
2026/3/10, 07:25:00, 5285.8, 5286.1, 5285.8, 5286.1, 2, 2, 1, 1
2026/3/10, 07:45:00, 5301.1, 5301.1, 5301.1, 5301.1, 1, 1, 0, 1
2026/3/10, 07:50:00, 5301.2, 5301.2, 5301.2, 5301.2, 1, 1, 1, 0
2026/3/10, 07:55:00, 5302.3, 5302.3, 5302.3, 5302.3, 1, 1, 0, 1
2026/3/10, 08:00:00, 5307.8, 5307.9, 5307.8, 5307.9, 2, 2, 0, 2
2026/3/10, 08:10:00, 5304.8, 5304.8, 5304.8, 5304.8, 1, 1, 0, 1
2026/3/10, 08:30:00, 5307.5, 5309.7, 5307.2, 5307.2, 7, 6, 6, 1
2026/3/10, 08:45:00, 5314.2, 5314.2, 5314.2, 5314.2, 1, 1, 0, 1
2026/3/10, 09:15:00, 5307.0, 5307.0, 5307.0, 5307.0, 1, 1, 0, 1
2026/3/10, 10:25:00, 5296.1, 5296.1, 5296.1, 5296.1, 2, 1, 2, 0
2026/3/10, 11:05:00, 5310.9, 5310.9, 5310.9, 5310.9, 1, 1, 0, 1
2026/3/10, 11:10:00, 5312.8, 5312.8, 5312.8, 5312.8, 1, 1, 1, 0
2026/3/10, 11:20:00, 5312.6, 5312.6, 5312.6, 5312.6, 1, 1, 0, 1
2026/3/10, 12:05:00, 5290.5, 5290.5, 5290.5, 5290.5, 1, 1, 1, 0
2026/3/10, 12:40:00, 5307.3, 5308.2, 5307.3, 5308.2, 4, 4, 1, 3
2026/3/10, 13:15:00, 5335.5, 5335.5, 5335.1, 5335.1, 2, 2, 0, 2
2026/3/10, 13:25:00, 5346.9, 5346.9, 5346.7, 5346.7, 5, 3, 5, 0
2026/3/10, 13:35:00, 5331.8, 5331.8, 5331.7, 5331.7, 2, 2, 2, 0
2026/3/10, 14:10:00, 5310.0, 5311.1, 5310.0, 5311.1, 3, 2, 3, 0
2026/3/10, 14:15:00, 5335.0, 5335.0, 5335.0, 5335.0, 1, 1, 0, 1
2026/3/10, 14:20:00, 5337.9, 5337.9, 5334.2, 5334.2, 2, 2, 1, 1
2026/3/10, 15:00:00, 5338.0, 5338.0, 5338.0, 5338.0, 1, 1, 0, 1
2026/3/10, 15:05:00, 5338.8, 5338.8, 5338.8, 5338.8, 1, 1, 0, 1
2026/3/10, 15:10:00, 5347.5, 5347.5, 5347.5, 5347.5, 1, 1, 0, 1
2026/3/10, 15:20:00, 5352.0, 5352.0, 5352.0, 5352.0, 1, 1, 0, 1
2026/3/10, 15:35:00, 5358.0, 5358.0, 5358.0, 5358.0, 1, 1, 1, 0
2026/3/10, 15:50:00, 5354.4, 5354.4, 5354.4, 5354.4, 1, 1, 1, 0
2026/3/10, 15:55:00, 5352.6, 5352.6, 5352.4, 5352.4, 4, 2, 4, 0
2026/3/10, 17:20:00, 5351.6, 5351.6, 5349.2, 5349.2, 2, 2, 1, 1
2026/3/10, 18:10:00, 5341.5, 5341.5, 5341.5, 5341.5, 1, 1, 1, 0
2026/3/10, 18:15:00, 5310.0, 5310.0, 5307.1, 5307.1, 3, 3, 3, 0
2026/3/10, 18:30:00, 5319.3, 5319.3, 5319.2, 5319.2, 2, 2, 2, 0
2026/3/10, 18:35:00, 5316.5, 5316.5, 5316.5, 5316.5, 2, 1, 0, 2
2026/3/10, 18:55:00, 5319.5, 5319.5, 5319.5, 5319.5, 1, 1, 1, 0
2026/3/10, 19:20:00, 5329.9, 5329.9, 5329.9, 5329.9, 1, 1, 0, 1
2026/3/10, 20:40:00, 5318.6, 5318.6, 5318.6, 5318.6, 1, 1, 1, 0
2026/3/10, 23:55:00, 5315.9, 5315.9, 5315.9, 5315.9, 1, 1, 0, 1
2026/3/11, 00:15:00, 5316.8, 5316.8, 5316.8, 5316.8, 1, 1, 0, 1
2026/3/11, 01:00:00, 5343.0, 5343.0, 5343.0, 5343.0, 1, 1, 0, 1
2026/3/11, 01:25:00, 5336.3, 5336.3, 5336.3, 5336.3, 1, 1, 1, 0
2026/3/11, 02:00:00, 5322.5, 5322.5, 5322.5, 5322.5, 1, 1, 1, 0
2026/3/11, 02:05:00, 5321.2, 5321.2, 5321.2, 5321.2, 1, 1, 1, 0
2026/3/11, 02:10:00, 5317.9, 5317.9, 5317.9, 5317.9, 1, 1, 0, 1
2026/3/11, 02:30:00, 5324.1, 5324.1, 5324.1, 5324.1, 1, 1, 1, 0
2026/3/11, 03:00:00, 5341.9, 5341.9, 5341.9, 5341.9, 1, 1, 1, 0
2026/3/11, 03:15:00, 5336.2, 5336.2, 5335.9, 5335.9, 5, 4, 5, 0
2026/3/11, 03:20:00, 5335.0, 5335.0, 5331.2, 5331.2, 2, 2, 2, 0
2026/3/11, 03:25:00, 5329.9, 5329.9, 5329.9, 5329.9, 2, 1, 2, 0
2026/3/11, 03:45:00, 5328.3, 5328.3, 5328.3, 5328.3, 1, 1, 1, 0
2026/3/11, 03:50:00, 5322.9, 5322.9, 5322.9, 5322.9, 1, 1, 1, 0
2026/3/11, 04:00:00, 5323.8, 5323.8, 5323.8, 5323.8, 1, 1, 1, 0
2026/3/11, 05:20:00, 5323.2, 5323.2, 5323.2, 5323.2, 1, 1, 1, 0
2026/3/11, 05:30:00, 5320.1, 5320.1, 5319.8, 5319.8, 2, 2, 1, 1
2026/3/11, 06:05:00, 5321.7, 5321.7, 5321.7, 5321.7, 1, 1, 1, 0
2026/3/11, 06:35:00, 5323.0, 5323.0, 5323.0, 5323.0, 1, 1, 0, 1
2026/3/11, 07:30:00, 5315.0, 5315.0, 5314.3, 5314.3, 3, 2, 3, 0
2026/3/11, 07:35:00, 5314.0, 5314.0, 5309.1, 5309.1, 3, 3, 3, 0
2026/3/11, 08:25:00, 5307.6, 5307.6, 5307.6, 5307.6, 1, 1, 1, 0
2026/3/11, 08:35:00, 5300.0, 5300.0, 5299.0, 5299.0, 3, 3, 3, 0
2026/3/11, 08:55:00, 5309.0, 5309.0, 5309.0, 5309.0, 1, 1, 0, 1
2026/3/11, 10:00:00, 5309.9, 5309.9, 5309.9, 5309.9, 1, 1, 0, 1
2026/3/11, 10:25:00, 5313.8, 5313.8, 5313.8, 5313.8, 1, 1, 0, 1
2026/3/11, 10:30:00, 5309.7, 5309.7, 5309.7, 5309.7, 1, 1, 1, 0
2026/3/11, 10:45:00, 5299.6, 5308.5, 5299.4, 5308.5, 3, 3, 2, 1
2026/3/11, 11:55:00, 5300.8, 5300.8, 5300.8, 5300.8, 1, 1, 1, 0
2026/3/11, 12:40:00, 5297.4, 5300.5, 5297.4, 5300.5, 2, 2, 1, 1
2026/3/11, 13:00:00, 5294.8, 5294.8, 5294.8, 5294.8, 1, 1, 0, 1
2026/3/11, 13:10:00, 5303.2, 5303.2, 5303.2, 5303.2, 1, 1, 0, 1
2026/3/11, 13:30:00, 5298.1, 5298.1, 5296.0, 5296.0, 5, 4, 5, 0
2026/3/11, 13:55:00, 5289.6, 5298.4, 5289.6, 5298.4, 2, 2, 0, 2
2026/3/11, 14:05:00, 5309.1, 5309.1, 5309.1, 5309.1, 1, 1, 0, 1
2026/3/11, 14:15:00, 5310.6, 5310.6, 5310.6, 5310.6, 1, 1, 1, 0
2026/3/11, 14:25:00, 5316.4, 5316.4, 5316.4, 5316.4, 1, 1, 0, 1
2026/3/11, 14:30:00, 5317.4, 5317.4, 5317.4, 5317.4, 1, 1, 1, 0
2026/3/11, 14:50:00, 5314.5, 5314.5, 5314.5, 5314.5, 1, 1, 0, 1
2026/3/11, 16:05:00, 5288.0, 5288.0, 5288.0, 5288.0, 1, 1, 1, 0
2026/3/11, 16:45:00, 5300.1, 5300.1, 5300.1, 5300.1, 1, 1, 0, 1
2026/3/11, 17:05:00, 5302.1, 5302.1, 5302.1, 5302.1, 1, 1, 0, 1
2026/3/11, 18:55:00, 5293.9, 5293.9, 5293.9, 5293.9, 2, 1, 2, 0
2026/3/11, 20:30:00, 5299.9, 5299.9, 5299.9, 5299.9, 1, 1, 1, 0
2026/3/11, 22:15:00, 5295.7, 5295.7, 5295.7, 5295.7, 2, 1, 0, 2
2026/3/11, 22:35:00, 5281.6, 5281.6, 5281.6, 5281.6, 1, 1, 1, 0
2026/3/11, 22:40:00, 5275.0, 5275.0, 5275.0, 5275.0, 1, 1, 1, 0
2026/3/11, 22:55:00, 5263.0, 5263.0, 5258.0, 5258.0, 19, 6, 18, 1
2026/3/11, 23:50:00, 5262.0, 5262.0, 5262.0, 5262.0, 1, 1, 1, 0
2026/3/12, 00:05:00, 5255.7, 5255.7, 5255.7, 5255.7, 2, 1, 0, 2
2026/3/12, 00:10:00, 5259.4, 5260.5, 5258.3, 5259.1, 10, 6, 10, 0
2026/3/12, 00:20:00, 5264.4, 5264.4, 5264.4, 5264.4, 1, 1, 1, 0
2026/3/12, 00:25:00, 5274.5, 5277.3, 5274.5, 5276.5, 5, 5, 2, 3
2026/3/12, 00:35:00, 5278.3, 5278.4, 5278.3, 5278.4, 2, 2, 0, 2
2026/3/12, 00:50:00, 5274.9, 5274.9, 5274.8, 5274.8, 5, 2, 5, 0
2026/3/12, 00:55:00, 5273.7, 5273.7, 5273.6, 5273.6, 5, 2, 5, 0
2026/3/12, 01:00:00, 5281.2, 5285.6, 5281.1, 5282.3, 12, 11, 6, 6
2026/3/12, 01:55:00, 5286.1, 5288.7, 5286.1, 5288.7, 3, 2, 3, 0
2026/3/12, 02:00:00, 5292.2, 5292.2, 5292.2, 5292.2, 1, 1, 1, 0
2026/3/12, 02:45:00, 5273.6, 5273.6, 5273.6, 5273.6, 1, 1, 1, 0
2026/3/12, 02:55:00, 5272.7, 5272.7, 5272.7, 5272.7, 1, 1, 1, 0
2026/3/12, 03:15:00, 5269.6, 5269.6, 5269.6, 5269.6, 1, 1, 0, 1
2026/3/12, 03:40:00, 5271.7, 5271.7, 5271.7, 5271.7, 1, 1, 0, 1
2026/3/12, 04:30:00, 5268.3, 5268.3, 5268.3, 5268.3, 1, 1, 1, 0
2026/3/12, 04:35:00, 5265.9, 5266.2, 5265.3, 5265.3, 3, 3, 0, 3
2026/3/12, 04:40:00, 5264.3, 5264.3, 5264.1, 5264.1, 2, 2, 1, 1
2026/3/12, 06:50:00, 5288.3, 5288.3, 5288.3, 5288.3, 1, 1, 1, 0
2026/3/12, 07:55:00, 5298.4, 5302.1, 5298.2, 5302.1, 4, 4, 1, 3
2026/3/12, 08:00:00, 5310.0, 5310.5, 5303.6, 5303.6, 5, 5, 2, 3
2026/3/12, 09:30:00, 5303.7, 5303.9, 5303.7, 5303.9, 3, 2, 0, 3
2026/3/12, 09:55:00, 5308.5, 5308.5, 5308.5, 5308.5, 1, 1, 0, 1
2026/3/12, 10:00:00, 5309.8, 5309.8, 5309.8, 5309.8, 1, 1, 1, 0
2026/3/12, 10:20:00, 5304.4, 5304.4, 5304.4, 5304.4, 1, 1, 1, 0
2026/3/12, 10:25:00, 5305.8, 5305.8, 5305.7, 5305.7, 3, 2, 3, 0
2026/3/12, 10:30:00, 5302.6, 5302.6, 5302.6, 5302.6, 3, 2, 1, 2
2026/3/12, 10:35:00, 5302.9, 5302.9, 5299.7, 5299.7, 4, 2, 0, 4
2026/3/12, 10:45:00, 5303.8, 5303.8, 5303.8, 5303.8, 1, 1, 0, 1
2026/3/12, 10:55:00, 5303.7, 5303.7, 5303.7, 5303.7, 1, 1, 0, 1
2026/3/12, 11:45:00, 5300.8, 5302.0, 5300.8, 5302.0, 2, 2, 0, 2
2026/3/12, 12:05:00, 5290.9, 5290.9, 5290.4, 5290.4, 3, 3, 3, 0
2026/3/12, 12:15:00, 5288.2, 5288.2, 5288.2, 5288.2, 2, 1, 0, 2
2026/3/12, 12:20:00, 5287.4, 5290.5, 5287.4, 5290.5, 2, 2, 2, 0
2026/3/12, 12:30:00, 5295.0, 5295.0, 5295.0, 5295.0, 3, 2, 0, 3
2026/3/12, 12:35:00, 5293.4, 5293.4, 5293.4, 5293.4, 3, 2, 3, 0
2026/3/12, 12:40:00, 5290.0, 5290.0, 5290.0, 5290.0, 1, 1, 1, 0
2026/3/12, 12:50:00, 5305.0, 5306.1, 5305.0, 5305.9, 3, 3, 0, 3
2026/3/12, 12:55:00, 5304.9, 5304.9, 5304.9, 5304.9, 1, 1, 1, 0
2026/3/12, 13:00:00, 5305.2, 5305.2, 5305.2, 5305.2, 1, 1, 0, 1
2026/3/12, 13:05:00, 5306.0, 5306.0, 5306.0, 5306.0, 1, 1, 0, 1
2026/3/12, 13:20:00, 5288.7, 5288.7, 5288.7, 5288.7, 3, 2, 0, 3
2026/3/12, 13:45:00, 5275.1, 5275.1, 5275.1, 5275.1, 1, 1, 1, 0
2026/3/12, 13:55:00, 5271.2, 5271.2, 5271.2, 5271.2, 1, 1, 0, 1
2026/3/12, 14:05:00, 5278.6, 5278.6, 5278.6, 5278.6, 1, 1, 1, 0
2026/3/12, 14:15:00, 5277.2, 5277.2, 5277.2, 5277.2, 1, 1, 1, 0
2026/3/12, 14:20:00, 5270.4, 5270.4, 5270.4, 5270.4, 1, 1, 1, 0
2026/3/12, 14:30:00, 5264.0, 5264.0, 5264.0, 5264.0, 1, 1, 1, 0
2026/3/12, 14:35:00, 5262.0, 5262.0, 5260.0, 5260.0, 4, 3, 4, 0
2026/3/12, 14:40:00, 5269.0, 5269.0, 5269.0, 5269.0, 1, 1, 0, 1
2026/3/12, 14:45:00, 5272.9, 5272.9, 5261.4, 5261.4, 2, 2, 2, 0
2026/3/12, 14:50:00, 5260.8, 5260.8, 5260.8, 5260.8, 4, 3, 0, 4
2026/3/12, 14:55:00, 5261.6, 5261.6, 5261.6, 5261.6, 1, 1, 0, 1
2026/3/12, 15:00:00, 5263.6, 5263.6, 5259.9, 5259.9, 2, 2, 1, 1
2026/3/12, 15:10:00, 5247.2, 5247.2, 5230.0, 5235.9, 14, 8, 2, 12
2026/3/12, 15:15:00, 5242.4, 5242.4, 5242.4, 5242.4, 1, 1, 0, 1
2026/3/12, 15:20:00, 5248.0, 5248.0, 5248.0, 5248.0, 1, 1, 0, 1
2026/3/12, 15:35:00, 5240.4, 5240.4, 5240.4, 5240.4, 1, 1, 1, 0
2026/3/12, 15:40:00, 5252.4, 5254.1, 5252.0, 5254.1, 4, 3, 0, 4
2026/3/12, 15:45:00, 5250.7, 5251.1, 5250.7, 5251.1, 10, 5, 0, 10
2026/3/12, 15:50:00, 5252.7, 5252.9, 5252.7, 5252.9, 3, 2, 0, 3
2026/3/12, 16:05:00, 5242.3, 5242.3, 5242.3, 5242.3, 1, 1, 1, 0
2026/3/12, 17:15:00, 5238.4, 5238.4, 5238.2, 5238.2, 2, 2, 1, 1
2026/3/12, 17:30:00, 5235.4, 5235.4, 5231.6, 5233.9, 4, 4, 3, 1
2026/3/12, 17:35:00, 5229.4, 5229.4, 5229.4, 5229.4, 1, 1, 1, 0
2026/3/12, 17:40:00, 5226.0, 5226.0, 5226.0, 5226.0, 1, 1, 1, 0
2026/3/12, 17:45:00, 5228.4, 5232.9, 5228.4, 5232.9, 10, 7, 0, 10
2026/3/12, 17:55:00, 5223.4, 5223.4, 5223.4, 5223.4, 1, 1, 1, 0
2026/3/12, 18:00:00, 5230.7, 5231.1, 5230.7, 5231.0, 15, 7, 0, 15
2026/3/12, 18:05:00, 5227.6, 5227.9, 5227.6, 5227.9, 5, 4, 0, 5
2026/3/12, 18:15:00, 5229.3, 5229.3, 5229.3, 5229.3, 1, 1, 1, 0
2026/3/12, 18:20:00, 5222.6, 5222.6, 5222.6, 5222.6, 1, 1, 1, 0
2026/3/12, 18:25:00, 5223.5, 5223.5, 5223.5, 5223.5, 1, 1, 1, 0
2026/3/12, 18:50:00, 5210.6, 5210.7, 5210.6, 5210.7, 5, 2, 0, 5
2026/3/12, 19:00:00, 5200.0, 5200.0, 5200.0, 5200.0, 1, 1, 1, 0
2026/3/12, 19:10:00, 5206.0, 5206.0, 5206.0, 5206.0, 1, 1, 0, 1
2026/3/12, 19:15:00, 5200.5, 5200.5, 5200.5, 5200.5, 1, 1, 1, 0
2026/3/12, 19:25:00, 5210.8, 5211.2, 5210.8, 5211.2, 6, 5, 0, 6
2026/3/12, 19:30:00, 5216.0, 5216.0, 5216.0, 5216.0, 1, 1, 0, 1
2026/3/12, 19:55:00, 5202.2, 5202.2, 5202.2, 5202.2, 1, 1, 1, 0
2026/3/12, 20:20:00, 5199.9, 5199.9, 5198.9, 5198.9, 2, 2, 1, 1
2026/3/12, 20:30:00, 5185.0, 5185.0, 5174.4, 5174.8, 11, 6, 1, 10
2026/3/12, 22:30:00, 5207.0, 5207.0, 5207.0, 5207.0, 1, 1, 1, 0
2026/3/12, 22:40:00, 5205.5, 5205.5, 5205.5, 5205.5, 1, 1, 1, 0
2026/3/12, 23:25:00, 5215.0, 5215.0, 5215.0, 5215.0, 1, 1, 0, 1
2026/3/13, 01:00:00, 5235.5, 5236.8, 5235.5, 5235.8, 4, 4, 3, 1
2026/3/13, 01:30:00, 5236.0, 5236.0, 5236.0, 5236.0, 1, 1, 1, 0
2026/3/13, 01:40:00, 5230.0, 5230.0, 5230.0, 5230.0, 1, 1, 1, 0
2026/3/13, 02:15:00, 5238.8, 5238.8, 5238.8, 5238.8, 1, 1, 1, 0
2026/3/13, 02:20:00, 5234.9, 5234.9, 5234.9, 5234.9, 1, 1, 1, 0
2026/3/13, 02:45:00, 5232.8, 5232.8, 5230.7, 5231.5, 4, 4, 1, 3
2026/3/13, 02:50:00, 5230.2, 5230.2, 5230.2, 5230.2, 1, 1, 0, 1
2026/3/13, 02:55:00, 5229.7, 5229.7, 5229.7, 5229.7, 2, 2, 1, 1
2026/3/13, 03:00:00, 5225.8, 5225.8, 5225.8, 5225.8, 1, 1, 1, 0
2026/3/13, 03:30:00, 5225.5, 5225.8, 5225.5, 5225.8, 2, 2, 1, 1
2026/3/13, 03:35:00, 5224.7, 5224.7, 5222.7, 5222.7, 2, 2, 1, 1
2026/3/13, 05:45:00, 5214.1, 5214.1, 5214.1, 5214.1, 1, 1, 1, 0
2026/3/13, 05:50:00, 5214.6, 5214.6, 5214.4, 5214.4, 3, 2, 3, 0
2026/3/13, 06:50:00, 5202.9, 5202.9, 5202.9, 5202.9, 1, 1, 0, 1
2026/3/13, 07:15:00, 5199.9, 5199.9, 5199.1, 5199.1, 2, 2, 1, 1
2026/3/13, 07:50:00, 5202.0, 5202.0, 5202.0, 5202.0, 1, 1, 0, 1
2026/3/13, 08:05:00, 5185.0, 5185.0, 5185.0, 5185.0, 1, 1, 1, 0
2026/3/13, 08:30:00, 5193.9, 5193.9, 5193.9, 5193.9, 1, 1, 0, 1
2026/3/13, 08:55:00, 5205.0, 5205.0, 5205.0, 5205.0, 1, 1, 0, 1
2026/3/13, 12:00:00, 5225.8, 5228.9, 5225.8, 5228.5, 5, 4, 2, 3
2026/3/13, 12:05:00, 5233.0, 5233.0, 5233.0, 5233.0, 1, 1, 0, 1
2026/3/13, 13:45:00, 5232.0, 5232.0, 5232.0, 5232.0, 1, 1, 1, 0
2026/3/13, 14:00:00, 5221.7, 5221.7, 5221.7, 5221.7, 1, 1, 0, 1
2026/3/13, 14:15:00, 5210.0, 5210.9, 5202.9, 5204.1, 4, 4, 1, 3
2026/3/13, 14:25:00, 5206.8, 5206.8, 5206.8, 5206.8, 1, 1, 0, 1
2026/3/13, 14:30:00, 5204.8, 5204.8, 5204.8, 5204.8, 1, 1, 1, 0
2026/3/13, 14:40:00, 5193.5, 5193.5, 5193.5, 5193.5, 1, 1, 0, 1
2026/3/13, 14:45:00, 5193.4, 5193.4, 5193.4, 5193.4, 1, 1, 1, 0
2026/3/13, 14:55:00, 5160.0, 5160.0, 5160.0, 5160.0, 1, 1, 1, 0
2026/3/13, 15:05:00, 5176.6, 5176.6, 5176.6, 5176.6, 1, 1, 0, 1
2026/3/13, 15:10:00, 5180.7, 5181.0, 5180.2, 5180.2, 3, 3, 1, 2
2026/3/13, 15:45:00, 5164.6, 5172.7, 5161.4, 5172.7, 4, 4, 2, 2
2026/3/13, 15:50:00, 5155.3, 5157.2, 5155.3, 5157.2, 2, 2, 1, 1
2026/3/13, 15:55:00, 5154.0, 5154.0, 5154.0, 5154.0, 1, 1, 0, 1
2026/3/13, 16:00:00, 5143.1, 5145.0, 5143.1, 5145.0, 2, 2, 1, 1
2026/3/13, 16:10:00, 5145.0, 5145.3, 5145.0, 5145.3, 2, 2, 2, 0
2026/3/13, 16:30:00, 5163.9, 5163.9, 5163.9, 5163.9, 1, 1, 0, 1
2026/3/13, 16:35:00, 5167.4, 5167.4, 5167.4, 5167.4, 1, 1, 0, 1
2026/3/13, 17:15:00, 5177.6, 5177.6, 5177.6, 5177.6, 2, 2, 1, 1
2026/3/13, 17:20:00, 5176.5, 5176.5, 5176.3, 5176.3, 2, 2, 2, 0
2026/3/13, 17:50:00, 5163.2, 5163.2, 5163.2, 5163.2, 1, 1, 1, 0
2026/3/13, 18:10:00, 5161.4, 5161.4, 5161.4, 5161.4, 1, 1, 1, 0
2026/3/13, 19:00:00, 5163.8, 5163.8, 5163.8, 5163.8, 1, 1, 1, 0
2026/3/13, 19:10:00, 5155.6, 5155.6, 5154.7, 5154.7, 2, 2, 1, 1
2026/3/13, 19:15:00, 5157.1, 5157.1, 5153.4, 5153.4, 2, 2, 1, 1
2026/3/13, 19:30:00, 5151.9, 5151.9, 5151.9, 5151.9, 1, 1, 0, 1
2026/3/13, 19:35:00, 5145.8, 5145.8, 5145.8, 5145.8, 1, 1, 1, 0
2026/3/13, 19:40:00, 5141.1, 5141.1, 5141.1, 5141.1, 1, 1, 1, 0
2026/3/13, 19:45:00, 5132.5, 5132.5, 5132.5, 5132.5, 1, 1, 0, 1
2026/3/13, 19:55:00, 5134.3, 5134.3, 5134.3, 5134.3, 1, 1, 0, 1
2026/3/13, 20:05:00, 5137.3, 5137.7, 5137.3, 5137.7, 9, 5, 0, 9
2026/3/13, 20:15:00, 5138.5, 5138.5, 5136.4, 5136.4, 2, 2, 1, 1
2026/3/13, 20:20:00, 5130.0, 5130.0, 5130.0, 5130.0, 1, 1, 1, 0
2026/3/13, 20:25:00, 5130.4, 5130.4, 5130.4, 5130.4, 1, 1, 1, 0
2026/3/13, 20:30:00, 5130.7, 5130.7, 5130.7, 5130.7, 2, 2, 0, 2
2026/3/15, 22:00:00, 5132.7, 5132.7, 5129.6, 5129.6, 21, 9, 21, 0
2026/3/15, 22:05:00, 5132.5, 5132.5, 5132.5, 5132.5, 1, 1, 1, 0
2026/3/15, 22:10:00, 5140.0, 5140.0, 5140.0, 5140.0, 1, 1, 0, 1
2026/3/15, 22:15:00, 5122.1, 5122.1, 5122.1, 5122.1, 6, 2, 0, 6
2026/3/15, 22:20:00, 5122.7, 5122.7, 5115.5, 5116.7, 5, 5, 4, 1
2026/3/15, 22:50:00, 5137.9, 5137.9, 5137.4, 5137.4, 10, 6, 10, 0
2026/3/15, 23:10:00, 5119.7, 5119.7, 5118.6, 5118.6, 5, 5, 3, 2
2026/3/15, 23:15:00, 5119.6, 5119.6, 5115.7, 5115.7, 5, 5, 5, 0
2026/3/15, 23:20:00, 5112.3, 5112.3, 5088.0, 5088.0, 16, 13, 14, 2
2026/3/15, 23:25:00, 5098.7, 5099.2, 5098.7, 5099.2, 10, 5, 0, 10
2026/3/15, 23:30:00, 5103.5, 5103.5, 5103.5, 5103.5, 1, 1, 0, 1
2026/3/15, 23:50:00, 5089.6, 5089.6, 5089.6, 5089.6, 1, 1, 0, 1
2026/3/15, 23:55:00, 5103.5, 5103.5, 5103.5, 5103.5, 1, 1, 0, 1
2026/3/16, 00:00:00, 5123.9, 5123.9, 5123.9, 5123.9, 2, 2, 2, 0
2026/3/16, 00:05:00, 5138.5, 5138.5, 5138.5, 5138.5, 1, 1, 0, 1
2026/3/16, 00:25:00, 5135.8, 5135.8, 5135.8, 5135.8, 1, 1, 0, 1
2026/3/16, 01:10:00, 5130.5, 5130.5, 5130.5, 5130.5, 1, 1, 1, 0
2026/3/16, 01:15:00, 5117.4, 5117.4, 5117.4, 5117.4, 1, 1, 0, 1
2026/3/16, 01:35:00, 5109.4, 5109.4, 5109.4, 5109.4, 1, 1, 0, 1
2026/3/16, 02:45:00, 5113.5, 5113.5, 5113.5, 5113.5, 1, 1, 0, 1
2026/3/16, 03:50:00, 5132.5, 5132.5, 5132.5, 5132.5, 1, 1, 1, 0
2026/3/16, 05:15:00, 5123.9, 5123.9, 5123.9, 5123.9, 1, 1, 0, 1
2026/3/16, 06:10:00, 5137.6, 5137.6, 5137.2, 5137.2, 2, 2, 1, 1
2026/3/16, 06:15:00, 5149.0, 5149.0, 5148.3, 5148.3, 2, 2, 1, 1
2026/3/16, 06:45:00, 5129.1, 5129.1, 5129.1, 5129.1, 2, 1, 2, 0
2026/3/16, 06:55:00, 5126.9, 5126.9, 5126.9, 5126.9, 1, 1, 0, 1
2026/3/16, 07:15:00, 5120.0, 5120.0, 5120.0, 5120.0, 1, 1, 0, 1
2026/3/16, 07:30:00, 5118.4, 5122.1, 5118.3, 5120.7, 12, 9, 2, 10
2026/3/16, 07:35:00, 5119.6, 5119.9, 5109.8, 5109.8, 7, 5, 7, 0
2026/3/16, 07:40:00, 5110.3, 5110.3, 5108.4, 5108.4, 2, 2, 0, 2
2026/3/16, 07:45:00, 5111.7, 5111.7, 5111.6, 5111.6, 2, 2, 0, 2
2026/3/16, 08:00:00, 5111.5, 5111.5, 5111.5, 5111.5, 1, 1, 1, 0
2026/3/16, 08:10:00, 5114.1, 5114.1, 5114.1, 5114.1, 2, 1, 2, 0
2026/3/16, 08:20:00, 5113.4, 5117.3, 5113.4, 5117.3, 3, 3, 3, 0
2026/3/16, 09:45:00, 5091.4, 5091.4, 5091.3, 5091.3, 3, 2, 3, 0
2026/3/16, 09:50:00, 5091.6, 5091.6, 5091.6, 5091.6, 1, 1, 1, 0
2026/3/16, 10:10:00, 5091.1, 5091.1, 5090.6, 5090.6, 2, 2, 0, 2
2026/3/16, 10:15:00, 5093.1, 5093.1, 5093.1, 5093.1, 1, 1, 1, 0
2026/3/16, 10:30:00, 5101.2, 5101.2, 5101.2, 5101.2, 1, 1, 0, 1
2026/3/16, 10:40:00, 5096.3, 5096.3, 5096.3, 5096.3, 1, 1, 0, 1
2026/3/16, 10:55:00, 5114.0, 5114.0, 5114.0, 5114.0, 1, 1, 0, 1
2026/3/16, 11:10:00, 5120.5, 5120.5, 5120.5, 5120.5, 1, 1, 1, 0
2026/3/16, 11:20:00, 5128.0, 5128.5, 5127.7, 5128.5, 11, 5, 10, 1
2026/3/16, 11:25:00, 5135.6, 5135.6, 5135.1, 5135.1, 2, 2, 2, 0
2026/3/16, 11:30:00, 5133.4, 5133.4, 5133.1, 5133.1, 10, 4, 10, 0
2026/3/16, 11:40:00, 5130.3, 5130.3, 5130.3, 5130.3, 1, 1, 0, 1
2026/3/16, 12:20:00, 5130.5, 5133.1, 5130.5, 5133.1, 5, 5, 4, 1
2026/3/16, 12:30:00, 5142.2, 5142.2, 5136.0, 5136.0, 2, 2, 2, 0
2026/3/16, 13:10:00, 5137.4, 5139.0, 5137.4, 5137.6, 3, 3, 3, 0
2026/3/16, 13:15:00, 5144.3, 5145.6, 5144.3, 5145.2, 4, 4, 3, 1
2026/3/16, 14:00:00, 5150.5, 5150.9, 5150.5, 5150.9, 5, 4, 1, 4
2026/3/16, 14:05:00, 5151.3, 5151.3, 5151.3, 5151.3, 1, 1, 0, 1
2026/3/16, 14:10:00, 5151.8, 5154.9, 5150.2, 5150.2, 3, 3, 1, 2
2026/3/16, 14:15:00, 5146.5, 5147.0, 5146.5, 5147.0, 2, 2, 1, 1
2026/3/16, 14:25:00, 5137.9, 5137.9, 5137.9, 5137.9, 1, 1, 0, 1
2026/3/16, 14:40:00, 5121.2, 5121.2, 5121.2, 5121.2, 2, 1, 2, 0
2026/3/16, 14:45:00, 5110.1, 5110.1, 5110.0, 5110.0, 2, 2, 2, 0
2026/3/16, 14:50:00, 5112.3, 5112.5, 5111.4, 5112.5, 18, 8, 2, 16
2026/3/16, 15:10:00, 5112.8, 5112.8, 5112.8, 5112.8, 3, 2, 3, 0
2026/3/16, 15:20:00, 5118.1, 5118.1, 5118.0, 5118.0, 3, 2, 2, 1
2026/3/16, 15:50:00, 5109.0, 5109.0, 5105.6, 5105.6, 7, 5, 6, 1
2026/3/16, 15:55:00, 5101.0, 5101.0, 5101.0, 5101.0, 1, 1, 0, 1
2026/3/16, 16:10:00, 5114.9, 5114.9, 5114.9, 5114.9, 1, 1, 1, 0
2026/3/16, 16:15:00, 5110.0, 5110.0, 5110.0, 5110.0, 1, 1, 1, 0
2026/3/16, 16:20:00, 5110.0, 5110.0, 5110.0, 5110.0, 1, 1, 1, 0
2026/3/16, 16:25:00, 5102.9, 5102.9, 5100.6, 5100.9, 11, 6, 1, 10
2026/3/16, 16:40:00, 5103.8, 5104.0, 5103.8, 5104.0, 5, 3, 0, 5
2026/3/16, 18:25:00, 5120.5, 5122.6, 5120.5, 5122.6, 2, 2, 1, 1
2026/3/16, 18:30:00, 5125.3, 5125.3, 5125.3, 5125.3, 1, 1, 0, 1
2026/3/16, 18:35:00, 5130.0, 5130.0, 5130.0, 5130.0, 1, 1, 0, 1
2026/3/16, 20:05:00, 5132.0, 5132.0, 5132.0, 5132.0, 1, 1, 0, 1
2026/3/16, 20:10:00, 5139.9, 5139.9, 5139.9, 5139.9, 1, 1, 0, 1
2026/3/16, 20:20:00, 5134.3, 5134.8, 5134.3, 5134.8, 20, 5, 0, 20
2026/3/16, 20:55:00, 5125.3, 5125.3, 5125.3, 5125.3, 1, 1, 1, 0
2026/3/16, 22:25:00, 5117.1, 5117.1, 5117.1, 5117.1, 1, 1, 1, 0
2026/3/17, 00:40:00, 5119.2, 5119.2, 5119.2, 5119.2, 1, 1, 0, 1
2026/3/17, 00:55:00, 5120.6, 5120.6, 5120.6, 5120.6, 1, 1, 1, 0
2026/3/17, 01:55:00, 5142.8, 5142.8, 5142.8, 5142.8, 1, 1, 1, 0
2026/3/17, 02:00:00, 5142.0, 5142.0, 5142.0, 5142.0, 1, 1, 1, 0
2026/3/17, 02:10:00, 5136.8, 5136.8, 5136.8, 5136.8, 1, 1, 1, 0
2026/3/17, 02:20:00, 5136.2, 5136.2, 5136.2, 5136.2, 1, 1, 1, 0
2026/3/17, 03:50:00, 5145.8, 5145.8, 5145.8, 5145.8, 1, 1, 0, 1
2026/3/17, 04:10:00, 5145.9, 5145.9, 5145.9, 5145.9, 1, 1, 0, 1
2026/3/17, 04:20:00, 5146.1, 5146.1, 5146.1, 5146.1, 1, 1, 0, 1
2026/3/17, 04:25:00, 5145.4, 5147.2, 5145.4, 5147.2, 2, 2, 2, 0
2026/3/17, 04:30:00, 5152.5, 5152.5, 5150.5, 5150.5, 3, 3, 3, 0
2026/3/17, 05:30:00, 5156.0, 5156.0, 5156.0, 5156.0, 1, 1, 1, 0
2026/3/17, 05:55:00, 5137.8, 5137.8, 5137.8, 5137.8, 1, 1, 0, 1
2026/3/17, 06:00:00, 5137.6, 5137.6, 5134.0, 5134.0, 4, 3, 3, 1
2026/3/17, 06:05:00, 5125.1, 5125.1, 5125.1, 5125.1, 1, 1, 1, 0
2026/3/17, 06:10:00, 5124.2, 5124.8, 5124.2, 5124.8, 10, 6, 0, 10
2026/3/17, 06:20:00, 5127.0, 5127.0, 5127.0, 5127.0, 1, 1, 1, 0
2026/3/17, 06:30:00, 5129.3, 5129.3, 5129.3, 5129.3, 1, 1, 0, 1
2026/3/17, 06:35:00, 5129.1, 5129.1, 5129.1, 5129.1, 1, 1, 1, 0
2026/3/17, 06:55:00, 5123.9, 5124.2, 5123.9, 5124.2, 2, 2, 1, 1
2026/3/17, 07:50:00, 5138.0, 5138.0, 5138.0, 5138.0, 1, 1, 0, 1
2026/3/17, 10:40:00, 5112.0, 5112.0, 5110.0, 5110.0, 2, 2, 2, 0
2026/3/17, 11:00:00, 5115.8, 5115.8, 5115.8, 5115.8, 1, 1, 0, 1
2026/3/17, 11:55:00, 5120.9, 5120.9, 5120.9, 5120.9, 1, 1, 0, 1
2026/3/17, 12:00:00, 5117.9, 5117.9, 5117.9, 5117.9, 1, 1, 0, 1
2026/3/17, 12:05:00, 5124.3, 5124.3, 5124.3, 5124.3, 1, 1, 0, 1
2026/3/17, 12:15:00, 5127.3, 5127.3, 5127.3, 5127.3, 1, 1, 0, 1
2026/3/17, 12:20:00, 5132.2, 5133.0, 5131.9, 5133.0, 3, 3, 1, 2
2026/3/17, 12:25:00, 5136.6, 5136.6, 5136.3, 5136.3, 10, 4, 10, 0
2026/3/17, 12:30:00, 5139.2, 5139.2, 5138.2, 5138.2, 11, 4, 10, 1
2026/3/17, 12:35:00, 5136.1, 5136.1, 5136.1, 5136.1, 1, 1, 0, 1
2026/3/17, 12:40:00, 5134.4, 5134.4, 5134.4, 5134.4, 1, 1, 1, 0
2026/3/17, 12:55:00, 5130.0, 5130.0, 5130.0, 5130.0, 1, 1, 1, 0
2026/3/17, 13:30:00, 5141.1, 5141.1, 5140.3, 5140.4, 3, 3, 0, 3
2026/3/17, 13:35:00, 5137.2, 5137.2, 5137.2, 5137.2, 1, 1, 1, 0
2026/3/17, 13:40:00, 5147.3, 5147.3, 5147.3, 5147.3, 1, 1, 0, 1
2026/3/17, 13:45:00, 5143.0, 5143.0, 5143.0, 5143.0, 1, 1, 0, 1
2026/3/17, 14:00:00, 5130.9, 5131.9, 5130.9, 5131.9, 2, 2, 1, 1
2026/3/17, 14:10:00, 5133.8, 5133.8, 5133.8, 5133.8, 1, 1, 1, 0
2026/3/17, 14:55:00, 5124.2, 5125.6, 5124.2, 5125.6, 2, 2, 1, 1
2026/3/17, 15:25:00, 5115.4, 5115.4, 5110.0, 5110.0, 3, 3, 2, 1
2026/3/17, 15:30:00, 5113.9, 5114.3, 5113.9, 5114.3, 10, 4, 0, 10
2026/3/17, 15:35:00, 5100.0, 5100.0, 5097.6, 5097.8, 16, 6, 6, 10
2026/3/17, 15:45:00, 5105.9, 5109.0, 5105.9, 5108.6, 11, 5, 10, 1
2026/3/17, 16:15:00, 5117.2, 5117.2, 5116.8, 5116.8, 10, 4, 10, 0
2026/3/17, 16:30:00, 5118.7, 5118.7, 5118.7, 5118.7, 1, 1, 1, 0
2026/3/17, 23:25:00, 5115.9, 5115.9, 5115.9, 5115.9, 1, 1, 1, 0
2026/3/18, 00:05:00, 5126.0, 5126.0, 5126.0, 5126.0, 1, 1, 0, 1
2026/3/18, 00:40:00, 5118.6, 5118.6, 5118.6, 5118.6, 1, 1, 1, 0
2026/3/18, 00:55:00, 5119.6, 5119.6, 5119.6, 5119.6, 1, 1, 0, 1
2026/3/18, 01:00:00, 5121.9, 5123.6, 5121.9, 5123.6, 2, 2, 1, 1
2026/3/18, 01:05:00, 5126.5, 5126.5, 5126.5, 5126.5, 1, 1, 0, 1
2026/3/18, 01:45:00, 5114.5, 5114.5, 5114.5, 5114.5, 1, 1, 1, 0
2026/3/18, 01:50:00, 5113.0, 5113.0, 5109.5, 5109.5, 5, 5, 3, 2
2026/3/18, 01:55:00, 5111.5, 5113.3, 5111.5, 5113.3, 2, 2, 0, 2
2026/3/18, 02:05:00, 5114.5, 5114.5, 5114.5, 5114.5, 1, 1, 0, 1
2026/3/18, 02:15:00, 5118.2, 5118.2, 5118.2, 5118.2, 1, 1, 0, 1
2026/3/18, 02:20:00, 5121.0, 5121.0, 5121.0, 5121.0, 1, 1, 0, 1
2026/3/18, 02:30:00, 5115.7, 5115.7, 5115.7, 5115.7, 1, 1, 0, 1
2026/3/18, 02:35:00, 5116.4, 5116.4, 5116.4, 5116.4, 1, 1, 0, 1
2026/3/18, 02:45:00, 5118.2, 5118.2, 5118.2, 5118.2, 1, 1, 1, 0
2026/3/18, 02:50:00, 5113.5, 5113.5, 5110.0, 5110.0, 3, 3, 2, 1
2026/3/18, 02:55:00, 5105.1, 5105.1, 5104.6, 5104.6, 15, 8, 15, 0
2026/3/18, 03:45:00, 5109.8, 5110.0, 5109.8, 5110.0, 11, 5, 5, 6
2026/3/18, 04:25:00, 5106.0, 5106.0, 5106.0, 5106.0, 1, 1, 1, 0
2026/3/18, 04:30:00, 5104.6, 5104.6, 5104.0, 5104.3, 3, 3, 1, 2
2026/3/18, 04:35:00, 5100.6, 5100.6, 5100.6, 5100.6, 1, 1, 1, 0
2026/3/18, 04:55:00, 5097.6, 5097.6, 5097.6, 5097.6, 1, 1, 1, 0
2026/3/18, 05:35:00, 5107.2, 5114.2, 5107.2, 5114.2, 4, 3, 1, 3
2026/3/18, 05:50:00, 5112.4, 5114.8, 5112.4, 5114.8, 2, 2, 2, 0
2026/3/18, 06:05:00, 5115.0, 5115.0, 5115.0, 5115.0, 1, 1, 0, 1
2026/3/18, 06:10:00, 5121.0, 5121.7, 5121.0, 5121.7, 2, 2, 1, 1
2026/3/18, 06:15:00, 5123.9, 5123.9, 5123.9, 5123.9, 1, 1, 1, 0
2026/3/18, 06:30:00, 5126.5, 5126.5, 5126.5, 5126.5, 1, 1, 0, 1
2026/3/18, 07:35:00, 5120.8, 5120.8, 5120.6, 5120.6, 11, 3, 11, 0
2026/3/18, 07:50:00, 5107.5, 5107.8, 5107.5, 5107.8, 10, 4, 0, 10
2026/3/18, 07:55:00, 5107.2, 5107.2, 5107.2, 5107.2, 1, 1, 0, 1
2026/3/18, 08:05:00, 5109.7, 5109.7, 5109.7, 5109.7, 1, 1, 0, 1
2026/3/18, 08:20:00, 5099.3, 5101.3, 5099.1, 5101.3, 18, 12, 6, 12
2026/3/18, 08:50:00, 5102.7, 5102.7, 5102.7, 5102.7, 1, 1, 1, 0
2026/3/18, 09:50:00, 5111.0, 5111.0, 5109.6, 5109.6, 12, 3, 11, 1
2026/3/18, 10:25:00, 5098.0, 5098.0, 5097.3, 5097.3, 7, 6, 7, 0
2026/3/18, 10:30:00, 5098.3, 5098.3, 5097.0, 5097.0, 6, 6, 5, 1
2026/3/18, 10:35:00, 5075.0, 5084.5, 5075.0, 5084.5, 4, 4, 2, 2
2026/3/18, 10:55:00, 5085.1, 5085.1, 5075.2, 5075.2, 7, 5, 7, 0
2026/3/18, 11:00:00, 5077.7, 5077.7, 5077.7, 5077.7, 1, 1, 1, 0
2026/3/18, 11:05:00, 5066.8, 5067.2, 5066.8, 5067.2, 2, 2, 2, 0
2026/3/18, 11:10:00, 5077.7, 5077.7, 5077.7, 5077.7, 1, 1, 0, 1
2026/3/18, 11:20:00, 5082.4, 5082.8, 5082.4, 5082.8, 10, 5, 0, 10
2026/3/18, 11:25:00, 5079.9, 5079.9, 5063.1, 5063.5, 16, 9, 6, 10
2026/3/18, 11:30:00, 5074.9, 5074.9, 5074.9, 5074.9, 1, 1, 1, 0
2026/3/18, 11:40:00, 5050.0, 5052.1, 5049.7, 5052.1, 3, 3, 2, 1
2026/3/18, 11:45:00, 5049.9, 5050.2, 5049.9, 5050.2, 10, 4, 0, 10
2026/3/18, 11:55:00, 5046.3, 5046.3, 5040.0, 5040.0, 3, 3, 2, 1
2026/3/18, 12:05:00, 5046.3, 5046.3, 5028.0, 5028.6, 13, 6, 11, 2
2026/3/18, 12:10:00, 5026.5, 5026.5, 5019.1, 5020.6, 5, 5, 1, 4
2026/3/18, 12:15:00, 5024.5, 5024.5, 5014.0, 5020.0, 11, 8, 8, 3
2026/3/18, 12:20:00, 5020.0, 5020.0, 5011.0, 5011.0, 4, 4, 4, 0
2026/3/18, 12:25:00, 5010.1, 5010.1, 5008.6, 5008.9, 4, 4, 2, 2
2026/3/18, 12:30:00, 5009.5, 5009.5, 4999.2, 4999.2, 7, 7, 3, 4
2026/3/18, 12:35:00, 4999.2, 4999.2, 4992.9, 4992.9, 21, 14, 20, 1
2026/3/18, 12:40:00, 4999.7, 4999.8, 4987.2, 4989.5, 17, 12, 11, 6
2026/3/18, 12:50:00, 4986.7, 4997.7, 4986.7, 4997.7, 2, 2, 0, 2
2026/3/18, 12:55:00, 4999.1, 4999.1, 4995.3, 4995.3, 8, 5, 5, 3
2026/3/18, 13:00:00, 4974.1, 4974.1, 4968.0, 4968.0, 23, 13, 22, 1
2026/3/18, 13:05:00, 4972.2, 4972.2, 4972.2, 4972.2, 1, 1, 1, 0
2026/3/18, 13:10:00, 4969.8, 4969.8, 4969.8, 4969.8, 1, 1, 0, 1
2026/3/18, 13:15:00, 4959.9, 4959.9, 4949.5, 4949.5, 9, 8, 6, 3
2026/3/18, 13:25:00, 4971.8, 4974.2, 4968.9, 4968.9, 7, 5, 6, 1
2026/3/18, 13:30:00, 4967.1, 4967.1, 4967.1, 4967.1, 1, 1, 0, 1
2026/3/18, 13:40:00, 4979.0, 4995.0, 4979.0, 4995.0, 5, 5, 5, 0
2026/3/18, 13:50:00, 4976.0, 4984.0, 4975.0, 4984.0, 4, 3, 3, 1
2026/3/18, 13:55:00, 4986.5, 4986.5, 4986.5, 4986.5, 1, 1, 0, 1
2026/3/18, 14:00:00, 4986.5, 4986.5, 4986.5, 4986.5, 1, 1, 1, 0
2026/3/18, 14:05:00, 5005.0, 5006.8, 5003.0, 5005.8, 9, 8, 3, 6
2026/3/18, 14:10:00, 4995.0, 4997.0, 4995.0, 4997.0, 6, 3, 1, 5
2026/3/18, 14:15:00, 4995.2, 4995.2, 4995.0, 4995.0, 5, 3, 5, 0
2026/3/18, 14:25:00, 4977.5, 4977.5, 4977.5, 4977.5, 1, 1, 0, 1
2026/3/18, 14:30:00, 4977.4, 4977.4, 4977.4, 4977.4, 1, 1, 0, 1
2026/3/18, 14:35:00, 4969.0, 4975.0, 4969.0, 4975.0, 2, 2, 1, 1
2026/3/18, 15:05:00, 4989.0, 4989.0, 4989.0, 4989.0, 1, 1, 0, 1
2026/3/18, 15:20:00, 4982.0, 4982.0, 4982.0, 4982.0, 1, 1, 1, 0
2026/3/18, 16:05:00, 4982.0, 4982.0, 4982.0, 4982.0, 1, 1, 0, 1
2026/3/18, 17:25:00, 5008.5, 5008.5, 5008.5, 5008.5, 1, 1, 0, 1
2026/3/18, 18:10:00, 5003.5, 5003.5, 5003.5, 5003.5, 1, 1, 1, 0
2026/3/18, 18:50:00, 4979.7, 4979.7, 4979.7, 4979.7, 1, 1, 1, 0
2026/3/18, 19:00:00, 4965.0, 4965.0, 4965.0, 4965.0, 1, 1, 1, 0
2026/3/18, 19:05:00, 4970.7, 4972.8, 4970.7, 4972.8, 2, 2, 0, 2
2026/3/18, 19:25:00, 4960.7, 4960.7, 4960.7, 4960.7, 1, 1, 1, 0
2026/3/18, 19:40:00, 4960.7, 4960.7, 4960.7, 4960.7, 5, 1, 0, 5
2026/3/18, 19:50:00, 4953.0, 4953.0, 4949.1, 4949.1, 3, 3, 3, 0
2026/3/18, 20:10:00, 4949.0, 4949.0, 4949.0, 4949.0, 1, 1, 1, 0
2026/3/18, 20:15:00, 4936.0, 4936.0, 4936.0, 4936.0, 2, 2, 2, 0
2026/3/18, 20:25:00, 4932.0, 4932.0, 4925.0, 4925.0, 2, 2, 1, 1
2026/3/18, 20:30:00, 4920.0, 4920.0, 4920.0, 4920.0, 2, 2, 2, 0
2026/3/18, 20:35:00, 4930.4, 4930.4, 4930.4, 4930.4, 1, 1, 1, 0
2026/3/18, 20:45:00, 4930.6, 4930.6, 4930.5, 4930.5, 3, 2, 3, 0
2026/3/18, 22:00:00, 4943.1, 4943.1, 4943.1, 4943.1, 1, 1, 1, 0
2026/3/18, 22:25:00, 4931.8, 4931.8, 4931.8, 4931.8, 2, 1, 0, 2
2026/3/18, 22:30:00, 4922.5, 4922.5, 4922.5, 4922.5, 1, 1, 0, 1
2026/3/18, 22:45:00, 4945.1, 4948.0, 4945.1, 4948.0, 2, 2, 1, 1
2026/3/18, 23:05:00, 4946.3, 4946.3, 4946.3, 4946.3, 1, 1, 0, 1
2026/3/18, 23:55:00, 4947.0, 4947.0, 4947.0, 4947.0, 1, 1, 1, 0
2026/3/19, 00:05:00, 4956.8, 4956.9, 4956.8, 4956.9, 3, 3, 1, 2
2026/3/19, 01:10:00, 4950.4, 4950.5, 4950.4, 4950.5, 3, 3, 3, 0
2026/3/19, 01:15:00, 4946.9, 4946.9, 4946.9, 4946.9, 1, 1, 1, 0
2026/3/19, 01:20:00, 4946.5, 4946.5, 4944.7, 4945.4, 4, 4, 1, 3
2026/3/19, 01:35:00, 4969.1, 4971.9, 4969.1, 4971.9, 9, 5, 0, 9
2026/3/19, 02:15:00, 4962.9, 4963.2, 4962.9, 4963.2, 4, 2, 0, 4
2026/3/19, 02:20:00, 4962.5, 4965.8, 4962.5, 4965.8, 2, 2, 1, 1
2026/3/19, 02:35:00, 4970.0, 4970.0, 4969.6, 4969.6, 5, 5, 0, 5
2026/3/19, 02:45:00, 4968.8, 4968.8, 4968.8, 4968.8, 1, 1, 1, 0
2026/3/19, 03:45:00, 4964.3, 4964.3, 4964.3, 4964.3, 1, 1, 1, 0
2026/3/19, 04:00:00, 4960.7, 4960.7, 4960.6, 4960.6, 2, 2, 1, 1
2026/3/19, 04:05:00, 4958.0, 4958.1, 4958.0, 4958.1, 2, 2, 2, 0
2026/3/19, 04:30:00, 4959.0, 4959.0, 4958.8, 4958.8, 4, 2, 4, 0
