Date, Time, Open, High, Low, Last, Volume, NumberOfTrades, BidVolume, AskVolume
2026/2/17, 23:00:00, 5011.8, 5028.8, 5006.8, 5006.8, 6, 6, 3, 3
2026/2/18, 00:00:00, 5018.8, 5023.8, 5018.8, 5023.8, 6, 4, 0, 6
2026/2/18, 02:00:00, 5042.3, 5056.9, 5042.3, 5056.9, 11, 7, 9, 2
2026/2/18, 03:00:00, 5066.9, 5073.7, 5066.9, 5073.7, 18, 18, 6, 12
2026/2/18, 04:00:00, 5076.0, 5093.4, 5076.0, 5090.8, 17, 17, 12, 5
2026/2/18, 05:00:00, 5091.3, 5091.3, 5086.6, 5086.6, 3, 3, 0, 3
2026/2/18, 06:00:00, 5082.1, 5082.5, 5082.1, 5082.5, 3, 3, 1, 2
2026/2/18, 08:00:00, 5081.0, 5081.0, 5081.0, 5081.0, 1, 1, 1, 0
2026/2/18, 09:00:00, 5069.8, 5077.0, 5069.5, 5077.0, 3, 3, 2, 1
2026/2/18, 10:00:00, 5076.4, 5076.4, 5068.3, 5071.2, 7, 6, 5, 2
2026/2/18, 11:00:00, 5069.0, 5069.0, 5064.6, 5064.6, 15, 10, 12, 3
2026/2/18, 12:00:00, 5099.0, 5099.0, 5099.0, 5099.0, 1, 1, 0, 1
2026/2/18, 13:00:00, 5102.9, 5120.0, 5102.9, 5105.4, 11, 9, 5, 6
2026/2/18, 14:00:00, 5113.6, 5150.0, 5113.5, 5149.3, 44, 32, 24, 20
2026/2/18, 15:00:00, 5157.1, 5165.0, 5153.3, 5155.2, 36, 28, 21, 15
2026/2/18, 16:00:00, 5152.9, 5166.6, 5152.4, 5166.6, 9, 9, 5, 4
2026/2/18, 17:00:00, 5157.3, 5157.5, 5156.0, 5156.0, 8, 5, 4, 4
2026/2/18, 18:00:00, 5152.9, 5152.9, 5142.7, 5142.7, 8, 8, 8, 0
2026/2/18, 19:00:00, 5148.0, 5153.0, 5137.9, 5137.9, 6, 5, 5, 1
2026/2/18, 20:00:00, 5137.8, 5143.1, 5137.6, 5142.6, 11, 6, 6, 5
2026/2/18, 21:00:00, 5142.0, 5143.1, 5138.4, 5140.6, 17, 14, 9, 8
2026/2/18, 23:00:00, 5129.8, 5135.5, 5124.0, 5135.5, 4, 4, 3, 1
2026/2/19, 00:00:00, 5122.4, 5122.4, 5122.4, 5122.4, 1, 1, 1, 0
2026/2/19, 02:00:00, 5128.0, 5132.4, 5128.0, 5131.6, 5, 5, 1, 4
2026/2/19, 03:00:00, 5125.0, 5138.5, 5125.0, 5138.5, 3, 3, 1, 2
2026/2/19, 04:00:00, 5140.0, 5140.0, 5140.0, 5140.0, 1, 1, 1, 0
2026/2/19, 05:00:00, 5144.0, 5150.0, 5144.0, 5150.0, 3, 3, 0, 3
2026/2/19, 06:00:00, 5160.3, 5174.0, 5160.3, 5174.0, 14, 10, 7, 7
2026/2/19, 07:00:00, 5173.9, 5174.8, 5173.9, 5174.8, 5, 5, 1, 4
2026/2/19, 08:00:00, 5167.0, 5175.3, 5167.0, 5175.3, 13, 10, 9, 4
2026/2/19, 09:00:00, 5175.2, 5175.2, 5160.0, 5160.0, 3, 3, 3, 0
2026/2/19, 10:00:00, 5144.6, 5146.5, 5144.6, 5146.5, 2, 2, 1, 1
2026/2/19, 11:00:00, 5141.0, 5141.0, 5141.0, 5141.0, 1, 1, 1, 0
2026/2/19, 12:00:00, 5141.2, 5141.2, 5141.2, 5141.2, 1, 1, 1, 0
2026/2/19, 13:00:00, 5140.0, 5152.2, 5131.9, 5152.2, 13, 13, 8, 5
2026/2/19, 14:00:00, 5138.7, 5165.5, 5123.5, 5163.3, 43, 28, 24, 19
2026/2/19, 15:00:00, 5163.0, 5181.1, 5160.9, 5167.8, 20, 18, 15, 5
2026/2/19, 16:00:00, 5171.1, 5171.1, 5149.9, 5149.9, 10, 9, 6, 4
2026/2/19, 17:00:00, 5154.0, 5156.8, 5147.1, 5150.1, 5, 4, 3, 2
2026/2/19, 18:00:00, 5134.4, 5134.4, 5134.4, 5134.4, 1, 1, 1, 0
2026/2/19, 19:00:00, 5144.2, 5144.2, 5144.2, 5144.2, 1, 1, 1, 0
2026/2/19, 20:00:00, 5147.1, 5160.4, 5147.1, 5158.9, 14, 13, 6, 8
2026/2/19, 21:00:00, 5159.3, 5160.6, 5153.4, 5153.4, 8, 6, 4, 4
2026/2/20, 01:00:00, 5170.0, 5171.4, 5161.1, 5161.1, 12, 11, 9, 3
2026/2/20, 02:00:00, 5150.0, 5165.2, 5150.0, 5157.2, 7, 7, 5, 2
2026/2/20, 03:00:00, 5147.8, 5147.8, 5146.5, 5146.5, 2, 2, 2, 0
2026/2/20, 04:00:00, 5152.6, 5158.3, 5152.6, 5158.3, 2, 2, 1, 1
2026/2/20, 06:00:00, 5172.1, 5187.9, 5172.1, 5187.9, 25, 21, 10, 15
2026/2/20, 07:00:00, 5177.4, 5183.1, 5165.7, 5165.7, 15, 12, 9, 6
2026/2/20, 08:00:00, 5169.2, 5189.7, 5163.8, 5189.7, 15, 12, 5, 10
2026/2/20, 09:00:00, 5189.6, 5201.2, 5189.6, 5199.9, 4, 4, 1, 3
2026/2/20, 10:00:00, 5186.5, 5186.5, 5181.9, 5184.0, 4, 4, 3, 1
2026/2/20, 11:00:00, 5189.4, 5191.2, 5189.4, 5191.2, 2, 2, 1, 1
2026/2/20, 12:00:00, 5170.0, 5170.0, 5170.0, 5170.0, 1, 1, 1, 0
2026/2/20, 13:00:00, 5190.0, 5204.8, 5190.0, 5204.8, 4, 4, 0, 4
2026/2/20, 14:00:00, 5199.9, 5219.4, 5199.9, 5218.9, 19, 15, 10, 9
2026/2/20, 15:00:00, 5225.0, 5225.0, 5152.1, 5197.9, 28, 21, 15, 13
2026/2/20, 16:00:00, 5206.9, 5228.0, 5206.9, 5228.0, 10, 7, 4, 6
2026/2/20, 17:00:00, 5229.1, 5238.1, 5217.9, 5238.1, 14, 11, 6, 8
2026/2/20, 18:00:00, 5234.8, 5236.1, 5225.9, 5236.1, 18, 15, 12, 6
2026/2/20, 19:00:00, 5239.0, 5246.7, 5239.0, 5245.3, 11, 6, 2, 9
2026/2/20, 20:00:00, 5244.6, 5263.9, 5244.6, 5263.9, 9, 9, 2, 7
2026/2/20, 21:00:00, 5261.0, 5269.1, 5257.2, 5269.1, 9, 8, 5, 4
2026/2/22, 23:00:00, 5277.7, 5335.5, 5277.7, 5334.0, 27, 24, 8, 19
2026/2/23, 00:00:00, 5311.5, 5322.5, 5300.2, 5310.0, 10, 10, 6, 4
2026/2/23, 01:00:00, 5319.1, 5332.0, 5313.6, 5332.0, 10, 10, 6, 4
2026/2/23, 02:00:00, 5332.6, 5344.0, 5332.0, 5341.0, 11, 11, 3, 8
2026/2/23, 03:00:00, 5340.5, 5342.3, 5321.6, 5334.1, 14, 13, 11, 3
2026/2/23, 04:00:00, 5329.5, 5329.6, 5322.6, 5322.6, 3, 3, 1, 2
2026/2/23, 05:00:00, 5322.3, 5322.3, 5319.3, 5319.6, 12, 10, 6, 6
2026/2/23, 07:00:00, 5308.6, 5316.3, 5299.2, 5303.0, 15, 13, 12, 3
2026/2/23, 08:00:00, 5299.9, 5299.9, 5292.8, 5292.8, 3, 3, 3, 0
2026/2/23, 09:00:00, 5310.2, 5313.0, 5310.2, 5311.0, 5, 4, 2, 3
2026/2/23, 10:00:00, 5316.0, 5329.0, 5313.9, 5329.0, 7, 7, 3, 4
2026/2/23, 11:00:00, 5318.1, 5318.2, 5318.1, 5318.2, 2, 2, 1, 1
2026/2/23, 12:00:00, 5315.9, 5331.5, 5315.9, 5331.5, 7, 7, 2, 5
2026/2/23, 13:00:00, 5322.1, 5322.1, 5312.3, 5312.3, 3, 3, 2, 1
2026/2/23, 14:00:00, 5315.9, 5368.1, 5315.9, 5356.2, 53, 42, 16, 37
2026/2/23, 15:00:00, 5359.0, 5371.2, 5354.9, 5363.9, 46, 36, 21, 25
2026/2/23, 16:00:00, 5352.8, 5387.1, 5349.5, 5380.9, 40, 27, 19, 21
2026/2/23, 17:00:00, 5368.9, 5378.1, 5360.0, 5372.5, 9, 7, 5, 4
2026/2/23, 18:00:00, 5375.2, 5380.0, 5373.9, 5375.4, 10, 9, 7, 3
2026/2/23, 19:00:00, 5378.6, 5381.1, 5378.6, 5380.0, 7, 6, 1, 6
2026/2/23, 20:00:00, 5388.1, 5400.8, 5386.4, 5400.8, 14, 13, 6, 8
2026/2/23, 21:00:00, 5396.7, 5398.0, 5395.0, 5398.0, 7, 7, 3, 4
2026/2/24, 00:00:00, 5400.4, 5400.4, 5388.9, 5388.9, 6, 5, 3, 3
2026/2/24, 01:00:00, 5381.8, 5381.8, 5314.6, 5330.1, 15, 15, 8, 7
2026/2/24, 02:00:00, 5331.8, 5350.7, 5331.8, 5350.7, 7, 6, 5, 2
2026/2/24, 03:00:00, 5350.4, 5350.4, 5338.6, 5338.6, 4, 4, 4, 0
2026/2/24, 04:00:00, 5335.5, 5335.5, 5330.7, 5330.7, 5, 5, 3, 2
2026/2/24, 05:00:00, 5332.0, 5337.0, 5332.0, 5336.1, 3, 3, 1, 2
2026/2/24, 08:00:00, 5334.1, 5343.7, 5334.1, 5343.7, 2, 2, 1, 1
2026/2/24, 09:00:00, 5339.3, 5339.3, 5339.3, 5339.3, 1, 1, 1, 0
2026/2/24, 12:00:00, 5335.6, 5335.6, 5311.3, 5314.6, 7, 7, 6, 1
2026/2/24, 13:00:00, 5316.7, 5317.0, 5278.4, 5278.4, 13, 13, 10, 3
2026/2/24, 14:00:00, 5278.4, 5301.9, 5261.8, 5292.8, 29, 27, 15, 14
2026/2/24, 15:00:00, 5284.9, 5318.0, 5284.9, 5318.0, 11, 8, 8, 3
2026/2/24, 16:00:00, 5315.0, 5315.0, 5305.9, 5308.9, 10, 9, 8, 2
2026/2/24, 17:00:00, 5315.0, 5328.1, 5315.0, 5328.1, 21, 18, 2, 19
2026/2/24, 18:00:00, 5331.6, 5332.1, 5320.4, 5324.8, 18, 12, 8, 10
2026/2/24, 19:00:00, 5325.0, 5325.0, 5312.1, 5313.0, 16, 12, 11, 5
2026/2/24, 20:00:00, 5314.9, 5337.7, 5314.9, 5334.9, 30, 23, 11, 19
2026/2/24, 21:00:00, 5318.9, 5318.9, 5307.9, 5307.9, 3, 3, 1, 2
2026/2/24, 23:00:00, 5294.0, 5294.0, 5294.0, 5294.0, 1, 1, 0, 1
2026/2/25, 00:00:00, 5306.0, 5308.7, 5303.7, 5308.7, 3, 3, 1, 2
2026/2/25, 01:00:00, 5337.1, 5353.9, 5337.1, 5351.0, 19, 14, 3, 16
2026/2/25, 02:00:00, 5348.8, 5351.3, 5348.8, 5351.3, 5, 5, 2, 3
2026/2/25, 03:00:00, 5352.4, 5352.4, 5352.4, 5352.4, 1, 1, 0, 1
2026/2/25, 05:00:00, 5360.9, 5369.5, 5360.9, 5369.5, 2, 2, 0, 2
2026/2/25, 06:00:00, 5360.3, 5360.3, 5353.0, 5353.0, 2, 2, 2, 0
2026/2/25, 07:00:00, 5351.4, 5351.4, 5351.4, 5351.4, 1, 1, 0, 1
2026/2/25, 09:00:00, 5347.5, 5347.5, 5347.5, 5347.5, 1, 1, 1, 0
2026/2/25, 10:00:00, 5340.8, 5342.3, 5340.6, 5342.1, 66, 28, 39, 27
2026/2/25, 11:00:00, 5340.8, 5342.5, 5325.9, 5342.5, 16, 10, 8, 8
2026/2/25, 12:00:00, 5349.1, 5349.9, 5343.3, 5345.0, 7, 6, 4, 3
2026/2/25, 13:00:00, 5353.1, 5355.0, 5353.1, 5353.4, 4, 3, 2, 2
2026/2/25, 14:00:00, 5355.7, 5357.9, 5327.9, 5356.1, 14, 9, 10, 4
2026/2/25, 15:00:00, 5359.1, 5368.1, 5341.9, 5364.6, 15, 12, 9, 6
2026/2/25, 16:00:00, 5362.4, 5380.1, 5362.4, 5380.1, 11, 10, 4, 7
2026/2/25, 17:00:00, 5382.1, 5384.1, 5371.9, 5374.5, 13, 7, 7, 6
2026/2/25, 20:00:00, 5368.4, 5368.7, 5316.7, 5316.7, 11, 11, 7, 4
2026/2/25, 21:00:00, 5323.4, 5338.1, 5323.4, 5330.1, 29, 22, 3, 26
2026/2/25, 23:00:00, 5342.5, 5342.5, 5324.7, 5324.7, 10, 10, 7, 3
2026/2/26, 00:00:00, 5348.2, 5351.9, 5348.0, 5348.5, 6, 6, 3, 3
2026/2/26, 01:00:00, 5355.0, 5358.0, 5347.5, 5347.6, 6, 5, 1, 5
2026/2/26, 02:00:00, 5356.8, 5356.8, 5338.5, 5338.5, 5, 5, 4, 1
2026/2/26, 03:00:00, 5352.6, 5355.7, 5352.6, 5354.2, 5, 5, 0, 5
2026/2/26, 04:00:00, 5355.7, 5361.7, 5355.7, 5357.0, 7, 7, 3, 4
2026/2/26, 05:00:00, 5359.3, 5368.6, 5359.2, 5366.8, 11, 8, 1, 10
2026/2/26, 06:00:00, 5358.0, 5358.0, 5354.2, 5354.2, 2, 2, 2, 0
2026/2/26, 07:00:00, 5348.7, 5350.8, 5346.7, 5350.0, 13, 13, 6, 7
2026/2/26, 08:00:00, 5349.6, 5349.6, 5330.0, 5343.8, 3, 3, 2, 1
2026/2/26, 09:00:00, 5343.5, 5349.1, 5338.0, 5349.1, 7, 7, 4, 3
2026/2/26, 10:00:00, 5350.2, 5350.2, 5335.8, 5335.8, 3, 3, 2, 1
2026/2/26, 11:00:00, 5337.0, 5337.0, 5325.7, 5325.7, 3, 3, 3, 0
2026/2/26, 12:00:00, 5342.2, 5347.8, 5342.2, 5347.8, 3, 3, 0, 3
2026/2/26, 13:00:00, 5335.0, 5335.0, 5327.7, 5327.7, 7, 5, 4, 3
2026/2/26, 14:00:00, 5331.1, 5333.5, 5308.8, 5329.5, 14, 10, 6, 8
2026/2/26, 15:00:00, 5317.2, 5355.8, 5295.2, 5349.6, 29, 24, 8, 21
2026/2/26, 16:00:00, 5343.7, 5347.7, 5340.2, 5340.2, 20, 18, 6, 14
2026/2/26, 17:00:00, 5345.9, 5350.4, 5324.7, 5329.3, 5, 5, 2, 3
2026/2/26, 18:00:00, 5330.8, 5348.7, 5330.8, 5345.1, 13, 13, 8, 5
2026/2/26, 19:00:00, 5349.0, 5357.9, 5349.0, 5357.9, 7, 7, 4, 3
2026/2/26, 20:00:00, 5358.1, 5362.2, 5358.1, 5362.2, 2, 2, 0, 2
2026/2/26, 21:00:00, 5350.3, 5355.0, 5350.3, 5355.0, 2, 2, 0, 2
2026/2/26, 23:00:00, 5346.3, 5349.1, 5346.3, 5349.1, 2, 2, 1, 1
2026/2/27, 00:00:00, 5346.4, 5346.4, 5339.0, 5339.8, 4, 4, 0, 4
2026/2/27, 01:00:00, 5350.8, 5356.3, 5350.8, 5356.3, 9, 8, 1, 8
2026/2/27, 02:00:00, 5358.3, 5358.3, 5337.6, 5343.4, 15, 14, 3, 12
2026/2/27, 03:00:00, 5347.7, 5351.0, 5345.6, 5350.1, 9, 8, 7, 2
2026/2/27, 05:00:00, 5352.0, 5362.4, 5352.0, 5362.4, 8, 8, 4, 4
2026/2/27, 06:00:00, 5360.9, 5360.9, 5358.2, 5358.2, 2, 2, 1, 1
2026/2/27, 07:00:00, 5345.3, 5345.3, 5340.5, 5344.0, 4, 4, 3, 1
2026/2/27, 08:00:00, 5340.6, 5340.6, 5337.6, 5337.6, 2, 2, 2, 0
2026/2/27, 09:00:00, 5341.0, 5341.0, 5335.8, 5335.8, 3, 3, 1, 2
2026/2/27, 10:00:00, 5336.0, 5336.5, 5333.3, 5333.4, 8, 6, 8, 0
2026/2/27, 11:00:00, 5338.9, 5344.7, 5338.9, 5344.7, 5, 5, 1, 4
2026/2/27, 12:00:00, 5351.2, 5351.8, 5351.2, 5351.8, 2, 2, 0, 2
2026/2/27, 13:00:00, 5356.8, 5406.4, 5356.8, 5379.4, 37, 36, 6, 31
2026/2/27, 14:00:00, 5394.2, 5399.3, 5381.6, 5391.3, 29, 22, 11, 18
2026/2/27, 15:00:00, 5402.4, 5410.7, 5379.9, 5410.1, 43, 38, 27, 16
2026/2/27, 16:00:00, 5402.0, 5423.4, 5399.9, 5400.0, 45, 34, 26, 19
2026/2/27, 17:00:00, 5394.2, 5401.7, 5393.0, 5399.8, 15, 13, 9, 6
2026/2/27, 18:00:00, 5402.2, 5411.8, 5391.0, 5411.8, 22, 12, 10, 12
2026/2/27, 19:00:00, 5412.7, 5416.5, 5410.5, 5416.5, 10, 10, 4, 6
2026/2/27, 20:00:00, 5422.1, 5432.1, 5422.1, 5429.1, 23, 18, 6, 17
2026/2/27, 21:00:00, 5430.2, 5444.4, 5425.9, 5444.4, 4, 3, 3, 1
2026/3/1, 23:00:00, 5450.1, 5557.6, 5450.1, 5554.1, 91, 77, 39, 52
2026/3/2, 00:00:00, 5548.9, 5548.9, 5509.0, 5509.0, 16, 14, 10, 6
2026/3/2, 01:00:00, 5500.0, 5502.0, 5468.2, 5488.9, 26, 23, 18, 8
2026/3/2, 02:00:00, 5497.7, 5513.0, 5490.4, 5512.6, 17, 17, 7, 10
2026/3/2, 03:00:00, 5517.0, 5529.8, 5517.0, 5529.8, 15, 15, 4, 11
2026/3/2, 04:00:00, 5527.5, 5530.2, 5514.1, 5515.1, 16, 13, 4, 12
2026/3/2, 05:00:00, 5515.1, 5517.0, 5509.8, 5517.0, 17, 13, 11, 6
2026/3/2, 06:00:00, 5538.4, 5555.7, 5538.4, 5555.2, 18, 16, 4, 14
2026/3/2, 07:00:00, 5556.4, 5583.0, 5555.3, 5577.3, 21, 20, 8, 13
2026/3/2, 08:00:00, 5573.1, 5583.0, 5558.5, 5558.5, 11, 11, 7, 4
2026/3/2, 09:00:00, 5562.5, 5562.5, 5559.5, 5559.5, 4, 4, 2, 2
2026/3/2, 10:00:00, 5550.9, 5550.9, 5549.2, 5550.0, 7, 6, 5, 2
2026/3/2, 11:00:00, 5555.2, 5555.2, 5545.1, 5549.7, 8, 8, 4, 4
2026/3/2, 12:00:00, 5546.6, 5561.0, 5546.6, 5559.4, 12, 11, 6, 6
2026/3/2, 13:00:00, 5553.8, 5575.2, 5552.6, 5566.0, 7, 7, 4, 3
2026/3/2, 14:00:00, 5528.3, 5528.3, 5478.0, 5493.9, 38, 30, 24, 14
2026/3/2, 15:00:00, 5485.0, 5512.9, 5478.3, 5478.3, 27, 27, 14, 13
2026/3/2, 16:00:00, 5472.0, 5472.6, 5423.8, 5457.0, 44, 41, 34, 10
2026/3/2, 17:00:00, 5458.8, 5478.9, 5452.6, 5472.6, 13, 11, 7, 6
2026/3/2, 18:00:00, 5472.5, 5472.5, 5461.1, 5463.4, 7, 6, 5, 2
2026/3/2, 19:00:00, 5493.7, 5493.7, 5489.7, 5490.1, 4, 4, 1, 3
2026/3/2, 20:00:00, 5496.8, 5509.8, 5496.4, 5499.8, 21, 11, 20, 1
2026/3/2, 21:00:00, 5497.1, 5503.6, 5488.5, 5490.6, 9, 9, 4, 5
2026/3/2, 23:00:00, 5504.3, 5511.1, 5498.0, 5511.1, 12, 8, 5, 7
2026/3/3, 00:00:00, 5511.9, 5526.8, 5508.4, 5526.8, 10, 7, 5, 5
2026/3/3, 01:00:00, 5538.0, 5545.6, 5510.0, 5521.6, 12, 10, 6, 6
2026/3/3, 02:00:00, 5520.8, 5533.5, 5520.8, 5533.5, 15, 14, 4, 11
2026/3/3, 03:00:00, 5537.0, 5537.0, 5531.7, 5535.2, 13, 11, 8, 5
2026/3/3, 04:00:00, 5530.0, 5538.9, 5530.0, 5530.0, 8, 7, 0, 8
2026/3/3, 05:00:00, 5519.9, 5521.4, 5470.0, 5479.0, 24, 19, 14, 10
2026/3/3, 06:00:00, 5486.9, 5486.9, 5448.1, 5472.6, 29, 25, 10, 19
2026/3/3, 07:00:00, 5479.0, 5492.4, 5479.0, 5492.4, 8, 4, 0, 8
2026/3/3, 08:00:00, 5500.0, 5500.0, 5464.0, 5464.0, 3, 3, 2, 1
2026/3/3, 09:00:00, 5450.0, 5461.5, 5399.2, 5418.7, 33, 25, 26, 7
2026/3/3, 10:00:00, 5446.8, 5446.8, 5407.8, 5407.8, 10, 8, 9, 1
2026/3/3, 11:00:00, 5411.7, 5411.7, 5236.9, 5303.8, 59, 52, 27, 32
2026/3/3, 12:00:00, 5302.1, 5381.2, 5302.1, 5381.2, 54, 42, 18, 36
2026/3/3, 13:00:00, 5361.3, 5361.3, 5296.0, 5312.3, 43, 38, 23, 20
2026/3/3, 14:00:00, 5310.6, 5325.4, 5171.8, 5203.9, 95, 89, 49, 46
2026/3/3, 15:00:00, 5198.8, 5248.1, 5149.9, 5248.1, 90, 88, 46, 44
2026/3/3, 16:00:00, 5253.9, 5280.0, 5250.3, 5255.0, 21, 21, 14, 7
2026/3/3, 17:00:00, 5246.0, 5260.8, 5225.5, 5235.6, 22, 22, 14, 8
2026/3/3, 18:00:00, 5245.3, 5294.3, 5245.3, 5294.3, 12, 12, 4, 8
2026/3/3, 19:00:00, 5293.1, 5293.1, 5259.3, 5279.7, 13, 12, 8, 5
2026/3/3, 20:00:00, 5275.0, 5284.8, 5244.8, 5244.8, 12, 12, 4, 8
2026/3/3, 21:00:00, 5261.4, 5265.1, 5247.2, 5251.0, 4, 4, 2, 2
2026/3/3, 23:00:00, 5265.9, 5284.0, 5265.9, 5279.8, 45, 34, 11, 34
2026/3/4, 00:00:00, 5269.5, 5292.0, 5264.0, 5292.0, 27, 21, 8, 19
2026/3/4, 01:00:00, 5303.7, 5334.3, 5299.4, 5334.3, 27, 22, 4, 23
2026/3/4, 02:00:00, 5333.2, 5341.3, 5309.9, 5309.9, 43, 33, 17, 26
2026/3/4, 03:00:00, 5301.5, 5325.1, 5301.5, 5325.1, 26, 24, 15, 11
2026/3/4, 04:00:00, 5324.0, 5325.0, 5307.9, 5312.6, 6, 6, 3, 3
2026/3/4, 05:00:00, 5316.6, 5320.7, 5310.7, 5311.4, 17, 15, 6, 11
2026/3/4, 06:00:00, 5311.1, 5316.1, 5300.0, 5316.1, 19, 17, 6, 13
2026/3/4, 07:00:00, 5323.1, 5330.7, 5323.1, 5330.7, 7, 7, 3, 4
2026/3/4, 08:00:00, 5309.1, 5332.0, 5306.2, 5332.0, 8, 8, 5, 3
2026/3/4, 09:00:00, 5330.5, 5332.5, 5330.5, 5331.0, 25, 19, 22, 3
2026/3/4, 10:00:00, 5345.8, 5357.6, 5345.8, 5346.8, 5, 4, 4, 1
2026/3/4, 11:00:00, 5354.0, 5356.1, 5349.3, 5351.3, 9, 7, 2, 7
2026/3/4, 12:00:00, 5365.0, 5365.0, 5320.0, 5329.0, 21, 14, 11, 10
2026/3/4, 13:00:00, 5331.4, 5354.6, 5331.4, 5338.0, 15, 12, 11, 4
2026/3/4, 14:00:00, 5336.6, 5338.7, 5296.9, 5296.9, 22, 22, 10, 12
2026/3/4, 15:00:00, 5292.2, 5317.7, 5290.0, 5296.3, 11, 11, 6, 5
2026/3/4, 16:00:00, 5311.5, 5313.8, 5297.0, 5297.0, 6, 6, 4, 2
2026/3/4, 17:00:00, 5296.2, 5296.2, 5294.3, 5295.0, 3, 3, 1, 2
2026/3/4, 18:00:00, 5277.9, 5288.5, 5269.7, 5288.5, 10, 10, 6, 4
2026/3/4, 19:00:00, 5292.0, 5296.1, 5285.9, 5296.1, 6, 6, 3, 3
2026/3/4, 20:00:00, 5304.1, 5304.1, 5293.1, 5295.1, 4, 4, 0, 4
2026/3/4, 21:00:00, 5298.9, 5300.1, 5298.8, 5300.1, 15, 4, 1, 14
2026/3/4, 23:00:00, 5305.6, 5320.3, 5304.1, 5320.3, 8, 8, 4, 4
2026/3/5, 00:00:00, 5323.4, 5337.0, 5322.4, 5337.0, 8, 6, 5, 3
2026/3/5, 01:00:00, 5336.3, 5346.6, 5331.8, 5331.8, 9, 9, 5, 4
2026/3/5, 02:00:00, 5336.6, 5340.2, 5336.6, 5340.2, 8, 7, 4, 4
2026/3/5, 03:00:00, 5336.9, 5336.9, 5335.9, 5336.6, 4, 4, 3, 1
2026/3/5, 04:00:00, 5339.9, 5339.9, 5327.9, 5327.9, 5, 5, 3, 2
2026/3/5, 05:00:00, 5322.2, 5322.2, 5321.6, 5321.6, 3, 3, 2, 1
2026/3/5, 06:00:00, 5310.2, 5315.7, 5284.5, 5315.7, 24, 23, 15, 9
2026/3/5, 08:00:00, 5318.8, 5323.7, 5297.0, 5323.7, 13, 12, 8, 5
2026/3/5, 12:00:00, 5325.0, 5326.6, 5325.0, 5326.6, 2, 2, 1, 1
2026/3/5, 13:00:00, 5310.4, 5310.4, 5245.6, 5276.1, 15, 14, 9, 6
2026/3/5, 14:00:00, 5268.1, 5283.0, 5258.0, 5276.8, 7, 6, 5, 2
2026/3/5, 15:00:00, 5243.0, 5249.3, 5214.5, 5247.6, 10, 10, 6, 4
2026/3/5, 16:00:00, 5245.5, 5245.5, 5207.9, 5229.7, 11, 10, 8, 3
2026/3/5, 17:00:00, 5237.0, 5237.0, 5210.5, 5210.5, 8, 8, 4, 4
2026/3/5, 18:00:00, 5218.4, 5241.3, 5218.4, 5241.3, 4, 3, 1, 3
2026/3/5, 19:00:00, 5212.8, 5212.9, 5212.1, 5212.1, 3, 3, 1, 2
2026/3/5, 20:00:00, 5237.8, 5237.8, 5232.1, 5237.0, 5, 4, 2, 3
2026/3/5, 21:00:00, 5239.8, 5239.8, 5229.9, 5229.9, 2, 2, 1, 1
2026/3/5, 23:00:00, 5252.0, 5252.0, 5248.0, 5248.0, 8, 5, 7, 1
2026/3/6, 00:00:00, 5241.2, 5241.2, 5241.2, 5241.2, 1, 1, 0, 1
2026/3/6, 01:00:00, 5235.0, 5290.4, 5235.0, 5290.4, 15, 11, 6, 9
2026/3/6, 02:00:00, 5293.0, 5293.9, 5278.9, 5278.9, 14, 14, 8, 6
2026/3/6, 03:00:00, 5282.9, 5288.0, 5282.9, 5288.0, 4, 3, 3, 1
2026/3/6, 04:00:00, 5293.1, 5293.1, 5286.4, 5289.6, 4, 4, 2, 2
2026/3/6, 05:00:00, 5279.9, 5282.8, 5270.5, 5270.5, 7, 6, 6, 1
2026/3/6, 06:00:00, 5270.7, 5274.1, 5269.9, 5273.9, 9, 8, 8, 1
2026/3/6, 07:00:00, 5265.7, 5266.5, 5264.8, 5264.8, 3, 3, 3, 0
2026/3/6, 08:00:00, 5279.3, 5279.3, 5257.3, 5257.3, 32, 22, 26, 6
2026/3/6, 09:00:00, 5257.8, 5258.0, 5254.1, 5254.4, 6, 6, 5, 1
2026/3/6, 10:00:00, 5235.0, 5240.0, 5235.0, 5239.8, 3, 3, 2, 1
2026/3/6, 11:00:00, 5241.5, 5251.0, 5241.5, 5251.0, 6, 4, 5, 1
2026/3/6, 12:00:00, 5233.4, 5252.0, 5233.3, 5239.0, 5, 5, 5, 0
2026/3/6, 13:00:00, 5236.8, 5284.1, 5225.6, 5245.1, 21, 19, 8, 13
2026/3/6, 14:00:00, 5251.3, 5278.8, 5244.8, 5278.8, 12, 11, 8, 4
2026/3/6, 15:00:00, 5292.8, 5328.5, 5290.0, 5299.9, 33, 29, 22, 11
2026/3/6, 16:00:00, 5293.9, 5304.1, 5293.9, 5298.7, 6, 4, 2, 4
2026/3/6, 17:00:00, 5295.2, 5303.1, 5293.1, 5293.1, 3, 3, 1, 2
2026/3/6, 18:00:00, 5304.3, 5321.2, 5304.3, 5321.2, 5, 5, 0, 5
2026/3/6, 19:00:00, 5326.1, 5330.1, 5315.3, 5315.3, 5, 5, 1, 4
2026/3/6, 20:00:00, 5312.4, 5316.5, 5307.7, 5312.0, 9, 9, 2, 7
2026/3/6, 21:00:00, 5325.7, 5325.7, 5325.7, 5325.7, 1, 1, 1, 0
2026/3/8, 22:00:00, 5308.6, 5308.6, 5275.8, 5284.4, 11, 10, 9, 2
2026/3/8, 23:00:00, 5269.9, 5269.9, 5200.0, 5220.0, 16, 16, 13, 3
2026/3/9, 00:00:00, 5216.7, 5216.7, 5185.0, 5205.0, 32, 19, 20, 12
2026/3/9, 01:00:00, 5180.0, 5232.9, 5170.0, 5229.1, 10, 7, 3, 7
2026/3/9, 02:00:00, 5227.7, 5251.1, 5227.7, 5251.1, 10, 10, 2, 8
2026/3/9, 03:00:00, 5243.3, 5252.0, 5243.3, 5252.0, 5, 5, 0, 5
2026/3/9, 04:00:00, 5245.0, 5245.0, 5245.0, 5245.0, 1, 1, 1, 0
2026/3/9, 05:00:00, 5236.5, 5265.1, 5236.5, 5262.0, 8, 8, 2, 6
2026/3/9, 06:00:00, 5286.5, 5286.5, 5252.0, 5255.7, 13, 10, 12, 1
2026/3/9, 07:00:00, 5253.8, 5253.8, 5251.3, 5251.3, 3, 3, 3, 0
2026/3/9, 08:00:00, 5250.8, 5250.8, 5244.2, 5244.2, 3, 3, 2, 1
2026/3/9, 09:00:00, 5267.1, 5282.5, 5267.1, 5282.5, 6, 5, 1, 5
2026/3/9, 10:00:00, 5246.0, 5246.0, 5246.0, 5246.0, 1, 1, 1, 0
2026/3/9, 11:00:00, 5239.4, 5239.4, 5239.0, 5239.0, 2, 2, 2, 0
2026/3/9, 13:00:00, 5249.2, 5249.2, 5229.1, 5237.2, 9, 9, 6, 3
2026/3/9, 14:00:00, 5233.1, 5271.9, 5233.1, 5271.9, 13, 10, 7, 6
2026/3/9, 15:00:00, 5239.9, 5239.9, 5239.9, 5239.9, 2, 1, 2, 0
2026/3/9, 16:00:00, 5256.2, 5256.2, 5256.2, 5256.2, 1, 1, 1, 0
2026/3/9, 17:00:00, 5249.2, 5254.1, 5249.2, 5254.1, 2, 2, 1, 1
2026/3/9, 18:00:00, 5262.2, 5276.3, 5262.2, 5275.0, 7, 6, 1, 6
2026/3/9, 19:00:00, 5283.6, 5301.5, 5281.3, 5295.1, 24, 23, 6, 18
2026/3/9, 20:00:00, 5295.1, 5296.3, 5295.1, 5296.3, 4, 4, 0, 4
2026/3/9, 22:00:00, 5287.3, 5287.3, 5287.3, 5287.3, 2, 2, 1, 1
2026/3/9, 23:00:00, 5297.0, 5297.0, 5296.1, 5296.2, 15, 8, 12, 3
2026/3/10, 00:00:00, 5290.5, 5290.5, 5285.7, 5285.7, 2, 2, 1, 1
2026/3/10, 01:00:00, 5282.0, 5340.1, 5282.0, 5340.1, 9, 9, 3, 6
2026/3/10, 02:00:00, 5336.7, 5340.2, 5325.9, 5325.9, 19, 14, 11, 8
2026/3/10, 03:00:00, 5327.5, 5327.5, 5312.6, 5313.0, 44, 32, 13, 31
2026/3/10, 04:00:00, 5309.9, 5320.4, 5309.9, 5320.4, 8, 8, 2, 6
2026/3/10, 05:00:00, 5323.9, 5327.9, 5323.9, 5327.4, 9, 8, 3, 6
2026/3/10, 07:00:00, 5332.2, 5332.2, 5323.1, 5323.1, 3, 3, 3, 0
2026/3/10, 08:00:00, 5337.3, 5345.5, 5336.0, 5345.5, 13, 10, 3, 10
2026/3/10, 09:00:00, 5343.5, 5343.8, 5343.3, 5343.8, 3, 3, 1, 2
2026/3/10, 10:00:00, 5335.0, 5335.0, 5320.8, 5320.8, 2, 2, 2, 0
2026/3/10, 11:00:00, 5343.8, 5349.6, 5340.1, 5340.1, 4, 4, 2, 2
2026/3/10, 12:00:00, 5331.9, 5346.6, 5331.9, 5345.8, 7, 7, 2, 5
2026/3/10, 13:00:00, 5346.1, 5387.0, 5346.1, 5366.8, 18, 17, 8, 10
2026/3/10, 14:00:00, 5359.9, 5370.0, 5348.0, 5365.0, 14, 12, 9, 5
2026/3/10, 15:00:00, 5373.0, 5399.1, 5373.0, 5399.1, 16, 12, 6, 10
2026/3/10, 16:00:00, 5386.5, 5392.6, 5383.9, 5392.6, 5, 5, 2, 3
2026/3/10, 17:00:00, 5388.4, 5388.4, 5388.4, 5388.4, 4, 4, 4, 0
2026/3/10, 18:00:00, 5384.6, 5384.6, 5318.9, 5354.2, 27, 21, 26, 1
2026/3/10, 19:00:00, 5343.8, 5359.8, 5343.8, 5356.7, 19, 14, 4, 15
2026/3/10, 20:00:00, 5351.6, 5355.0, 5351.6, 5354.9, 4, 3, 3, 1
2026/3/11, 00:00:00, 5358.8, 5375.6, 5358.8, 5375.6, 13, 9, 4, 9
2026/3/11, 01:00:00, 5378.0, 5379.3, 5375.7, 5375.7, 5, 5, 2, 3
2026/3/11, 02:00:00, 5357.2, 5357.2, 5357.2, 5357.2, 1, 1, 1, 0
2026/3/11, 03:00:00, 5364.4, 5364.4, 5357.9, 5358.0, 7, 7, 4, 3
2026/3/11, 04:00:00, 5363.0, 5366.0, 5363.0, 5366.0, 4, 4, 2, 2
2026/3/11, 05:00:00, 5355.7, 5355.7, 5353.8, 5353.8, 2, 2, 1, 1
2026/3/11, 06:00:00, 5354.1, 5354.1, 5351.2, 5351.2, 3, 3, 3, 0
2026/3/11, 07:00:00, 5344.9, 5349.5, 5344.9, 5349.5, 2, 2, 2, 0
2026/3/11, 08:00:00, 5342.2, 5344.5, 5339.5, 5344.5, 10, 9, 9, 1
2026/3/11, 09:00:00, 5338.0, 5345.6, 5338.0, 5345.6, 2, 2, 1, 1
2026/3/11, 10:00:00, 5341.5, 5348.0, 5341.5, 5345.6, 3, 3, 2, 1
2026/3/11, 11:00:00, 5343.0, 5344.5, 5338.8, 5338.8, 5, 5, 4, 1
2026/3/11, 12:00:00, 5336.1, 5349.5, 5328.0, 5328.0, 8, 8, 6, 2
2026/3/11, 13:00:00, 5328.0, 5338.9, 5310.0, 5310.0, 15, 12, 8, 7
2026/3/11, 14:00:00, 5335.0, 5352.6, 5335.0, 5346.4, 21, 19, 13, 8
2026/3/11, 15:00:00, 5328.8, 5328.8, 5328.7, 5328.7, 2, 2, 2, 0
2026/3/11, 17:00:00, 5336.9, 5336.9, 5318.6, 5324.4, 6, 4, 4, 2
2026/3/11, 19:00:00, 5332.6, 5342.9, 5332.6, 5342.9, 19, 14, 2, 17
2026/3/11, 20:00:00, 5342.4, 5342.4, 5342.2, 5342.2, 3, 2, 3, 0
2026/3/11, 22:00:00, 5320.0, 5320.0, 5287.1, 5287.1, 12, 8, 12, 0
2026/3/11, 23:00:00, 5310.8, 5310.9, 5310.8, 5310.9, 2, 2, 0, 2
2026/3/12, 00:00:00, 5285.1, 5317.9, 5283.1, 5309.5, 17, 13, 7, 10
2026/3/12, 01:00:00, 5319.1, 5322.6, 5319.1, 5321.2, 8, 8, 7, 1
2026/3/12, 02:00:00, 5329.4, 5331.2, 5301.6, 5301.6, 14, 10, 10, 4
2026/3/12, 03:00:00, 5308.0, 5308.0, 5307.7, 5307.7, 2, 2, 2, 0
2026/3/12, 04:00:00, 5299.3, 5299.9, 5299.3, 5299.9, 4, 4, 1, 3
2026/3/12, 05:00:00, 5295.0, 5308.8, 5293.7, 5308.8, 10, 9, 3, 7
2026/3/12, 06:00:00, 5314.0, 5325.5, 5314.0, 5325.5, 2, 2, 1, 1
2026/3/12, 07:00:00, 5321.9, 5330.0, 5321.9, 5330.0, 4, 4, 2, 2
2026/3/12, 09:00:00, 5344.9, 5344.9, 5344.9, 5344.9, 1, 1, 0, 1
2026/3/12, 11:00:00, 5334.5, 5338.2, 5334.4, 5338.2, 3, 3, 2, 1
2026/3/12, 12:00:00, 5331.3, 5341.9, 5331.3, 5341.9, 9, 8, 2, 7
2026/3/12, 13:00:00, 5329.8, 5329.8, 5304.0, 5304.0, 8, 7, 4, 4
2026/3/12, 14:00:00, 5317.8, 5317.8, 5295.1, 5300.6, 22, 19, 15, 7
2026/3/12, 15:00:00, 5297.1, 5297.1, 5276.0, 5288.0, 15, 14, 8, 7
2026/3/12, 16:00:00, 5288.4, 5292.4, 5284.0, 5284.0, 7, 6, 4, 3
2026/3/12, 17:00:00, 5274.9, 5274.9, 5262.8, 5262.8, 7, 7, 7, 0
2026/3/12, 18:00:00, 5262.5, 5262.5, 5250.0, 5250.0, 7, 7, 6, 1
2026/3/12, 19:00:00, 5235.1, 5251.1, 5235.1, 5251.1, 7, 5, 2, 5
2026/3/12, 20:00:00, 5242.6, 5242.6, 5213.6, 5234.3, 27, 16, 18, 9
2026/3/12, 22:00:00, 5243.8, 5245.1, 5243.8, 5245.1, 2, 2, 1, 1
2026/3/12, 23:00:00, 5248.5, 5253.4, 5248.0, 5253.4, 9, 8, 2, 7
2026/3/13, 00:00:00, 5256.4, 5263.4, 5256.0, 5263.4, 17, 10, 5, 12
2026/3/13, 01:00:00, 5272.5, 5273.8, 5263.0, 5269.3, 13, 13, 10, 3
2026/3/13, 02:00:00, 5282.5, 5282.5, 5269.9, 5269.9, 4, 4, 2, 2
2026/3/13, 03:00:00, 5268.8, 5268.8, 5266.9, 5266.9, 3, 3, 2, 1
2026/3/13, 04:00:00, 5262.8, 5262.8, 5255.0, 5255.0, 11, 10, 8, 3
2026/3/13, 05:00:00, 5255.0, 5255.0, 5250.0, 5250.0, 2, 2, 2, 0
2026/3/13, 06:00:00, 5249.7, 5249.7, 5241.6, 5243.3, 10, 7, 8, 2
2026/3/13, 07:00:00, 5235.0, 5241.5, 5235.0, 5241.5, 2, 2, 1, 1
2026/3/13, 08:00:00, 5221.1, 5239.0, 5221.1, 5239.0, 4, 4, 2, 2
2026/3/13, 09:00:00, 5247.0, 5247.0, 5245.6, 5246.1, 16, 12, 0, 16
2026/3/13, 10:00:00, 5246.4, 5246.6, 5245.2, 5245.2, 3, 3, 1, 2
2026/3/13, 11:00:00, 5249.3, 5260.9, 5249.1, 5260.9, 4, 4, 1, 3
2026/3/13, 12:00:00, 5265.2, 5272.9, 5262.0, 5272.9, 5, 3, 2, 3
2026/3/13, 13:00:00, 5263.4, 5271.0, 5255.0, 5271.0, 5, 5, 3, 2
2026/3/13, 14:00:00, 5255.9, 5258.2, 5198.1, 5198.5, 27, 21, 12, 15
2026/3/13, 15:00:00, 5194.4, 5210.0, 5194.4, 5209.9, 18, 10, 18, 0
2026/3/13, 16:00:00, 5180.0, 5200.6, 5180.0, 5200.6, 6, 6, 3, 3
2026/3/13, 17:00:00, 5214.4, 5216.7, 5198.9, 5198.9, 6, 4, 2, 4
2026/3/13, 18:00:00, 5196.2, 5198.1, 5196.2, 5198.1, 4, 3, 3, 1
2026/3/13, 19:00:00, 5200.0, 5201.1, 5163.8, 5175.0, 15, 13, 10, 5
2026/3/13, 20:00:00, 5173.3, 5174.5, 5166.7, 5172.0, 21, 14, 19, 2
2026/3/15, 22:00:00, 5159.6, 5173.3, 5148.8, 5173.3, 38, 23, 18, 20
2026/3/15, 23:00:00, 5175.0, 5175.0, 5115.7, 5137.0, 41, 33, 25, 16
2026/3/16, 00:00:00, 5164.0, 5179.8, 5164.0, 5179.8, 3, 3, 2, 1
2026/3/16, 01:00:00, 5146.0, 5163.3, 5146.0, 5163.3, 3, 3, 2, 1
2026/3/16, 02:00:00, 5168.0, 5168.0, 5151.7, 5151.7, 4, 4, 2, 2
2026/3/16, 03:00:00, 5156.0, 5169.2, 5156.0, 5169.2, 4, 4, 3, 1
2026/3/16, 05:00:00, 5157.2, 5157.3, 5157.2, 5157.3, 2, 2, 1, 1
2026/3/16, 06:00:00, 5165.9, 5165.9, 5165.0, 5165.0, 2, 2, 1, 1
2026/3/16, 07:00:00, 5166.2, 5166.9, 5154.7, 5154.7, 10, 9, 10, 0
2026/3/16, 08:00:00, 5143.4, 5153.6, 5140.3, 5143.7, 18, 15, 10, 8
2026/3/16, 09:00:00, 5141.0, 5141.0, 5126.9, 5127.2, 19, 17, 10, 9
2026/3/16, 10:00:00, 5124.5, 5149.9, 5124.5, 5149.9, 7, 7, 1, 6
2026/3/16, 11:00:00, 5151.5, 5171.4, 5151.5, 5170.0, 12, 11, 7, 5
2026/3/16, 12:00:00, 5173.9, 5174.4, 5173.9, 5174.4, 2, 2, 2, 0
2026/3/16, 13:00:00, 5173.1, 5184.3, 5172.3, 5184.3, 7, 6, 2, 5
2026/3/16, 14:00:00, 5184.0, 5184.0, 5148.0, 5150.8, 12, 10, 10, 2
2026/3/16, 15:00:00, 5146.0, 5151.7, 5139.9, 5139.9, 17, 14, 13, 4
2026/3/16, 16:00:00, 5142.9, 5142.9, 5126.6, 5131.0, 14, 12, 7, 7
2026/3/16, 17:00:00, 5152.3, 5152.3, 5141.9, 5141.9, 2, 2, 0, 2
2026/3/16, 18:00:00, 5155.1, 5167.9, 5155.1, 5167.9, 5, 4, 4, 1
2026/3/16, 19:00:00, 5170.3, 5170.3, 5164.1, 5170.0, 8, 5, 0, 8
2026/3/16, 20:00:00, 5167.7, 5173.9, 5163.2, 5163.2, 11, 9, 6, 5
2026/3/16, 22:00:00, 5157.9, 5157.9, 5157.9, 5157.9, 1, 1, 0, 1
2026/3/16, 23:00:00, 5158.0, 5160.0, 5158.0, 5160.0, 3, 3, 2, 1
2026/3/17, 01:00:00, 5177.6, 5177.6, 5177.6, 5177.6, 1, 1, 1, 0
2026/3/17, 02:00:00, 5173.5, 5177.7, 5173.5, 5175.5, 3, 3, 2, 1
2026/3/17, 03:00:00, 5173.3, 5182.4, 5173.3, 5181.1, 12, 10, 6, 6
2026/3/17, 04:00:00, 5181.7, 5192.1, 5179.2, 5191.3, 21, 18, 9, 12
2026/3/17, 05:00:00, 5186.0, 5186.0, 5180.0, 5180.0, 2, 2, 2, 0
2026/3/17, 06:00:00, 5160.7, 5162.0, 5160.6, 5162.0, 17, 13, 7, 10
2026/3/17, 07:00:00, 5170.5, 5175.8, 5169.5, 5175.8, 3, 3, 0, 3
2026/3/17, 08:00:00, 5180.0, 5180.0, 5174.5, 5174.5, 2, 2, 1, 1
2026/3/17, 09:00:00, 5169.7, 5169.7, 5164.9, 5164.9, 2, 2, 0, 2
2026/3/17, 11:00:00, 5160.0, 5160.0, 5160.0, 5160.0, 1, 1, 1, 0
2026/3/17, 12:00:00, 5162.0, 5170.8, 5161.8, 5165.4, 9, 8, 3, 6
2026/3/17, 13:00:00, 5173.1, 5185.2, 5170.3, 5177.9, 15, 14, 7, 8
2026/3/17, 14:00:00, 5169.0, 5169.1, 5157.9, 5161.6, 5, 5, 4, 1
2026/3/17, 15:00:00, 5162.4, 5162.4, 5125.0, 5143.2, 10, 9, 10, 0
2026/3/17, 16:00:00, 5146.0, 5156.0, 5146.0, 5156.0, 8, 8, 4, 4
2026/3/17, 17:00:00, 5154.8, 5154.8, 5148.8, 5150.8, 5, 4, 4, 1
2026/3/17, 18:00:00, 5155.4, 5155.4, 5151.8, 5151.8, 2, 2, 2, 0
2026/3/17, 19:00:00, 5152.1, 5154.1, 5151.0, 5151.6, 8, 4, 0, 8
2026/3/17, 20:00:00, 5158.2, 5158.2, 5158.2, 5158.2, 1, 1, 0, 1
2026/3/17, 22:00:00, 5153.5, 5153.5, 5145.0, 5151.2, 5, 5, 3, 2
2026/3/18, 00:00:00, 5162.0, 5163.9, 5153.0, 5153.0, 3, 3, 2, 1
2026/3/18, 01:00:00, 5161.9, 5164.4, 5145.0, 5145.0, 9, 9, 5, 4
2026/3/18, 02:00:00, 5148.3, 5153.4, 5143.4, 5143.4, 4, 4, 3, 1
2026/3/18, 03:00:00, 5143.0, 5146.2, 5142.9, 5144.5, 7, 7, 5, 2
2026/3/18, 04:00:00, 5142.3, 5142.3, 5136.1, 5136.1, 2, 2, 2, 0
2026/3/18, 05:00:00, 5138.1, 5138.1, 5138.1, 5138.1, 1, 1, 0, 1
2026/3/18, 06:00:00, 5158.3, 5163.4, 5158.3, 5163.4, 6, 6, 3, 3
2026/3/18, 07:00:00, 5145.0, 5145.0, 5145.0, 5145.0, 1, 1, 1, 0
2026/3/18, 08:00:00, 5140.0, 5140.8, 5138.3, 5138.3, 7, 6, 1, 6
2026/3/18, 09:00:00, 5144.0, 5146.0, 5144.0, 5146.0, 2, 2, 1, 1
2026/3/18, 10:00:00, 5120.0, 5126.1, 5113.1, 5116.1, 31, 24, 15, 16
2026/3/18, 11:00:00, 5114.0, 5122.7, 5079.5, 5079.5, 68, 43, 54, 14
2026/3/18, 12:00:00, 5079.5, 5079.5, 5020.9, 5037.3, 82, 69, 45, 37
2026/3/18, 13:00:00, 5020.9, 5032.1, 4980.0, 5025.2, 82, 66, 56, 26
2026/3/18, 14:00:00, 5025.2, 5041.7, 5012.0, 5013.9, 28, 25, 19, 9
2026/3/18, 15:00:00, 5019.7, 5026.1, 5010.4, 5010.4, 11, 9, 6, 5
2026/3/18, 16:00:00, 5016.9, 5038.4, 5016.9, 5038.4, 17, 13, 10, 7
2026/3/18, 17:00:00, 5045.1, 5049.1, 5045.1, 5049.1, 2, 2, 0, 2
2026/3/18, 18:00:00, 5041.5, 5042.8, 5005.0, 5005.0, 13, 10, 6, 7
2026/3/18, 19:00:00, 5000.0, 5010.0, 4989.7, 4990.5, 21, 20, 14, 7
2026/3/18, 20:00:00, 4997.2, 4997.2, 4957.4, 4972.5, 20, 19, 15, 5
2026/3/18, 22:00:00, 4953.0, 4983.8, 4953.0, 4983.8, 7, 7, 3, 4
2026/3/18, 23:00:00, 4982.2, 4985.8, 4977.7, 4985.8, 5, 5, 3, 2
2026/3/19, 00:00:00, 4991.0, 4993.9, 4985.9, 4985.9, 4, 4, 2, 2
2026/3/19, 01:00:00, 4987.0, 5010.0, 4979.4, 5007.3, 11, 9, 8, 3
2026/3/19, 02:00:00, 4994.4, 5003.0, 4994.0, 5000.0, 8, 7, 5, 3
2026/3/19, 03:00:00, 5005.0, 5005.0, 4998.0, 4998.0, 2, 2, 1, 1
2026/3/19, 04:00:00, 4996.0, 4996.0, 4996.0, 4996.0, 1, 1, 0, 1
