Date, Time, Open, High, Low, Last, Volume, OpenInterest
2024/7/24, 00:00:00, 2679.0, 2679.0, 2679.0, 2679.0, 118065, 42916
2024/7/25, 00:00:00, 2612.8, 2612.8, 2612.8, 2612.8, 186710, 37523
2024/7/26, 00:00:00, 2641.2, 2641.2, 2641.2, 2641.2, 113077, 33978
2024/7/29, 00:00:00, 2639.0, 2639.0, 2639.0, 2639.0, 128627, 37099
2024/7/30, 00:00:00, 2666.2, 2666.2, 2666.2, 2666.2, 104197, 29527
2024/7/31, 00:00:00, 2688.8, 2688.8, 2688.8, 2688.8, 93388, 29743
2024/12/13, 00:00:00, 2889.3, 2889.3, 2889.3, 2889.3, 141090, 34700
2024/12/16, 00:00:00, 2883.9, 2883.9, 2883.9, 2883.9, 84661, 35344
2024/12/17, 00:00:00, 2877.6, 2877.6, 2877.6, 2877.6, 111847, 34592
2024/12/18, 00:00:00, 2871.6, 2871.6, 2871.6, 2871.6, 110771, 35733
2024/12/19, 00:00:00, 2829.9, 2829.9, 2829.9, 2829.9, 133593, 36512
2024/12/20, 00:00:00, 2865.9, 2865.9, 2865.9, 2865.9, 113323, 34759
2024/12/23, 00:00:00, 2850.7, 2850.7, 2850.7, 2850.7, 77292, 35775
2024/12/24, 00:00:00, 2860.8, 2860.8, 2860.8, 2860.8, 45961, 33447
2024/12/26, 00:00:00, 2882.8, 2882.8, 2882.8, 2882.8, 62039, 33214
2024/12/27, 00:00:00, 2863.6, 2863.6, 2863.6, 2863.6, 74027, 31855
2024/12/30, 00:00:00, 2856.2, 2856.2, 2856.2, 2856.2, 83729, 32530
2024/12/31, 00:00:00, 2886.1, 2886.1, 2886.1, 2886.1, 66871, 32076
2025/1/2, 00:00:00, 2908.9, 2908.9, 2908.9, 2908.9, 89445, 33045
2025/1/3, 00:00:00, 2890.5, 2890.5, 2890.5, 2890.5, 83934, 32541
2025/1/6, 00:00:00, 2881.8, 2881.8, 2881.8, 2881.8, 119843, 33541
2025/1/7, 00:00:00, 2901.0, 2901.0, 2901.0, 2901.0, 104617, 32982
2025/1/8, 00:00:00, 2910.2, 2910.2, 2910.2, 2910.2, 105546, 32891
2025/1/9, 00:00:00, 2928.6, 2928.6, 2928.6, 2928.6, 86123, 34561
2025/1/10, 00:00:00, 2953.6, 2953.6, 2953.6, 2953.6, 166951, 32676
2025/1/13, 00:00:00, 2914.2, 2914.2, 2914.2, 2914.2, 141788, 32385
2025/1/14, 00:00:00, 2920.9, 2920.9, 2920.9, 2920.9, 94793, 33485
2025/1/15, 00:00:00, 2956.7, 2956.7, 2956.7, 2956.7, 120230, 33206
2025/1/16, 00:00:00, 2991.9, 2991.9, 2991.9, 2991.9, 120405, 34269
2025/1/17, 00:00:00, 2990.7, 2990.7, 2990.7, 2990.7, 107315, 34387
2025/1/21, 00:00:00, 3003.7, 3003.7, 3003.7, 3003.7, 234024, 37335
2025/1/22, 00:00:00, 3015.8, 3015.8, 3015.8, 3015.8, 112299, 38430
2025/1/23, 00:00:00, 3010.3, 3010.3, 3010.3, 3010.3, 122335, 38193
2025/1/24, 00:00:00, 3026.1, 3026.1, 3026.1, 3026.1, 141727, 38086
2025/1/27, 00:00:00, 2987.2, 2987.2, 2987.2, 2987.2, 146334, 37277
2025/1/28, 00:00:00, 3021.2, 3021.2, 3021.2, 3021.2, 96300, 37889
2025/1/29, 00:00:00, 3014.9, 3014.9, 3014.9, 3014.9, 96792, 36643
2025/1/30, 00:00:00, 3066.3, 3066.3, 3066.3, 3066.3, 126712, 30633
2025/1/31, 00:00:00, 3054.4, 3054.4, 3054.4, 3054.4, 124637, 28377
2025/2/3, 00:00:00, 3073.8, 3073.8, 3073.8, 3073.8, 151275, 29324
2025/2/4, 00:00:00, 3094.5, 3094.5, 3094.5, 3094.5, 109220, 30411
2025/2/5, 00:00:00, 3112.9, 3112.9, 3112.9, 3112.9, 130490, 32141
2025/2/6, 00:00:00, 3095.1, 3100.2, 3095.0, 3100.2, 125021, 31124
2025/2/7, 00:00:00, 3116.1, 3116.1, 3116.1, 3116.1, 132134, 31007
2025/2/10, 00:00:00, 3167.1, 3167.1, 3167.1, 3167.1, 120388, 35876
2025/2/11, 00:00:00, 3171.8, 3171.8, 3171.8, 3171.8, 178991, 32134
2025/2/12, 00:00:00, 3172.0, 3172.0, 3172.0, 3172.0, 155583, 31488
2025/2/13, 00:00:00, 3188.3, 3188.3, 3188.3, 3188.3, 120959, 33702
2025/2/14, 00:00:00, 3140.5, 3140.5, 3140.5, 3140.5, 172423, 32782
2025/2/18, 00:00:00, 3188.9, 3188.9, 3188.9, 3188.9, 201934, 33569
2025/2/19, 00:00:00, 3171.6, 3171.6, 3171.6, 3171.6, 139372, 33700
2025/2/20, 00:00:00, 3192.0, 3192.0, 3192.0, 3192.0, 158509, 35501
2025/2/21, 00:00:00, 3188.5, 3188.5, 3188.5, 3188.5, 149601, 35156
2025/2/24, 00:00:00, 3200.5, 3200.5, 3200.5, 3200.5, 135768, 36258
2025/2/25, 00:00:00, 3155.6, 3155.6, 3155.6, 3155.6, 167518, 34485
2025/2/26, 00:00:00, 3166.6, 3166.6, 3166.6, 3166.6, 123307, 32673
2025/2/27, 00:00:00, 3131.8, 3131.8, 3131.8, 3131.8, 166802, 32392
2025/2/28, 00:00:00, 3082.9, 3082.9, 3082.9, 3082.9, 148662, 30808
2025/3/3, 00:00:00, 3137.0, 3137.0, 3137.0, 3137.0, 136887, 31034
2025/3/4, 00:00:00, 3155.8, 3155.8, 3155.8, 3155.8, 130509, 31386
2025/3/5, 00:00:00, 3160.6, 3160.6, 3160.6, 3160.6, 136859, 32334
2025/3/6, 00:00:00, 3161.1, 3161.1, 3161.1, 3161.1, 122149, 33297
2025/3/7, 00:00:00, 3147.3, 3147.3, 3147.3, 3147.3, 122169, 33172
2025/3/10, 00:00:00, 3130.8, 3130.8, 3130.8, 3130.8, 133711, 33205
2025/3/11, 00:00:00, 3152.9, 3152.9, 3152.9, 3152.9, 107486, 31965
2025/3/12, 00:00:00, 3177.5, 3177.5, 3177.5, 3177.5, 118681, 32478
2025/3/13, 00:00:00, 3222.5, 3222.5, 3222.5, 3222.5, 162505, 33198
2025/3/14, 00:00:00, 3231.9, 3231.9, 3231.9, 3231.9, 138494, 32623
2025/3/17, 00:00:00, 3237.1, 3237.1, 3237.1, 3237.1, 103132, 33883
2025/3/18, 00:00:00, 3275.2, 3275.2, 3275.2, 3275.2, 151803, 35957
2025/3/19, 00:00:00, 3276.1, 3276.1, 3276.1, 3276.1, 133050, 37702
2025/3/20, 00:00:00, 3277.5, 3277.5, 3277.5, 3277.5, 130852, 37349
2025/3/21, 00:00:00, 3250.5, 3250.5, 3250.5, 3250.5, 154045, 36998
2025/3/24, 00:00:00, 3244.4, 3244.4, 3244.4, 3244.4, 129309, 38130
2025/3/25, 00:00:00, 3255.4, 3255.4, 3255.4, 3255.4, 125224, 38212
2025/3/26, 00:00:00, 3251.8, 3251.8, 3251.8, 3251.8, 121944, 37674
2025/3/27, 00:00:00, 3289.4, 3289.4, 3289.4, 3289.4, 152360, 38606
2025/3/28, 00:00:00, 3313.2, 3313.2, 3313.2, 3313.2, 174439, 34612
2025/3/31, 00:00:00, 3350.2, 3350.2, 3350.2, 3350.2, 188658, 38029
2025/4/1, 00:00:00, 3345.8, 3345.8, 3345.8, 3345.8, 181323, 38070
2025/4/2, 00:00:00, 3367.6, 3367.6, 3367.6, 3367.6, 198881, 40606
2025/4/3, 00:00:00, 3321.1, 3321.1, 3321.1, 3321.1, 322840, 37395
2025/4/4, 00:00:00, 3229.4, 3229.4, 3229.4, 3229.4, 241431, 36186
2025/4/7, 00:00:00, 3229.4, 3229.4, 3168.2, 3168.2, 295523, 36701
2025/4/8, 00:00:00, 3186.5, 3186.5, 3186.5, 3186.5, 176911, 37869
2025/4/9, 00:00:00, 3283.8, 3283.8, 3283.8, 3283.8, 271494, 33321
2025/4/10, 00:00:00, 3384.1, 3384.1, 3384.1, 3384.1, 223840, 37058
2025/4/11, 00:00:00, 3459.3, 3459.3, 3459.3, 3459.3, 289994, 38485
2025/4/14, 00:00:00, 3440.8, 3440.8, 3440.8, 3440.8, 193693, 38449
2025/4/15, 00:00:00, 3455.3, 3455.3, 3455.3, 3455.3, 120388, 38924
2025/4/16, 00:00:00, 3566.0, 3566.0, 3566.0, 3566.0, 279649, 45744
2025/4/17, 00:00:00, 3547.5, 3547.5, 3547.5, 3547.5, 260120, 43036
2025/4/21, 00:00:00, 3647.7, 3647.7, 3647.7, 3647.7, 298878, 48159
2025/4/22, 00:00:00, 3645.0, 3645.0, 3645.0, 3645.0, 563112, 46167
2025/4/23, 00:00:00, 3518.0, 3518.0, 3518.0, 3518.0, 477239, 42671
2025/4/24, 00:00:00, 3574.7, 3574.7, 3574.7, 3574.7, 359006, 43213
2025/4/25, 00:00:00, 3523.2, 3523.2, 3523.2, 3523.2, 362777, 44387
2025/4/28, 00:00:00, 3573.2, 3573.2, 3573.2, 3573.2, 341909, 45002
2025/4/29, 00:00:00, 3557.6, 3557.6, 3557.6, 3557.6, 271829, 43846
2025/4/30, 00:00:00, 3540.2, 3540.2, 3540.2, 3540.2, 287957, 43199
2025/5/1, 00:00:00, 3442.2, 3442.2, 3442.2, 3442.2, 345921, 43264
2025/5/2, 00:00:00, 3464.0, 3464.0, 3464.0, 3464.0, 298650, 42767
2025/5/5, 00:00:00, 3546.2, 3546.2, 3546.2, 3546.2, 278226, 44464
2025/5/6, 00:00:00, 3650.0, 3650.0, 3650.0, 3650.0, 360473, 46294
2025/5/7, 00:00:00, 3619.6, 3619.6, 3619.6, 3619.6, 381302, 44792
2025/5/8, 00:00:00, 3532.6, 3532.6, 3532.6, 3532.6, 449266, 46174
2025/5/9, 00:00:00, 3570.6, 3570.6, 3570.6, 3570.6, 346461, 43801
2025/5/12, 00:00:00, 3454.9, 3454.9, 3454.9, 3454.9, 396160, 42587
2025/5/13, 00:00:00, 3476.1, 3476.1, 3476.1, 3476.1, 272393, 42731
2025/5/14, 00:00:00, 3413.8, 3413.8, 3413.8, 3413.8, 341096, 45356
2025/5/15, 00:00:00, 3450.7, 3450.7, 3450.7, 3450.7, 395732, 45430
2025/5/16, 00:00:00, 3409.5, 3409.5, 3409.5, 3409.5, 406477, 45238
2025/5/19, 00:00:00, 3458.2, 3458.2, 3458.2, 3458.2, 366185, 47825
2025/5/20, 00:00:00, 3508.4, 3508.4, 3508.4, 3508.4, 320417, 48985
2025/5/21, 00:00:00, 3540.1, 3540.1, 3540.1, 3540.1, 343422, 49316
2025/5/22, 00:00:00, 3522.1, 3522.1, 3522.1, 3522.1, 338372, 48826
2025/5/23, 00:00:00, 3595.5, 3595.5, 3595.5, 3595.5, 366717, 49220
2025/5/27, 00:00:00, 3531.6, 3531.6, 3531.6, 3531.6, 458213, 49049
2025/5/28, 00:00:00, 3539.7, 3539.7, 3524.2, 3524.2, 265802, 38189
2025/5/29, 00:00:00, 3542.3, 3542.3, 3542.3, 3542.3, 296462, 36691
2025/5/30, 00:00:00, 3513.1, 3513.1, 3513.1, 3513.1, 250999, 35446
2025/6/2, 00:00:00, 3597.0, 3597.0, 3597.0, 3597.0, 249947, 39889
2025/6/3, 00:00:00, 3579.9, 3604.5, 3579.9, 3579.9, 241317, 39082
2025/6/4, 00:00:00, 3601.3, 3601.3, 3579.1, 3601.3, 245309, 39801
2025/6/5, 00:00:00, 3574.6, 3574.6, 3572.8, 3574.6, 322931, 42904
2025/6/6, 00:00:00, 3546.3, 3581.8, 3546.3, 3546.3, 262247, 44528
2025/6/9, 00:00:00, 3554.8, 3554.8, 3544.2, 3554.8, 212816, 44414
2025/6/10, 00:00:00, 3543.3, 3543.3, 3530.4, 3543.3, 241885, 43741
2025/6/11, 00:00:00, 3561.6, 3571.3, 3542.8, 3542.8, 271339, 40899
2025/6/12, 00:00:00, 3599.7, 3601.4, 3599.7, 3599.7, 304564, 40358
2025/6/13, 00:00:00, 3648.8, 3652.4, 3648.8, 3652.4, 345688, 40769
2025/6/16, 00:00:00, 3635.0, 3658.4, 3606.8, 3616.3, 280768, 44643
2025/6/17, 00:00:00, 3607.1, 3607.1, 3607.1, 3607.1, 273901, 44993
2025/6/18, 00:00:00, 3607.1, 3607.1, 3607.1, 3607.1, 228559, 45579
2025/6/20, 00:00:00, 3584.9, 3584.9, 3584.9, 3584.9, 374009, 46995
2025/6/23, 00:00:00, 3593.5, 3593.5, 3593.5, 3593.5, 244532, 45514
2025/6/24, 00:00:00, 3532.1, 3532.1, 3532.1, 3532.1, 252659, 46420
2025/6/25, 00:00:00, 3541.7, 3541.7, 3541.7, 3541.7, 145812, 45876
2025/6/26, 00:00:00, 3566.0, 3566.0, 3546.2, 3546.2, 198589, 45631
2025/6/27, 00:00:00, 3507.7, 3507.7, 3472.0, 3483.3, 260986, 45882
2025/6/30, 00:00:00, 3466.2, 3503.5, 3463.3, 3503.5, 206318, 45014
2025/7/1, 00:00:00, 3546.5, 3546.5, 3546.5, 3546.5, 195156, 45300
2025/7/2, 00:00:00, 3557.7, 3557.7, 3557.7, 3557.7, 166883, 45696
2025/7/3, 00:00:00, 3545.0, 3545.0, 3541.9, 3541.9, 197315, 44875
2025/7/7, 00:00:00, 3545.0, 3546.0, 3541.3, 3541.3, 303940, 46000
2025/7/8, 00:00:00, 3517.3, 3517.3, 3517.3, 3517.3, 215496, 48319
2025/7/9, 00:00:00, 3519.7, 3519.7, 3519.7, 3519.7, 186351, 48143
2025/7/10, 00:00:00, 3525.6, 3525.6, 3525.6, 3525.6, 166265, 50234
2025/7/11, 00:00:00, 3562.2, 3562.2, 3562.2, 3562.2, 213598, 49454
2025/7/14, 00:00:00, 3560.0, 3560.0, 3559.6, 3559.6, 197665, 51016
2025/7/15, 00:00:00, 3560.0, 3560.0, 3535.4, 3537.0, 197846, 52631
2025/7/16, 00:00:00, 3558.1, 3558.1, 3558.1, 3558.1, 263070, 50426
2025/7/17, 00:00:00, 3544.8, 3544.8, 3544.8, 3544.8, 177120, 51181
2025/7/18, 00:00:00, 3557.8, 3557.8, 3557.8, 3557.8, 141567, 50937
2025/7/21, 00:00:00, 3611.5, 3611.8, 3609.1, 3609.1, 177993, 51738
2025/7/22, 00:00:00, 3649.7, 3649.7, 3649.7, 3649.7, 203771, 52999
2025/7/23, 00:00:00, 3600.0, 3600.0, 3599.9, 3599.9, 246550, 53176
2025/7/24, 00:00:00, 3576.6, 3576.6, 3569.9, 3576.6, 208709, 54468
2025/7/25, 00:00:00, 3560.0, 3560.0, 3534.6, 3534.6, 204799, 55802
2025/7/28, 00:00:00, 3510.0, 3510.0, 3502.0, 3509.9, 207677, 55337
2025/7/29, 00:00:00, 3524.4, 3524.4, 3524.4, 3524.4, 200397, 53658
2025/7/30, 00:00:00, 3503.4, 3503.4, 3480.0, 3495.6, 232802, 45323
2025/7/31, 00:00:00, 3496.4, 3500.0, 3492.5, 3492.5, 169729, 43317
2025/8/1, 00:00:00, 3497.9, 3552.3, 3485.9, 3539.6, 218475, 43935
2025/8/4, 00:00:00, 3563.3, 3565.5, 3563.0, 3565.5, 168413, 44642
2025/8/5, 00:00:00, 3573.0, 3582.0, 3573.0, 3574.6, 175692, 45256
2025/8/6, 00:00:00, 3572.4, 3572.4, 3572.4, 3572.4, 163932, 45392
2025/8/7, 00:00:00, 3577.0, 3595.0, 3575.0, 3587.2, 240076, 48043
2025/8/8, 00:00:00, 3640.0, 3640.0, 3600.0, 3621.4, 337522, 47800
2025/8/11, 00:00:00, 3552.3, 3552.3, 3539.9, 3550.5, 263897, 44361
2025/8/12, 00:00:00, 3540.0, 3544.8, 3530.0, 3542.9, 236605, 44830
2025/8/13, 00:00:00, 3555.1, 3555.1, 3552.2, 3552.2, 179623, 46985
2025/8/14, 00:00:00, 3525.7, 3525.7, 3525.7, 3525.7, 227562, 48934
2025/8/15, 00:00:00, 3523.7, 3523.7, 3523.7, 3523.7, 139988, 47860
2025/8/18, 00:00:00, 3520.1, 3524.1, 3517.9, 3517.9, 161175, 51416
2025/8/19, 00:00:00, 3500.0, 3500.0, 3498.2, 3498.2, 161301, 51255
2025/8/20, 00:00:00, 3535.5, 3535.5, 3529.4, 3529.4, 151712, 47677
2025/8/21, 00:00:00, 3525.0, 3525.0, 3522.9, 3522.9, 148306, 49098
2025/8/22, 00:00:00, 3559.6, 3559.6, 3559.6, 3559.6, 196851, 47613
2025/8/25, 00:00:00, 3550.3, 3558.9, 3550.3, 3558.9, 109048, 47926
2025/8/26, 00:00:00, 3542.5, 3577.4, 3540.0, 3576.2, 198644, 49276
2025/8/27, 00:00:00, 3579.4, 3595.3, 3579.4, 3595.3, 157452, 45829
2025/8/28, 00:00:00, 3597.7, 3620.0, 3597.7, 3619.4, 164287, 49314
2025/8/29, 00:00:00, 3610.0, 3662.7, 3610.0, 3662.7, 193497, 54317
2025/9/2, 00:00:00, 3700.0, 3745.0, 3685.3, 3740.3, 461515, 61871
2025/9/3, 00:00:00, 3750.0, 3784.3, 3750.0, 3784.3, 291187, 61812
2025/9/4, 00:00:00, 3759.9, 3763.7, 3733.4, 3755.3, 294415, 58764
2025/9/5, 00:00:00, 3762.1, 3801.4, 3750.3, 3801.4, 289748, 59632
2025/9/8, 00:00:00, 3776.4, 3827.5, 3772.5, 3823.1, 280693, 59904
2025/9/9, 00:00:00, 3820.0, 3857.8, 3820.0, 3827.9, 375768, 57444
2025/9/10, 00:00:00, 3813.1, 3839.7, 3805.6, 3827.9, 267368, 56660
2025/9/11, 00:00:00, 3810.7, 3819.6, 3807.7, 3819.0, 277148, 55486
2025/9/12, 00:00:00, 3839.0, 3839.0, 3830.0, 3832.3, 198416, 54830
2025/9/15, 00:00:00, 3814.8, 3867.4, 3814.8, 3865.7, 258727, 57772
2025/9/16, 00:00:00, 3878.1, 3882.3, 3864.1, 3872.3, 250182, 55899
2025/9/17, 00:00:00, 3872.6, 3875.0, 3838.6, 3865.3, 354267, 54966
2025/9/18, 00:00:00, 3850.0, 3854.0, 3812.5, 3824.1, 298440, 54760
2025/9/19, 00:00:00, 3835.0, 3862.1, 3830.0, 3852.5, 251839, 57069
2025/9/22, 00:00:00, 3872.0, 3931.0, 3870.5, 3923.2, 277180, 61138
2025/9/23, 00:00:00, 3926.4, 3969.6, 3926.4, 3965.3, 368369, 59196
2025/9/24, 00:00:00, 3952.4, 3952.5, 3905.4, 3918.9, 291482, 57058
2025/9/25, 00:00:00, 3928.0, 3938.2, 3905.0, 3926.5, 339462, 57034
2025/9/26, 00:00:00, 3928.0, 3969.6, 3925.6, 3964.7, 281698, 55750
2025/9/29, 00:00:00, 3969.4, 4015.4, 3958.4, 4015.4, 378442, 54790
2025/9/30, 00:00:00, 4034.8, 4050.0, 3985.0, 4032.9, 483107, 55129
2025/10/1, 00:00:00, 4047.1, 4067.5, 4047.0, 4060.7, 408780, 57256
2025/10/2, 00:00:00, 4050.0, 4080.0, 4014.0, 4029.8, 454135, 58408
2025/10/3, 00:00:00, 4039.7, 4071.1, 4039.7, 4071.1, 361058, 55643
2025/10/6, 00:00:00, 4078.0, 4156.0, 4078.0, 4144.0, 472668, 58711
2025/10/7, 00:00:00, 4167.4, 4182.5, 4150.1, 4177.0, 490865, 55692
2025/10/8, 00:00:00, 4188.8, 4253.9, 4180.1, 4248.4, 571170, 60752
2025/10/9, 00:00:00, 4230.6, 4252.0, 4138.5, 4146.9, 741822, 60645
2025/10/10, 00:00:00, 4158.6, 4210.9, 4139.0, 4173.0, 647963, 59967
2025/10/13, 00:00:00, 4232.0, 4309.4, 4232.0, 4309.4, 467560, 62472
2025/10/14, 00:00:00, 4319.0, 4371.1, 4304.6, 4340.0, 716842, 62468
2025/10/15, 00:00:00, 4349.8, 4417.1, 4349.8, 4380.0, 606936, 61831
2025/10/16, 00:00:00, 4412.4, 4515.2, 4391.5, 4484.9, 746939, 62719
2025/10/17, 00:00:00, 4538.5, 4564.0, 4381.0, 4388.9, 1267436, 61266
2025/10/20, 00:00:00, 4443.7, 4567.9, 4425.0, 4541.3, 746343, 62433
2025/10/21, 00:00:00, 4557.6, 4565.0, 4262.0, 4281.5, 1184203, 65693
2025/10/22, 00:00:00, 4314.8, 4348.7, 4203.1, 4239.6, 1180315, 64530
2025/10/23, 00:00:00, 4296.5, 4345.0, 4278.8, 4322.8, 683316, 66494
2025/10/24, 00:00:00, 4322.0, 4328.0, 4251.0, 4315.1, 755616, 67297
2025/10/27, 00:00:00, 4254.1, 4254.1, 4160.0, 4192.2, 813085, 72347
2025/10/28, 00:00:00, 4175.1, 4201.5, 4068.8, 4153.7, 791351, 74509
2025/10/29, 00:00:00, 4148.8, 4206.3, 4123.9, 4176.2, 749865, 73640
2025/10/30, 00:00:00, 4120.2, 4211.0, 4120.2, 4195.6, 704957, 73834
2025/10/31, 00:00:00, 4216.5, 4226.0, 4170.0, 4173.8, 620633, 73447
2025/11/3, 00:00:00, 4167.0, 4206.1, 4167.0, 4194.9, 524816, 75194
2025/11/4, 00:00:00, 4188.2, 4189.0, 4116.9, 4139.1, 530324, 76611
2025/11/5, 00:00:00, 4135.0, 4178.0, 4135.0, 4174.2, 395431, 77668
2025/11/6, 00:00:00, 4160.8, 4205.0, 4160.8, 4170.8, 409016, 77262
2025/11/7, 00:00:00, 4179.4, 4187.3, 4179.4, 4187.2, 377915, 77307
2025/11/10, 00:00:00, 4240.0, 4302.5, 4231.8, 4302.1, 475186, 80918
2025/11/11, 00:00:00, 4324.5, 4331.0, 4295.7, 4295.7, 427764, 81252
2025/11/12, 00:00:00, 4304.0, 4393.7, 4304.0, 4393.7, 540226, 83998
2025/11/13, 00:00:00, 4387.6, 4424.7, 4334.4, 4376.5, 606767, 84204
2025/11/14, 00:00:00, 4358.7, 4393.5, 4222.1, 4272.5, 686786, 82921
2025/11/17, 00:00:00, 4276.6, 4278.1, 4191.1, 4254.2, 505924, 84884
2025/11/18, 00:00:00, 4215.0, 4253.9, 4185.0, 4243.4, 480543, 84281
2025/11/19, 00:00:00, 4252.4, 4300.8, 4246.0, 4261.2, 471660, 83396
2025/11/20, 00:00:00, 4282.6, 4285.0, 4225.1, 4236.3, 554689, 84352
2025/11/21, 00:00:00, 4249.3, 4262.7, 4200.0, 4250.9, 481600, 82848
2025/11/24, 00:00:00, 4235.6, 4304.0, 4212.0, 4266.3, 394699, 84047
2025/11/25, 00:00:00, 4306.1, 4324.2, 4284.1, 4315.3, 505269, 44734
2025/11/26, 00:00:00, 4308.4, 4346.4, 4305.4, 4342.2, 371460, 43532
2025/11/28, 00:00:00, 4321.7, 4400.0, 4314.9, 4396.4, 300593, 48100
2025/12/1, 00:00:00, 4406.1, 4440.2, 4385.4, 4419.4, 453940, 49452
2025/12/2, 00:00:00, 4410.0, 4410.0, 4344.8, 4365.4, 422315, 51164
2025/12/3, 00:00:00, 4380.1, 4413.5, 4373.7, 4377.0, 358326, 50601
2025/12/4, 00:00:00, 4382.9, 4392.3, 4350.0, 4385.5, 323773, 51951
2025/12/5, 00:00:00, 4380.1, 4432.3, 4367.8, 4386.2, 354646, 52088
2025/12/8, 00:00:00, 4372.0, 4387.3, 4349.7, 4361.4, 301838, 54632
2025/12/9, 00:00:00, 4369.0, 4391.4, 4344.2, 4381.4, 309845, 54042
2025/12/10, 00:00:00, 4392.5, 4413.0, 4361.8, 4370.2, 315638, 53045
2025/12/11, 00:00:00, 4417.0, 4461.3, 4378.0, 4459.9, 395336, 55902
2025/12/12, 00:00:00, 4458.1, 4534.5, 4440.0, 4476.3, 506917, 54979
2025/12/15, 00:00:00, 4472.8, 4529.6, 4472.8, 4484.1, 339930, 56848
2025/12/16, 00:00:00, 4482.1, 4515.3, 4451.5, 4480.9, 336162, 57894
2025/12/17, 00:00:00, 4481.9, 4526.7, 4481.5, 4522.8, 363639, 60094
2025/12/18, 00:00:00, 4519.1, 4557.7, 4496.1, 4512.9, 358029, 59227
2025/12/19, 00:00:00, 4514.7, 4537.6, 4489.6, 4537.6, 278749, 60644
2025/12/22, 00:00:00, 4520.0, 4635.1, 4520.0, 4622.5, 358740, 66269
2025/12/23, 00:00:00, 4636.1, 4683.1, 4614.0, 4660.3, 452547, 65212
2025/12/24, 00:00:00, 4679.1, 4710.0, 4630.0, 4657.7, 350279, 70683
2025/12/26, 00:00:00, 4690.0, 4738.1, 4676.8, 4710.0, 432994, 70153
2025/12/29, 00:00:00, 4732.1, 4732.1, 4478.3, 4496.0, 680267, 70725
2025/12/30, 00:00:00, 4509.3, 4572.2, 4495.1, 4541.1, 406817, 70021
2025/12/31, 00:00:00, 4506.3, 4530.9, 4448.0, 4497.4, 460312, 67633
2026/1/2, 00:00:00, 4500.5, 4570.5, 4478.8, 4484.4, 364617, 69527
2026/1/5, 00:00:00, 4516.0, 4620.1, 4516.0, 4608.1, 449775, 68340
2026/1/6, 00:00:00, 4622.0, 4666.0, 4610.6, 4656.2, 421661, 68733
2026/1/7, 00:00:00, 4668.1, 4668.9, 4590.1, 4620.6, 503897, 70727
2026/1/8, 00:00:00, 4632.1, 4647.1, 4573.6, 4620.0, 452157, 70436
2026/1/9, 00:00:00, 4649.8, 4686.5, 4624.6, 4661.4, 425762, 69180
2026/1/12, 00:00:00, 4686.5, 4803.1, 4684.7, 4777.7, 611289, 72858
2026/1/13, 00:00:00, 4757.0, 4806.1, 4745.1, 4760.2, 471549, 72555
2026/1/14, 00:00:00, 4766.1, 4811.8, 4765.8, 4798.9, 527610, 70647
2026/1/15, 00:00:00, 4792.4, 4792.4, 4746.8, 4787.7, 461643, 72268
2026/1/16, 00:00:00, 4787.2, 4787.2, 4705.0, 4759.2, 495292, 73684
2026/1/20, 00:00:00, 4775.0, 4936.2, 4775.0, 4933.0, 735310, 78970
2026/1/21, 00:00:00, 4930.4, 5060.0, 4929.3, 5007.5, 861130, 77997
2026/1/22, 00:00:00, 4996.6, 5117.7, 4943.1, 5086.9, 557540, 81447
2026/1/23, 00:00:00, 5120.0, 5170.9, 5082.5, 5160.4, 656919, 82079
2026/1/26, 00:00:00, 5187.5, 5291.2, 5177.0, 5272.8, 946168, 78583
2026/1/27, 00:00:00, 5200.0, 5378.6, 5199.4, 5267.3, 746942, 78421
2026/1/28, 00:00:00, 5351.6, 5606.7, 5346.0, 5494.6, 1003151, 77060
2026/1/29, 00:00:00, 5610.0, 5782.2, 5288.0, 5508.6, 1577286, 57875
2026/1/30, 00:00:00, 5588.2, 5637.7, 4839.2, 4880.0, 1586851, 57124
2026/2/2, 00:00:00, 4942.1, 5031.0, 4560.1, 4780.4, 1413717, 58976
2026/2/3, 00:00:00, 4823.2, 5156.9, 4823.2, 5072.5, 947387, 53594
2026/2/4, 00:00:00, 5087.0, 5250.0, 5022.9, 5089.0, 829198, 55395
2026/2/5, 00:00:00, 5148.0, 5181.8, 4910.0, 5022.3, 905204, 58537
2026/2/6, 00:00:00, 4922.0, 5133.0, 4801.0, 5119.8, 650328, 60170
2026/2/9, 00:00:00, 5141.1, 5254.1, 5138.0, 5222.1, 498840, 61615
2026/2/10, 00:00:00, 5213.9, 5245.2, 5170.0, 5172.2, 487238, 60592
2026/2/11, 00:00:00, 5195.4, 5286.6, 5188.7, 5242.5, 533028, 61591
2026/2/12, 00:00:00, 5260.2, 5264.0, 5040.0, 5088.4, 585045, 58735
2026/2/13, 00:00:00, 5070.0, 5202.1, 5047.2, 5183.8, 424873, 61410
2026/2/17, 00:00:00, 5180.0, 5185.0, 4991.8, 5039.4, 614772, 60814
2026/2/18, 00:00:00, 5011.8, 5166.6, 5006.8, 5147.3, 305691, 62668
2026/2/19, 00:00:00, 5129.8, 5181.1, 5122.4, 5136.1, 303835, 61716
2026/2/20, 00:00:00, 5170.0, 5269.1, 5146.5, 5223.4, 385589, 62534
2026/2/23, 00:00:00, 5277.7, 5400.8, 5277.7, 5372.0, 400613, 62342
2026/2/24, 00:00:00, 5400.4, 5400.4, 5261.8, 5322.8, 442511, 59925
2026/2/25, 00:00:00, 5294.0, 5384.1, 5294.0, 5374.2, 385695, 58873
2026/2/26, 00:00:00, 5342.5, 5368.6, 5293.9, 5341.1, 384314, 59851
2026/2/27, 00:00:00, 5346.3, 5444.4, 5333.3, 5396.2, 388691, 62764
2026/3/2, 00:00:00, 5450.1, 5583.0, 5423.8, 5462.6, 610420, 62023
2026/3/3, 00:00:00, 5504.3, 5545.6, 5149.9, 5269.7, 753435, 60931
2026/3/4, 00:00:00, 5265.9, 5365.0, 5264.0, 5281.6, 470313, 57595
2026/3/5, 00:00:00, 5305.6, 5346.6, 5207.9, 5225.6, 456374, 59672
2026/3/6, 00:00:00, 5252.0, 5330.1, 5225.6, 5306.8, 409620, 59346
2026/3/9, 00:00:00, 5308.6, 5308.6, 5170.0, 5251.9, 459606, 57097
2026/3/10, 00:00:00, 5287.3, 5399.1, 5282.0, 5392.5, 366339, 58116
2026/3/11, 00:00:00, 5358.8, 5380.0, 5310.0, 5330.9, 294001, 59221
2026/3/12, 00:00:00, 5320.0, 5344.9, 5213.6, 5276.4, 355544, 61825
2026/3/13, 00:00:00, 5243.8, 5282.5, 5163.8, 5210.4, 348971, 62822
2026/3/16, 00:00:00, 5159.6, 5184.3, 5115.7, 5150.3, 446703, 63231
2026/3/17, 00:00:00, 5157.9, 5192.1, 5125.0, 5156.7, 315448, 64123
2026/3/18, 00:00:00, 5153.5, 5164.4, 4957.4, 5041.7, 506264, 70495
2026/3/19, 00:00:00, 4953.0, 5010.0, 4953.0, 4996.0, 63301, 0
