Date, Time, Open, High, Low, Last, Volume, OpenInterest
2023/12/8, 00:00:00, 2197.5, 2197.5, 2197.5, 2197.5, 81203, 31803
2023/12/11, 00:00:00, 2176.5, 2176.5, 2176.5, 2176.5, 63616, 33538
2023/12/12, 00:00:00, 2174.5, 2174.5, 2174.5, 2174.5, 58090, 32913
2023/12/13, 00:00:00, 2178.4, 2178.4, 2178.4, 2178.4, 72096, 32186
2023/12/14, 00:00:00, 2221.3, 2221.3, 2221.3, 2221.3, 96132, 32018
2023/12/15, 00:00:00, 2209.9, 2209.9, 2209.9, 2209.9, 69374, 31087
2023/12/18, 00:00:00, 2214.3, 2214.3, 2214.3, 2214.3, 50439, 31867
2023/12/19, 00:00:00, 2226.6, 2226.6, 2226.6, 2226.6, 49670, 32144
2023/12/20, 00:00:00, 2220.9, 2220.9, 2220.9, 2220.9, 48227, 32619
2023/12/21, 00:00:00, 2223.8, 2223.8, 2223.8, 2223.8, 46852, 31937
2023/12/22, 00:00:00, 2241.0, 2241.0, 2241.0, 2241.0, 73055, 31901
2023/12/26, 00:00:00, 2241.5, 2241.5, 2241.5, 2241.5, 33055, 32108
2023/12/27, 00:00:00, 2264.5, 2264.5, 2264.5, 2264.5, 48590, 32543
2023/12/28, 00:00:00, 2255.2, 2255.2, 2255.2, 2255.2, 53323, 33721
2023/12/29, 00:00:00, 2243.5, 2243.5, 2243.5, 2243.5, 44921, 32867
2024/1/2, 00:00:00, 2245.2, 2245.2, 2245.2, 2245.2, 62318, 33294
2024/1/3, 00:00:00, 2214.6, 2214.6, 2214.6, 2214.6, 79206, 34198
2024/1/4, 00:00:00, 2225.0, 2225.0, 2222.0, 2222.0, 41706, 34533
2024/1/5, 00:00:00, 2220.0, 2221.9, 2220.0, 2221.9, 80803, 33767
2024/1/8, 00:00:00, 2205.3, 2205.3, 2205.3, 2205.3, 75452, 35400
2024/1/9, 00:00:00, 2205.3, 2205.3, 2205.3, 2205.3, 55276, 36371
2024/1/10, 00:00:00, 2199.8, 2199.8, 2199.8, 2199.8, 55821, 36878
2024/1/11, 00:00:00, 2190.6, 2190.6, 2190.6, 2190.6, 88467, 37230
2024/1/12, 00:00:00, 2219.5, 2219.5, 2219.5, 2219.5, 87547, 36064
2024/1/16, 00:00:00, 2197.7, 2197.7, 2197.7, 2197.7, 107161, 38536
2024/1/17, 00:00:00, 2175.5, 2175.5, 2175.5, 2175.5, 74247, 38995
2024/1/18, 00:00:00, 2190.5, 2190.5, 2190.5, 2190.5, 55466, 38216
2024/1/19, 00:00:00, 2199.0, 2199.0, 2199.0, 2199.0, 53366, 37625
2024/1/22, 00:00:00, 2192.0, 2192.0, 2192.0, 2192.0, 48154, 37293
2024/1/23, 00:00:00, 2195.8, 2195.8, 2195.8, 2195.8, 55600, 39256
2024/1/24, 00:00:00, 2185.9, 2185.9, 2185.9, 2185.9, 70713, 39130
2024/1/25, 00:00:00, 2187.1, 2187.1, 2187.1, 2187.1, 65322, 39826
2024/1/26, 00:00:00, 2187.1, 2187.1, 2187.1, 2187.1, 55566, 38558
2024/1/29, 00:00:00, 2195.7, 2195.7, 2195.7, 2195.7, 64890, 35265
2024/1/30, 00:00:00, 2202.9, 2202.9, 2202.9, 2202.9, 65428, 27372
2024/1/31, 00:00:00, 2217.5, 2217.5, 2217.5, 2217.5, 72679, 27642
2024/2/1, 00:00:00, 2221.2, 2221.2, 2221.2, 2221.2, 88958, 28957
2024/2/2, 00:00:00, 2207.4, 2207.4, 2207.4, 2207.4, 69486, 27072
2024/2/5, 00:00:00, 2197.5, 2197.5, 2197.5, 2197.5, 57413, 27416
2024/2/6, 00:00:00, 2205.6, 2205.6, 2205.6, 2205.6, 41804, 27304
2024/2/7, 00:00:00, 2205.7, 2205.7, 2205.7, 2205.7, 41801, 27116
2024/2/8, 00:00:00, 2202.4, 2202.4, 2202.4, 2202.4, 49160, 26410
2024/2/9, 00:00:00, 2194.3, 2194.3, 2194.3, 2194.3, 38415, 26749
2024/2/12, 00:00:00, 2189.2, 2189.2, 2189.2, 2189.2, 43434, 27387
2024/2/13, 00:00:00, 2165.4, 2165.4, 2165.4, 2165.4, 69358, 30686
2024/2/14, 00:00:00, 2163.8, 2163.8, 2163.8, 2163.8, 53460, 30524
2024/2/15, 00:00:00, 2174.2, 2174.2, 2174.2, 2174.2, 58425, 30536
2024/2/16, 00:00:00, 2185.0, 2185.0, 2185.0, 2185.0, 55900, 27773
2024/2/20, 00:00:00, 2200.4, 2200.4, 2200.4, 2200.4, 62877, 25994
2024/2/21, 00:00:00, 2200.4, 2200.4, 2195.7, 2195.7, 37212, 26081
2024/2/22, 00:00:00, 2192.6, 2192.6, 2192.6, 2192.6, 43279, 27497
2024/2/23, 00:00:00, 2211.7, 2211.7, 2211.7, 2211.7, 56511, 26751
2024/2/26, 00:00:00, 2211.7, 2211.7, 2202.0, 2202.0, 37782, 27092
2024/2/27, 00:00:00, 2208.1, 2208.1, 2208.1, 2208.1, 38111, 26253
2024/2/28, 00:00:00, 2207.0, 2207.0, 2207.0, 2207.0, 39740, 26264
2024/2/29, 00:00:00, 2219.1, 2219.1, 2219.1, 2219.1, 55039, 26532
2024/3/1, 00:00:00, 2250.0, 2260.7, 2250.0, 2260.7, 85710, 26423
2024/3/4, 00:00:00, 2293.3, 2293.3, 2293.3, 2293.3, 78804, 28264
2024/3/5, 00:00:00, 2310.3, 2310.3, 2309.7, 2309.7, 86525, 29986
2024/3/6, 00:00:00, 2326.0, 2326.0, 2326.0, 2326.0, 78420, 31917
2024/3/7, 00:00:00, 2333.6, 2333.6, 2333.6, 2333.6, 66530, 32942
2024/3/8, 00:00:00, 2351.8, 2354.5, 2351.8, 2354.5, 92544, 35578
2024/3/11, 00:00:00, 2358.8, 2358.8, 2358.8, 2358.8, 57401, 37337
2024/3/12, 00:00:00, 2337.5, 2337.5, 2337.5, 2337.5, 87422, 37886
2024/3/13, 00:00:00, 2353.2, 2353.2, 2353.2, 2353.2, 53794, 39394
2024/3/14, 00:00:00, 2340.7, 2340.7, 2340.7, 2340.7, 54794, 38912
2024/3/15, 00:00:00, 2340.7, 2340.7, 2336.0, 2336.0, 52279, 38566
2024/3/18, 00:00:00, 2343.4, 2343.4, 2343.4, 2343.4, 51106, 40391
2024/3/19, 00:00:00, 2338.9, 2338.9, 2338.9, 2338.9, 47350, 39169
2024/3/20, 00:00:00, 2339.5, 2339.5, 2339.5, 2339.5, 70382, 38894
2024/3/21, 00:00:00, 2385.0, 2385.0, 2363.8, 2363.8, 120980, 41476
2024/3/22, 00:00:00, 2355.0, 2355.0, 2338.2, 2338.2, 77054, 38132
2024/3/25, 00:00:00, 2355.3, 2355.3, 2355.3, 2355.3, 72945, 38342
2024/3/26, 00:00:00, 2360.0, 2368.0, 2357.1, 2357.1, 85904, 37189
2024/3/27, 00:00:00, 2371.3, 2371.3, 2371.3, 2371.3, 76271, 30766
2024/3/28, 00:00:00, 2398.9, 2398.9, 2398.9, 2398.9, 112327, 33876
2024/4/1, 00:00:00, 2422.3, 2422.3, 2422.3, 2422.3, 120274, 33964
2024/4/2, 00:00:00, 2449.9, 2449.9, 2449.9, 2449.9, 129361, 36112
2024/4/3, 00:00:00, 2484.4, 2484.4, 2484.4, 2484.4, 144071, 38382
2024/4/4, 00:00:00, 2484.4, 2484.4, 2479.2, 2479.2, 127305, 37504
2024/4/5, 00:00:00, 2518.0, 2518.0, 2518.0, 2518.0, 160393, 40473
2024/4/8, 00:00:00, 2530.0, 2530.0, 2525.5, 2525.5, 179059, 39247
2024/4/9, 00:00:00, 2538.2, 2538.2, 2538.2, 2538.2, 170631, 40105
2024/4/10, 00:00:00, 2528.7, 2528.7, 2528.7, 2528.7, 207068, 38016
2024/4/11, 00:00:00, 2554.4, 2554.4, 2554.4, 2554.4, 152562, 41113
2024/4/12, 00:00:00, 2557.7, 2557.7, 2557.7, 2557.7, 311919, 38963
2024/4/15, 00:00:00, 2567.5, 2567.5, 2567.5, 2567.5, 224115, 39478
2024/4/16, 00:00:00, 2593.6, 2593.6, 2593.6, 2593.6, 186767, 39775
2024/4/17, 00:00:00, 2574.7, 2574.7, 2574.7, 2574.7, 182066, 37474
2024/4/18, 00:00:00, 2584.1, 2584.1, 2584.1, 2584.1, 145875, 38335
2024/4/19, 00:00:00, 2600.3, 2600.3, 2600.3, 2600.3, 227729, 38185
2024/4/22, 00:00:00, 2530.8, 2530.8, 2530.8, 2530.8, 160840, 38810
2024/4/23, 00:00:00, 2524.8, 2524.8, 2524.8, 2524.8, 192471, 35982
2024/4/24, 00:00:00, 2521.4, 2521.4, 2521.4, 2521.4, 118315, 36034
2024/4/25, 00:00:00, 2525.5, 2525.5, 2525.5, 2525.5, 139691, 34982
2024/4/26, 00:00:00, 2532.1, 2532.1, 2532.1, 2532.1, 104208, 35086
2024/4/29, 00:00:00, 2543.1, 2543.1, 2543.1, 2543.1, 109247, 35604
2024/4/30, 00:00:00, 2505.0, 2505.0, 2487.6, 2487.6, 136295, 37555
2024/5/1, 00:00:00, 2496.0, 2496.0, 2487.0, 2496.0, 128303, 36312
2024/5/2, 00:00:00, 2494.6, 2494.6, 2494.6, 2494.6, 117104, 36254
2024/5/3, 00:00:00, 2491.1, 2491.1, 2491.1, 2491.1, 121896, 35872
2024/5/6, 00:00:00, 2514.8, 2514.8, 2514.8, 2514.8, 102841, 36721
2024/5/7, 00:00:00, 2507.6, 2507.6, 2507.6, 2507.6, 75176, 36739
2024/5/8, 00:00:00, 2506.2, 2506.2, 2506.2, 2506.2, 82643, 37013
2024/5/9, 00:00:00, 2523.0, 2523.0, 2523.0, 2523.0, 102637, 38552
2024/5/10, 00:00:00, 2570.0, 2570.0, 2560.0, 2560.0, 118682, 39916
2024/5/13, 00:00:00, 2528.4, 2528.4, 2528.4, 2528.4, 85135, 40260
2024/5/14, 00:00:00, 2545.3, 2545.3, 2545.3, 2545.3, 81331, 40598
2024/5/15, 00:00:00, 2580.4, 2580.4, 2580.4, 2580.4, 112758, 41939
2024/5/16, 00:00:00, 2572.1, 2572.1, 2572.1, 2572.1, 85474, 41126
2024/5/17, 00:00:00, 2605.1, 2605.1, 2605.1, 2605.1, 104968, 41909
2024/5/20, 00:00:00, 2628.1, 2628.1, 2628.1, 2628.1, 156438, 41150
2024/5/21, 00:00:00, 2615.2, 2615.2, 2615.2, 2615.2, 108704, 41406
2024/5/22, 00:00:00, 2582.0, 2582.0, 2582.0, 2582.0, 112222, 41478
2024/5/23, 00:00:00, 2525.5, 2525.5, 2525.5, 2525.5, 130969, 44043
2024/5/24, 00:00:00, 2522.2, 2522.2, 2522.2, 2522.2, 74169, 42250
2024/5/28, 00:00:00, 2552.4, 2552.4, 2546.2, 2546.2, 149248, 40454
2024/5/29, 00:00:00, 2531.2, 2531.2, 2531.2, 2531.2, 81053, 35543
2024/5/30, 00:00:00, 2533.4, 2533.4, 2533.4, 2533.4, 90073, 28211
2024/5/31, 00:00:00, 2512.7, 2512.7, 2512.7, 2512.7, 88902, 28594
2024/6/3, 00:00:00, 2535.4, 2535.4, 2535.4, 2535.4, 79666, 28996
2024/6/4, 00:00:00, 2512.5, 2512.5, 2512.5, 2512.5, 78444, 29379
2024/6/5, 00:00:00, 2540.7, 2540.7, 2540.7, 2540.7, 74272, 28785
2024/6/6, 00:00:00, 2556.8, 2556.8, 2556.8, 2556.8, 87365, 29919
2024/6/7, 00:00:00, 2490.1, 2490.1, 2490.1, 2490.1, 151103, 32978
2024/6/10, 00:00:00, 2473.0, 2491.5, 2473.0, 2491.5, 71945, 32334
2024/6/11, 00:00:00, 2491.1, 2491.1, 2491.1, 2491.1, 73836, 32509
2024/6/12, 00:00:00, 2518.2, 2518.2, 2518.2, 2518.2, 104733, 31917
2024/6/13, 00:00:00, 2478.8, 2478.8, 2478.8, 2478.8, 108249, 32444
2024/6/14, 00:00:00, 2509.9, 2509.9, 2509.9, 2509.9, 89906, 31717
2024/6/17, 00:00:00, 2491.2, 2491.2, 2491.2, 2491.2, 73519, 32161
2024/6/18, 00:00:00, 2509.0, 2509.0, 2509.0, 2509.0, 79222, 31580
2024/6/20, 00:00:00, 2531.8, 2531.8, 2531.8, 2531.8, 141512, 31705
2024/6/21, 00:00:00, 2538.8, 2538.8, 2492.9, 2492.9, 111101, 30947
2024/6/24, 00:00:00, 2503.0, 2507.1, 2503.0, 2507.1, 64248, 30661
2024/6/25, 00:00:00, 2493.6, 2493.6, 2493.6, 2493.6, 79081, 30360
2024/6/26, 00:00:00, 2475.8, 2475.8, 2475.8, 2475.8, 95055, 31773
2024/6/27, 00:00:00, 2500.0, 2500.0, 2499.0, 2499.0, 77425, 29974
2024/6/28, 00:00:00, 2502.4, 2502.4, 2502.4, 2502.4, 75491, 30199
2024/7/1, 00:00:00, 2499.0, 2502.3, 2499.0, 2502.3, 70972, 31146
2024/7/2, 00:00:00, 2496.6, 2496.6, 2496.6, 2496.6, 75308, 30961
2024/7/3, 00:00:00, 2533.9, 2533.9, 2533.9, 2533.9, 83762, 32055
2024/7/5, 00:00:00, 2554.9, 2562.5, 2554.9, 2562.5, 127909, 37161
2024/7/8, 00:00:00, 2564.0, 2564.0, 2527.9, 2528.7, 84784, 38394
2024/7/9, 00:00:00, 2525.0, 2533.0, 2525.0, 2533.0, 82272, 38660
2024/7/10, 00:00:00, 2547.7, 2547.7, 2544.9, 2544.9, 66078, 39411
2024/7/11, 00:00:00, 2571.5, 2586.8, 2571.5, 2586.8, 115074, 41182
2024/7/12, 00:00:00, 2585.5, 2585.5, 2566.7, 2585.5, 89536, 40622
2024/7/15, 00:00:00, 2593.6, 2598.0, 2573.2, 2593.6, 102121, 41989
2024/7/16, 00:00:00, 2633.7, 2633.7, 2592.0, 2633.7, 116350, 43755
2024/7/17, 00:00:00, 2627.1, 2648.3, 2626.6, 2627.1, 143093, 45470
2024/7/18, 00:00:00, 2623.8, 2639.6, 2613.7, 2623.8, 103093, 45656
2024/7/19, 00:00:00, 2598.0, 2598.0, 2564.8, 2564.8, 135111, 44077
2024/7/22, 00:00:00, 2558.2, 2575.9, 2553.1, 2558.2, 99639, 43019
2024/7/23, 00:00:00, 2568.9, 2575.0, 2556.7, 2571.3, 92444, 43847
2024/7/24, 00:00:00, 2579.0, 2594.7, 2566.3, 2579.5, 118065, 42916
2024/7/25, 00:00:00, 2520.7, 2520.7, 2513.3, 2513.3, 186710, 37523
2024/7/26, 00:00:00, 2551.9, 2551.9, 2541.7, 2541.7, 113077, 33978
2024/7/29, 00:00:00, 2555.1, 2555.1, 2539.5, 2539.5, 128627, 37099
2024/7/30, 00:00:00, 2548.8, 2569.5, 2548.8, 2566.7, 104197, 29527
2024/7/31, 00:00:00, 2609.9, 2609.9, 2589.2, 2589.2, 93388, 29743
2024/8/1, 00:00:00, 2607.3, 2610.0, 2591.4, 2595.2, 127020, 30806
2024/8/2, 00:00:00, 2575.3, 2575.3, 2575.3, 2575.3, 201933, 31552
2024/8/5, 00:00:00, 2500.0, 2543.6, 2500.0, 2543.6, 242135, 31392
2024/8/6, 00:00:00, 2553.0, 2553.0, 2518.5, 2532.5, 130706, 32168
2024/8/7, 00:00:00, 2537.0, 2544.0, 2526.2, 2534.0, 96774, 33337
2024/8/8, 00:00:00, 2540.0, 2568.0, 2523.5, 2566.1, 108430, 35521
2024/8/9, 00:00:00, 2577.1, 2577.6, 2560.7, 2577.1, 92686, 36292
2024/8/12, 00:00:00, 2595.1, 2614.0, 2595.1, 2610.6, 99654, 36097
2024/8/13, 00:00:00, 2613.1, 2617.0, 2613.1, 2613.1, 102643, 38056
2024/8/14, 00:00:00, 2598.2, 2617.7, 2584.2, 2584.2, 119521, 37629
2024/8/15, 00:00:00, 2601.6, 2601.6, 2580.0, 2599.2, 126263, 39641
2024/8/16, 00:00:00, 2596.3, 2649.9, 2596.0, 2646.5, 163410, 41554
2024/8/19, 00:00:00, 2645.6, 2650.3, 2639.4, 2650.3, 110466, 42017
2024/8/20, 00:00:00, 2659.1, 2672.7, 2659.1, 2659.1, 118828, 44178
2024/8/21, 00:00:00, 2639.0, 2661.1, 2639.0, 2655.0, 117914, 44372
2024/8/22, 00:00:00, 2648.6, 2648.6, 2617.6, 2624.0, 127017, 45139
2024/8/23, 00:00:00, 2653.8, 2661.6, 2648.3, 2653.3, 114500, 43037
2024/8/26, 00:00:00, 2647.1, 2663.2, 2647.1, 2662.2, 90798, 43918
2024/8/27, 00:00:00, 2660.2, 2663.5, 2648.8, 2659.6, 97608, 43309
2024/8/28, 00:00:00, 2645.3, 2665.8, 2640.9, 2644.6, 111926, 43281
2024/8/29, 00:00:00, 2667.6, 2667.6, 2667.6, 2667.6, 108146, 44655
2024/8/30, 00:00:00, 2648.0, 2648.0, 2634.6, 2634.6, 113772, 45586
2024/9/3, 00:00:00, 2641.2, 2641.4, 2619.3, 2629.5, 161388, 44594
2024/9/4, 00:00:00, 2635.0, 2635.0, 2613.1, 2630.9, 91185, 44929
2024/9/5, 00:00:00, 2635.0, 2653.3, 2635.0, 2647.3, 96720, 45292
2024/9/6, 00:00:00, 2628.0, 2656.1, 2617.1, 2626.4, 143413, 44429
2024/9/9, 00:00:00, 2633.2, 2633.2, 2633.2, 2633.2, 75122, 44180
2024/9/10, 00:00:00, 2639.0, 2643.5, 2639.0, 2643.5, 76686, 44724
2024/9/11, 00:00:00, 2644.5, 2648.7, 2632.0, 2643.2, 99876, 45121
2024/9/12, 00:00:00, 2666.2, 2682.9, 2660.8, 2682.9, 135309, 48289
2024/9/13, 00:00:00, 2696.9, 2714.0, 2696.9, 2712.0, 110480, 47553
2024/9/16, 00:00:00, 2711.5, 2711.5, 2705.8, 2708.4, 71936, 48339
2024/9/17, 00:00:00, 2694.4, 2694.4, 2692.6, 2692.6, 96724, 47777
2024/9/18, 00:00:00, 2700.8, 2718.8, 2676.0, 2699.6, 148671, 46951
2024/9/19, 00:00:00, 2687.4, 2717.5, 2676.2, 2715.3, 125004, 48519
2024/9/20, 00:00:00, 2717.0, 2748.5, 2711.6, 2748.5, 124553, 48382
2024/9/23, 00:00:00, 2754.8, 2761.5, 2754.2, 2754.8, 86533, 49792
2024/9/24, 00:00:00, 2760.7, 2787.8, 2760.7, 2779.5, 121411, 49943
2024/9/25, 00:00:00, 2786.8, 2791.0, 2775.8, 2787.5, 107307, 50140
2024/9/26, 00:00:00, 2795.7, 2799.4, 2781.8, 2799.4, 123105, 52151
2024/9/27, 00:00:00, 2796.7, 2800.5, 2771.0, 2771.0, 112835, 46120
2024/9/30, 00:00:00, 2754.8, 2764.1, 2754.8, 2764.1, 101474, 47268
2024/10/1, 00:00:00, 2798.3, 2799.2, 2794.3, 2797.0, 121744, 47225
2024/10/2, 00:00:00, 2777.7, 2788.4, 2775.5, 2777.2, 88419, 44107
2024/10/3, 00:00:00, 2771.3, 2787.0, 2771.3, 2787.0, 94908, 44662
2024/10/4, 00:00:00, 2766.4, 2801.4, 2766.4, 2782.3, 122586, 44078
2024/10/7, 00:00:00, 2775.1, 2791.6, 2775.1, 2782.4, 87912, 44868
2024/10/8, 00:00:00, 2779.8, 2779.8, 2742.5, 2750.2, 139566, 45558
2024/10/9, 00:00:00, 2741.6, 2753.8, 2740.4, 2741.6, 82830, 45955
2024/10/10, 00:00:00, 2738.1, 2760.3, 2738.1, 2756.2, 102325, 46778
2024/10/11, 00:00:00, 2792.8, 2792.8, 2792.8, 2792.8, 99314, 45727
2024/10/14, 00:00:00, 2798.5, 2798.5, 2781.0, 2782.8, 81029, 46921
2024/10/15, 00:00:00, 2778.0, 2802.4, 2775.4, 2795.6, 92559, 46591
2024/10/16, 00:00:00, 2805.2, 2812.0, 2803.5, 2808.8, 90761, 46765
2024/10/17, 00:00:00, 2810.0, 2827.1, 2809.8, 2825.3, 118218, 48660
2024/10/18, 00:00:00, 2840.0, 2851.7, 2840.0, 2849.5, 116885, 48297
2024/10/21, 00:00:00, 2856.2, 2872.7, 2852.2, 2860.3, 132495, 49077
2024/10/22, 00:00:00, 2867.6, 2885.7, 2867.0, 2881.9, 107231, 50336
2024/10/23, 00:00:00, 2882.9, 2883.0, 2850.9, 2851.7, 147342, 51638
2024/10/24, 00:00:00, 2874.1, 2874.1, 2866.0, 2870.8, 115350, 50747
2024/10/25, 00:00:00, 2863.9, 2876.4, 2853.0, 2876.4, 103424, 49111
2024/10/28, 00:00:00, 2871.2, 2879.9, 2871.2, 2879.9, 99360, 50013
2024/10/29, 00:00:00, 2877.4, 2904.5, 2877.4, 2904.5, 127466, 50724
2024/10/30, 00:00:00, 2916.1, 2925.2, 2915.3, 2925.2, 128416, 51617
2024/10/31, 00:00:00, 2917.7, 2917.7, 2874.1, 2874.1, 140279, 54231
2024/11/1, 00:00:00, 2885.8, 2885.8, 2873.0, 2873.0, 108204, 53814
2024/11/4, 00:00:00, 2865.2, 2876.6, 2865.2, 2870.9, 86573, 53682
2024/11/5, 00:00:00, 2859.0, 2877.6, 2859.0, 2877.6, 86690, 53088
2024/11/6, 00:00:00, 2850.1, 2868.8, 2788.5, 2802.5, 217697, 54411
2024/11/7, 00:00:00, 2783.0, 2832.4, 2780.5, 2832.4, 142319, 54045
2024/11/8, 00:00:00, 2834.0, 2834.0, 2813.7, 2821.2, 117641, 53869
2024/11/11, 00:00:00, 2817.0, 2817.0, 2742.1, 2742.1, 141552, 55906
2024/11/12, 00:00:00, 2741.1, 2741.1, 2725.0, 2730.3, 142763, 56238
2024/11/13, 00:00:00, 2735.0, 2736.5, 2704.0, 2707.9, 141112, 55989
2024/11/14, 00:00:00, 2692.0, 2695.6, 2682.0, 2693.6, 167085, 54537
2024/11/15, 00:00:00, 2695.0, 2695.5, 2685.8, 2690.8, 117678, 53978
2024/11/18, 00:00:00, 2697.1, 2740.0, 2697.1, 2737.6, 121942, 53359
2024/11/19, 00:00:00, 2750.0, 2762.0, 2750.0, 2753.8, 130676, 54084
2024/11/20, 00:00:00, 2764.3, 2779.3, 2756.2, 2776.6, 116499, 50975
2024/11/21, 00:00:00, 2787.4, 2801.2, 2787.4, 2801.2, 123301, 52435
2024/11/22, 00:00:00, 2815.4, 2847.9, 2798.6, 2842.1, 178663, 51364
2024/11/25, 00:00:00, 2850.0, 2850.0, 2744.1, 2744.1, 263884, 51287
2024/11/26, 00:00:00, 2738.0, 2762.5, 2737.0, 2747.8, 167001, 48387
2024/11/27, 00:00:00, 2760.0, 2774.1, 2759.9, 2765.8, 125852, 26537
2024/11/29, 00:00:00, 2750.9, 2788.8, 2750.9, 2781.5, 144598, 27614
2024/12/2, 00:00:00, 2765.0, 2765.0, 2748.1, 2759.8, 138893, 28329
2024/12/3, 00:00:00, 2759.0, 2769.0, 2759.0, 2769.0, 107467, 28567
2024/12/4, 00:00:00, 2779.0, 2779.0, 2774.1, 2776.2, 108043, 29060
2024/12/5, 00:00:00, 2774.9, 2775.8, 2747.3, 2747.3, 110569, 31558
2024/12/6, 00:00:00, 2745.8, 2758.5, 2745.8, 2758.5, 122246, 28128
2024/12/9, 00:00:00, 2766.0, 2796.2, 2766.0, 2788.6, 131876, 28491
2024/12/10, 00:00:00, 2788.7, 2821.1, 2788.7, 2821.1, 120619, 28606
2024/12/11, 00:00:00, 2834.6, 2856.8, 2819.8, 2856.7, 175803, 30794
2024/12/12, 00:00:00, 2855.0, 2855.0, 2800.0, 2813.3, 168307, 34018
2024/12/13, 00:00:00, 2823.7, 2823.7, 2770.0, 2780.5, 141090, 34700
2024/12/16, 00:00:00, 2771.9, 2786.0, 2771.9, 2774.8, 84661, 35344
2024/12/17, 00:00:00, 2760.0, 2767.7, 2759.7, 2767.7, 111847, 34592
2024/12/18, 00:00:00, 2763.0, 2763.0, 2715.0, 2761.7, 110771, 35733
2024/12/19, 00:00:00, 2710.4, 2743.0, 2710.4, 2718.1, 133593, 36512
2024/12/20, 00:00:00, 2721.0, 2757.6, 2721.0, 2754.1, 113323, 34759
2024/12/23, 00:00:00, 2740.0, 2740.0, 2734.0, 2738.6, 77292, 35775
2024/12/24, 00:00:00, 2748.5, 2748.5, 2748.5, 2748.5, 45961, 33447
2024/12/26, 00:00:00, 2768.7, 2768.7, 2768.7, 2768.7, 62039, 33214
2024/12/27, 00:00:00, 2751.0, 2751.0, 2748.8, 2748.8, 74027, 31855
2024/12/30, 00:00:00, 2753.8, 2756.0, 2731.7, 2738.6, 83729, 32530
2024/12/31, 00:00:00, 2739.0, 2766.9, 2738.3, 2766.9, 66871, 32076
2025/1/2, 00:00:00, 2766.3, 2793.2, 2762.7, 2789.5, 89445, 33045
2025/1/3, 00:00:00, 2797.7, 2798.4, 2766.6, 2771.4, 83934, 32541
2025/1/6, 00:00:00, 2757.5, 2762.9, 2750.0, 2762.9, 119843, 33541
2025/1/7, 00:00:00, 2780.7, 2785.0, 2779.0, 2781.8, 104617, 32982
2025/1/8, 00:00:00, 2801.0, 2801.0, 2785.3, 2790.4, 105546, 32891
2025/1/9, 00:00:00, 2805.0, 2808.3, 2798.0, 2808.3, 86123, 34561
2025/1/10, 00:00:00, 2815.0, 2850.0, 2805.0, 2833.3, 166951, 32676
2025/1/13, 00:00:00, 2837.6, 2837.6, 2791.8, 2794.4, 141788, 32385
2025/1/14, 00:00:00, 2793.8, 2806.5, 2793.8, 2800.9, 94793, 33485
2025/1/15, 00:00:00, 2828.0, 2838.2, 2820.0, 2836.3, 120230, 33206
2025/1/16, 00:00:00, 2853.0, 2871.2, 2853.0, 2871.2, 120405, 34269
2025/1/17, 00:00:00, 2860.8, 2879.0, 2858.0, 2869.3, 107315, 34387
2025/1/21, 00:00:00, 2860.0, 2881.1, 2838.0, 2881.1, 234024, 37335
2025/1/22, 00:00:00, 2887.6, 2894.2, 2880.7, 2893.2, 112299, 38430
2025/1/23, 00:00:00, 2880.7, 2887.8, 2863.5, 2887.8, 122335, 38193
2025/1/24, 00:00:00, 2891.0, 2917.5, 2891.0, 2903.6, 141727, 38086
2025/1/27, 00:00:00, 2898.3, 2898.3, 2858.0, 2863.9, 146334, 37277
2025/1/28, 00:00:00, 2875.6, 2900.0, 2871.6, 2896.4, 96300, 37889
2025/1/29, 00:00:00, 2898.8, 2905.3, 2890.2, 2890.9, 96792, 36643
2025/1/30, 00:00:00, 2905.0, 2950.4, 2905.0, 2941.9, 126712, 30633
2025/1/31, 00:00:00, 2944.9, 2957.0, 2923.5, 2930.2, 124637, 28377
2025/2/3, 00:00:00, 2915.0, 2965.0, 2902.7, 2950.3, 151275, 29324
2025/2/4, 00:00:00, 2947.3, 2972.2, 2935.5, 2971.0, 109220, 30411
2025/2/5, 00:00:00, 2970.2, 3000.0, 2970.2, 2989.4, 130490, 32141
2025/2/6, 00:00:00, 2986.5, 2986.5, 2956.4, 2975.6, 125021, 31124
2025/2/7, 00:00:00, 2979.9, 3005.3, 2979.4, 2989.7, 132134, 31007
2025/2/10, 00:00:00, 3000.0, 3040.2, 3000.0, 3038.8, 120388, 35876
2025/2/11, 00:00:00, 3050.0, 3072.6, 3014.5, 3038.8, 178991, 32134
2025/2/12, 00:00:00, 3030.3, 3041.5, 2997.6, 3035.1, 155583, 31488
2025/2/13, 00:00:00, 3033.3, 3062.7, 3033.0, 3050.2, 120959, 33702
2025/2/14, 00:00:00, 3065.0, 3069.3, 2996.3, 3003.2, 172423, 32782
2025/2/18, 00:00:00, 3007.3, 3056.2, 3007.3, 3051.8, 201934, 33569
2025/2/19, 00:00:00, 3056.4, 3065.5, 3034.6, 3036.3, 139372, 33700
2025/2/20, 00:00:00, 3061.0, 3072.5, 3043.8, 3056.6, 158509, 35501
2025/2/21, 00:00:00, 3062.9, 3063.3, 3032.0, 3054.0, 149601, 35156
2025/2/24, 00:00:00, 3055.1, 3075.0, 3049.2, 3065.2, 135768, 36258
2025/2/25, 00:00:00, 3067.6, 3068.1, 2999.6, 3020.3, 167518, 34485
2025/2/26, 00:00:00, 3029.0, 3041.7, 3009.5, 3032.8, 123307, 32673
2025/2/27, 00:00:00, 3036.9, 3036.9, 2985.6, 2997.8, 166802, 32392
2025/2/28, 00:00:00, 2990.0, 2996.0, 2946.0, 2949.1, 148662, 30808
2025/3/3, 00:00:00, 2985.3, 3007.2, 2973.1, 3003.4, 136887, 31034
2025/3/4, 00:00:00, 3004.5, 3040.7, 2995.2, 3022.8, 130509, 31386
2025/3/5, 00:00:00, 3026.6, 3042.8, 3007.7, 3028.0, 136859, 32334
2025/3/6, 00:00:00, 3029.7, 3038.0, 3003.7, 3028.9, 122149, 33297
2025/3/7, 00:00:00, 3011.3, 3038.0, 3011.3, 3015.8, 122169, 33172
2025/3/10, 00:00:00, 3025.9, 3028.1, 2987.6, 2998.7, 133711, 33205
2025/3/11, 00:00:00, 2988.1, 3026.0, 2987.8, 3021.1, 107486, 31965
2025/3/12, 00:00:00, 3022.2, 3048.5, 3014.8, 3046.6, 118681, 32478
2025/3/13, 00:00:00, 3045.0, 3102.0, 3044.1, 3092.1, 162505, 33198
2025/3/14, 00:00:00, 3101.0, 3115.0, 3090.4, 3101.4, 138494, 32623
2025/3/17, 00:00:00, 3098.1, 3109.0, 3093.0, 3106.5, 103132, 33883
2025/3/18, 00:00:00, 3108.7, 3145.5, 3108.7, 3143.2, 151803, 35957
2025/3/19, 00:00:00, 3139.8, 3161.0, 3137.9, 3144.0, 133050, 37702
2025/3/20, 00:00:00, 3160.3, 3165.0, 3135.0, 3145.4, 130852, 37349
2025/3/21, 00:00:00, 3151.7, 3153.6, 3107.0, 3120.4, 154045, 36998
2025/3/24, 00:00:00, 3128.0, 3135.0, 3110.0, 3115.6, 129309, 38130
2025/3/25, 00:00:00, 3115.9, 3142.3, 3112.7, 3126.7, 125224, 38212
2025/3/26, 00:00:00, 3126.0, 3135.4, 3119.4, 3123.6, 121944, 37674
2025/3/27, 00:00:00, 3132.5, 3171.7, 3132.5, 3162.7, 152360, 38606
2025/3/28, 00:00:00, 3169.7, 3195.7, 3169.7, 3186.1, 174439, 34612
2025/3/31, 00:00:00, 3192.7, 3231.0, 3190.0, 3223.1, 188658, 38029
2025/4/1, 00:00:00, 3228.5, 3247.2, 3203.0, 3219.0, 181323, 38070
2025/4/2, 00:00:00, 3219.2, 3275.4, 3216.7, 3240.4, 198881, 40606
2025/4/3, 00:00:00, 3270.4, 3270.4, 3147.1, 3195.3, 322840, 37395
2025/4/4, 00:00:00, 3210.1, 3230.8, 3106.2, 3106.2, 241431, 36186
2025/4/7, 00:00:00, 3124.9, 3144.0, 3043.2, 3044.0, 295523, 36701
2025/4/8, 00:00:00, 3063.4, 3105.8, 3062.2, 3062.4, 176911, 37869
2025/4/9, 00:00:00, 3061.7, 3192.4, 3060.0, 3154.5, 271494, 33321
2025/4/10, 00:00:00, 3172.6, 3268.8, 3171.0, 3254.2, 223840, 37058
2025/4/11, 00:00:00, 3275.7, 3340.3, 3275.7, 3325.1, 289994, 38485
2025/4/14, 00:00:00, 3310.0, 3340.3, 3290.0, 3304.6, 193693, 38449
2025/4/15, 00:00:00, 3307.9, 3323.5, 3307.0, 3319.4, 120388, 38924
2025/4/16, 00:00:00, 3338.0, 3442.4, 3337.7, 3428.3, 279649, 45744
2025/4/17, 00:00:00, 3448.0, 3454.5, 3380.0, 3410.3, 260120, 43036
2025/4/21, 00:00:00, 3433.3, 3525.7, 3430.0, 3508.5, 298878, 48159
2025/4/22, 00:00:00, 3523.1, 3590.6, 3465.2, 3502.9, 563112, 46167
2025/4/23, 00:00:00, 3465.0, 3479.1, 3355.0, 3375.7, 477239, 42671
2025/4/24, 00:00:00, 3400.0, 3453.0, 3400.0, 3432.0, 359006, 43213
2025/4/25, 00:00:00, 3445.8, 3468.4, 3359.7, 3380.6, 362777, 44387
2025/4/28, 00:00:00, 3420.1, 3444.7, 3362.0, 3430.7, 341909, 45002
2025/4/29, 00:00:00, 3437.3, 3437.3, 3396.0, 3416.0, 271829, 43846
2025/4/30, 00:00:00, 3399.9, 3409.6, 3360.0, 3400.7, 287957, 43199
2025/5/1, 00:00:00, 3374.0, 3374.0, 3289.5, 3302.1, 345921, 43264
2025/5/2, 00:00:00, 3330.0, 3356.4, 3312.4, 3323.7, 298650, 42767
2025/5/5, 00:00:00, 3328.6, 3426.6, 3324.9, 3404.7, 278226, 44464
2025/5/6, 00:00:00, 3420.2, 3529.9, 3420.2, 3507.1, 360473, 46294
2025/5/7, 00:00:00, 3531.7, 3531.7, 3450.5, 3476.5, 381302, 44792
2025/5/8, 00:00:00, 3468.1, 3502.0, 3380.0, 3389.5, 449266, 46174
2025/5/9, 00:00:00, 3383.3, 3436.2, 3367.0, 3427.7, 346461, 43801
2025/5/12, 00:00:00, 3375.9, 3376.6, 3295.0, 3310.5, 396160, 42587
2025/5/13, 00:00:00, 3321.0, 3350.5, 3310.0, 3331.2, 272393, 42731
2025/5/14, 00:00:00, 3342.3, 3342.3, 3255.4, 3270.3, 341096, 45356
2025/5/15, 00:00:00, 3267.0, 3322.4, 3205.0, 3307.9, 395732, 45430
2025/5/16, 00:00:00, 3330.0, 3336.8, 3239.5, 3268.0, 406477, 45238
2025/5/19, 00:00:00, 3302.6, 3334.0, 3292.3, 3316.0, 366185, 47825
2025/5/20, 00:00:00, 3304.8, 3380.0, 3292.0, 3366.8, 320417, 48985
2025/5/21, 00:00:00, 3385.0, 3410.3, 3370.2, 3397.5, 343422, 49316
2025/5/22, 00:00:00, 3404.1, 3431.1, 3364.0, 3379.0, 338372, 48826
2025/5/23, 00:00:00, 3378.6, 3451.2, 3377.5, 3450.8, 366717, 49220
2025/5/27, 00:00:00, 3444.8, 3444.8, 3370.0, 3385.1, 458213, 49049
2025/5/28, 00:00:00, 3388.4, 3408.0, 3359.9, 3378.1, 265802, 38189
2025/5/29, 00:00:00, 3369.6, 3408.0, 3325.1, 3398.4, 296462, 36691
2025/5/30, 00:00:00, 3392.6, 3401.1, 3350.0, 3369.6, 250999, 35446
2025/6/2, 00:00:00, 3378.1, 3462.7, 3378.1, 3452.4, 249947, 39889
2025/6/3, 00:00:00, 3464.5, 3472.5, 3413.5, 3433.1, 241317, 39082
2025/6/4, 00:00:00, 3436.9, 3465.0, 3423.5, 3455.4, 245309, 39801
2025/6/5, 00:00:00, 3452.9, 3482.7, 3418.0, 3430.8, 322931, 42904
2025/6/6, 00:00:00, 3434.8, 3453.5, 3385.0, 3402.7, 262247, 44528
2025/6/9, 00:00:00, 3395.3, 3414.0, 3369.8, 3410.6, 212816, 44414
2025/6/10, 00:00:00, 3399.3, 3425.8, 3377.4, 3399.4, 241885, 43741
2025/6/11, 00:00:00, 3400.9, 3437.4, 3393.0, 3399.5, 271339, 40899
2025/6/12, 00:00:00, 3434.2, 3474.7, 3415.8, 3457.5, 304564, 40358
2025/6/13, 00:00:00, 3461.5, 3523.0, 3457.4, 3508.6, 345688, 40769
2025/6/16, 00:00:00, 3523.3, 3531.2, 3457.9, 3472.9, 280768, 44643
2025/6/17, 00:00:00, 3461.4, 3477.8, 3440.0, 3462.6, 273901, 44993
2025/6/18, 00:00:00, 3466.9, 3473.0, 3435.0, 3463.6, 228559, 45579
2025/6/20, 00:00:00, 3444.7, 3458.5, 3411.7, 3441.0, 374009, 46995
2025/6/23, 00:00:00, 3445.2, 3465.1, 3417.8, 3450.2, 244532, 45514
2025/6/24, 00:00:00, 3434.9, 3434.9, 3364.0, 3389.1, 252659, 46420
2025/6/25, 00:00:00, 3392.8, 3406.2, 3381.0, 3398.5, 145812, 45876
2025/6/26, 00:00:00, 3401.4, 3418.7, 3378.1, 3403.4, 198589, 45631
2025/6/27, 00:00:00, 3394.0, 3394.0, 3322.0, 3342.7, 260986, 45882
2025/6/30, 00:00:00, 3336.0, 3376.0, 3306.9, 3362.9, 206318, 45014
2025/7/1, 00:00:00, 3371.5, 3425.2, 3370.2, 3405.1, 195156, 45300
2025/7/2, 00:00:00, 3401.0, 3426.2, 3392.9, 3415.2, 166883, 45696
2025/7/3, 00:00:00, 3425.3, 3432.0, 3377.6, 3398.8, 197315, 44875
2025/7/7, 00:00:00, 3402.1, 3407.3, 3360.6, 3398.7, 303940, 46000
2025/7/8, 00:00:00, 3404.2, 3411.0, 3353.3, 3372.6, 215496, 48319
2025/7/9, 00:00:00, 3367.6, 3380.8, 3346.4, 3376.3, 186351, 48143
2025/7/10, 00:00:00, 3378.5, 3395.0, 3375.6, 3381.0, 166265, 50234
2025/7/11, 00:00:00, 3390.0, 3437.0, 3387.8, 3419.5, 213598, 49454
2025/7/14, 00:00:00, 3437.0, 3445.0, 3404.8, 3415.3, 197665, 51016
2025/7/15, 00:00:00, 3407.0, 3431.3, 3383.9, 3392.9, 197846, 52631
2025/7/16, 00:00:00, 3386.0, 3440.1, 3382.3, 3415.2, 263070, 50426
2025/7/17, 00:00:00, 3411.5, 3412.9, 3371.2, 3401.3, 177120, 51181
2025/7/18, 00:00:00, 3400.8, 3423.2, 3393.4, 3414.1, 141567, 50937
2025/7/21, 00:00:00, 3410.0, 3473.1, 3408.0, 3462.9, 177993, 51738
2025/7/22, 00:00:00, 3470.5, 3505.6, 3451.5, 3501.8, 203771, 52999
2025/7/23, 00:00:00, 3504.3, 3509.3, 3448.5, 3455.1, 246550, 53176
2025/7/24, 00:00:00, 3455.9, 3458.0, 3411.3, 3431.1, 208709, 54468
2025/7/25, 00:00:00, 3429.7, 3433.9, 3382.8, 3392.5, 204799, 55802
2025/7/28, 00:00:00, 3379.7, 3402.3, 3357.1, 3366.8, 207677, 55337
2025/7/29, 00:00:00, 3374.0, 3389.4, 3362.7, 3381.2, 200397, 53658
2025/7/30, 00:00:00, 3383.0, 3389.7, 3319.3, 3352.8, 232802, 45323
2025/7/31, 00:00:00, 3328.0, 3366.7, 3324.9, 3348.6, 169729, 43317
2025/8/1, 00:00:00, 3343.3, 3416.8, 3331.4, 3399.8, 218475, 43935
2025/8/4, 00:00:00, 3416.5, 3439.5, 3397.2, 3426.4, 168413, 44642
2025/8/5, 00:00:00, 3429.1, 3444.9, 3403.3, 3434.7, 175692, 45256
2025/8/6, 00:00:00, 3435.1, 3440.5, 3411.9, 3433.4, 163932, 45392
2025/8/7, 00:00:00, 3431.9, 3483.5, 3430.5, 3453.7, 240076, 48043
2025/8/8, 00:00:00, 3486.0, 3534.0, 3445.0, 3491.3, 337522, 47800
2025/8/11, 00:00:00, 3458.1, 3466.5, 3393.0, 3404.7, 263897, 44361
2025/8/12, 00:00:00, 3393.9, 3410.9, 3378.6, 3399.0, 236605, 44830
2025/8/13, 00:00:00, 3400.0, 3422.6, 3392.3, 3408.3, 179623, 46985
2025/8/14, 00:00:00, 3407.1, 3423.8, 3375.6, 3383.2, 227562, 48934
2025/8/15, 00:00:00, 3382.3, 3394.9, 3377.8, 3382.6, 139988, 47860
2025/8/18, 00:00:00, 3381.9, 3403.8, 3368.0, 3378.0, 161175, 51416
2025/8/19, 00:00:00, 3378.2, 3389.5, 3357.6, 3358.7, 161301, 51255
2025/8/20, 00:00:00, 3358.5, 3394.1, 3353.3, 3388.5, 151712, 47677
2025/8/21, 00:00:00, 3392.2, 3394.6, 3367.4, 3381.6, 148306, 49098
2025/8/22, 00:00:00, 3383.4, 3423.6, 3363.0, 3418.5, 196851, 47613
2025/8/25, 00:00:00, 3417.5, 3421.6, 3405.5, 3417.5, 109048, 47926
2025/8/26, 00:00:00, 3411.3, 3443.3, 3396.1, 3433.0, 198644, 49276
2025/8/27, 00:00:00, 3442.8, 3452.5, 3421.2, 3448.6, 157452, 45829
2025/8/28, 00:00:00, 3451.9, 3478.8, 3442.4, 3474.3, 164287, 49314
2025/8/29, 00:00:00, 3476.7, 3518.5, 3463.0, 3516.1, 193497, 54317
2025/9/2, 00:00:00, 3518.0, 3602.7, 3506.0, 3592.2, 461515, 61871
2025/9/3, 00:00:00, 3599.4, 3640.8, 3592.1, 3635.5, 291187, 61812
2025/9/4, 00:00:00, 3619.5, 3621.5, 3574.0, 3606.7, 294415, 58764
2025/9/5, 00:00:00, 3602.5, 3655.5, 3595.1, 3653.3, 289748, 59632
2025/9/8, 00:00:00, 3635.4, 3685.5, 3621.7, 3677.4, 280693, 59904
2025/9/9, 00:00:00, 3678.2, 3715.2, 3663.6, 3682.2, 375768, 57444
2025/9/10, 00:00:00, 3662.9, 3697.8, 3652.2, 3682.0, 267368, 56660
2025/9/11, 00:00:00, 3681.9, 3687.6, 3650.0, 3673.6, 277148, 55486
2025/9/12, 00:00:00, 3673.6, 3695.7, 3667.2, 3686.4, 198416, 54830
2025/9/15, 00:00:00, 3680.3, 3724.7, 3662.8, 3719.0, 258727, 57772
2025/9/16, 00:00:00, 3719.8, 3739.8, 3711.6, 3725.1, 250182, 55899
2025/9/17, 00:00:00, 3727.9, 3743.9, 3679.8, 3717.8, 354267, 54966
2025/9/18, 00:00:00, 3693.6, 3707.4, 3660.4, 3678.3, 298440, 54760
2025/9/19, 00:00:00, 3678.1, 3719.6, 3664.2, 3705.8, 251839, 57069
2025/9/22, 00:00:00, 3720.1, 3783.5, 3717.7, 3775.1, 277180, 61138
2025/9/23, 00:00:00, 3781.0, 3824.6, 3772.5, 3815.7, 368369, 59196
2025/9/24, 00:00:00, 3797.7, 3812.6, 3749.7, 3768.1, 291482, 57058
2025/9/25, 00:00:00, 3768.4, 3792.1, 3752.0, 3771.1, 339462, 57034
2025/9/26, 00:00:00, 3780.8, 3814.5, 3764.2, 3809.0, 281698, 55750
2025/9/29, 00:00:00, 3789.0, 3863.7, 3785.6, 3855.2, 378442, 54790
2025/9/30, 00:00:00, 3862.9, 3899.5, 3820.4, 3873.2, 483107, 55129
2025/10/1, 00:00:00, 3886.8, 3922.8, 3880.3, 3897.5, 408780, 57256
2025/10/2, 00:00:00, 3893.4, 3922.8, 3842.6, 3868.1, 454135, 58408
2025/10/3, 00:00:00, 3880.1, 3916.5, 3861.1, 3908.9, 361058, 55643
2025/10/6, 00:00:00, 3913.7, 3994.4, 3909.0, 3976.3, 472668, 58711
2025/10/7, 00:00:00, 3984.4, 4014.6, 3963.5, 4004.4, 490865, 55692
2025/10/8, 00:00:00, 4008.1, 4081.0, 4005.7, 4070.5, 571170, 60752
2025/10/9, 00:00:00, 4061.9, 4077.8, 3957.3, 3972.6, 741822, 60645
2025/10/10, 00:00:00, 3991.9, 4039.0, 3961.6, 4000.4, 647963, 59967
2025/10/13, 00:00:00, 4020.0, 4137.0, 4011.5, 4133.0, 467560, 62472
2025/10/14, 00:00:00, 4131.0, 4191.8, 4105.4, 4163.4, 716842, 62468
2025/10/15, 00:00:00, 4159.6, 4235.8, 4157.4, 4201.6, 606936, 61831
2025/10/16, 00:00:00, 4225.0, 4346.9, 4214.5, 4304.6, 746939, 62719
2025/10/17, 00:00:00, 4347.0, 4392.0, 4196.7, 4213.3, 1267436, 61266
2025/10/20, 00:00:00, 4268.6, 4398.0, 4228.9, 4359.4, 746343, 62433
2025/10/21, 00:00:00, 4372.6, 4393.5, 4092.3, 4109.1, 1184203, 65693
2025/10/22, 00:00:00, 4138.0, 4174.6, 4021.0, 4065.4, 1180315, 64530
2025/10/23, 00:00:00, 4115.8, 4171.5, 4081.1, 4145.6, 683316, 66494
2025/10/24, 00:00:00, 4143.2, 4159.0, 4056.1, 4137.8, 755616, 67297
2025/10/27, 00:00:00, 4107.7, 4124.0, 3986.0, 4019.7, 813085, 72347
2025/10/28, 00:00:00, 3998.5, 4034.1, 3901.4, 3983.1, 791351, 74509
2025/10/29, 00:00:00, 3967.6, 4046.8, 3930.7, 4000.7, 749865, 73640
2025/10/30, 00:00:00, 3943.0, 4041.3, 3924.6, 4015.9, 704957, 73834
2025/10/31, 00:00:00, 4038.2, 4059.7, 3982.5, 3996.5, 620633, 73447
2025/11/3, 00:00:00, 4001.2, 4043.4, 3971.7, 4014.0, 524816, 75194
2025/11/4, 00:00:00, 4013.8, 4017.9, 3936.9, 3960.5, 530324, 76611
2025/11/5, 00:00:00, 3941.5, 4000.7, 3935.4, 3992.9, 395431, 77668
2025/11/6, 00:00:00, 3991.9, 4028.9, 3973.1, 3991.0, 409016, 77262
2025/11/7, 00:00:00, 3986.0, 4035.8, 3981.5, 4009.8, 377915, 77307
2025/11/10, 00:00:00, 4007.4, 4124.2, 4004.9, 4122.0, 475186, 80918
2025/11/11, 00:00:00, 4125.0, 4154.9, 4102.8, 4116.3, 427764, 81252
2025/11/12, 00:00:00, 4133.3, 4218.5, 4104.4, 4213.6, 540226, 83998
2025/11/13, 00:00:00, 4203.0, 4250.0, 4148.4, 4194.5, 606767, 84204
2025/11/14, 00:00:00, 4174.9, 4215.1, 4032.1, 4094.2, 686786, 82921
2025/11/17, 00:00:00, 4084.2, 4108.0, 4006.7, 4074.5, 505924, 84884
2025/11/18, 00:00:00, 4045.4, 4083.7, 3997.4, 4066.5, 480543, 84281
2025/11/19, 00:00:00, 4067.6, 4134.3, 4055.6, 4082.8, 471660, 83396
2025/11/20, 00:00:00, 4078.8, 4109.8, 4035.0, 4060.0, 554689, 84352
2025/11/21, 00:00:00, 4075.0, 4101.1, 4019.0, 4079.5, 481600, 82848
2025/11/24, 00:00:00, 4069.2, 4138.5, 4035.7, 4094.2, 394699, 84047
2025/11/25, 00:00:00, 4133.8, 4156.2, 4106.1, 4140.0, 505269, 44734
2025/11/26, 00:00:00, 4127.5, 4171.4, 4126.5, 4165.2, 371460, 43532
2025/11/28, 00:00:00, 4146.5, 4222.7, 4141.1, 4218.3, 300593, 48100
2025/12/1, 00:00:00, 4226.8, 4262.0, 4207.0, 4239.3, 453940, 49452
2025/12/2, 00:00:00, 4232.5, 4232.8, 4177.7, 4186.6, 422315, 51164
2025/12/3, 00:00:00, 4203.7, 4223.3, 4194.5, 4199.3, 358326, 50601
2025/12/4, 00:00:00, 4202.1, 4211.8, 4180.0, 4211.8, 323773, 51951
2025/12/5, 00:00:00, 4199.8, 4257.0, 4198.0, 4212.9, 354646, 52088
2025/12/8, 00:00:00, 4209.1, 4209.1, 4180.0, 4187.2, 301838, 54632
2025/12/9, 00:00:00, 4192.0, 4214.5, 4177.9, 4206.7, 309845, 54042
2025/12/10, 00:00:00, 4209.3, 4231.5, 4193.0, 4196.4, 315638, 53045
2025/12/11, 00:00:00, 4247.3, 4289.7, 4204.7, 4285.5, 395336, 55902
2025/12/12, 00:00:00, 4281.9, 4349.2, 4275.5, 4300.1, 506917, 54979
2025/12/15, 00:00:00, 4307.2, 4350.0, 4300.0, 4306.7, 339930, 56848
2025/12/16, 00:00:00, 4312.3, 4312.5, 4283.0, 4304.5, 336162, 57894
2025/12/17, 00:00:00, 4321.7, 4350.0, 4321.7, 4347.5, 363639, 60094
2025/12/18, 00:00:00, 4332.0, 4349.7, 4321.0, 4339.5, 358029, 59227
2025/12/19, 00:00:00, 4319.1, 4361.4, 4319.1, 4361.4, 278749, 60644
2025/12/22, 00:00:00, 4391.9, 4444.6, 4388.2, 4444.6, 358740, 66269
2025/12/23, 00:00:00, 4460.8, 4489.0, 4455.5, 4482.8, 452547, 65212
2025/12/24, 00:00:00, 4476.9, 4480.6, 4457.9, 4480.6, 350279, 70683
2025/12/26, 00:00:00, 4539.5, 4561.9, 4529.1, 4529.1, 432994, 70153
2025/12/29, 00:00:00, 4547.0, 4547.0, 4325.1, 4325.1, 680267, 70725
