Date, Time, Open, High, Low, Last, Volume, NumberOfTrades, BidVolume, AskVolume
2025/11/30, 23:00:00, 4226.8, 4230.7, 4224.9, 4229.0, 7, 6, 2, 5
2025/11/30, 23:05:00, 4207.0, 4207.0, 4207.0, 4207.0, 1, 1, 1, 0
2025/11/30, 23:55:00, 4224.0, 4224.2, 4224.0, 4224.2, 2, 2, 1, 1
2025/12/1, 00:40:00, 4229.0, 4229.0, 4229.0, 4229.0, 2, 2, 0, 2
2025/12/1, 01:05:00, 4225.0, 4225.0, 4225.0, 4225.0, 2, 2, 2, 0
2025/12/1, 01:55:00, 4252.9, 4253.0, 4252.9, 4253.0, 2, 2, 1, 1
2025/12/1, 02:00:00, 4256.0, 4256.0, 4251.5, 4251.5, 2, 2, 0, 2
2025/12/1, 02:10:00, 4247.1, 4247.1, 4247.1, 4247.1, 1, 1, 1, 0
2025/12/1, 02:15:00, 4248.0, 4248.0, 4248.0, 4248.0, 1, 1, 1, 0
2025/12/1, 02:25:00, 4245.9, 4245.9, 4241.4, 4241.4, 3, 3, 2, 1
2025/12/1, 02:30:00, 4237.7, 4238.9, 4236.2, 4238.9, 4, 4, 1, 3
2025/12/1, 02:35:00, 4238.8, 4238.8, 4236.2, 4236.5, 4, 4, 2, 2
2025/12/1, 03:25:00, 4233.7, 4235.0, 4233.7, 4235.0, 4, 2, 2, 2
2025/12/1, 03:30:00, 4233.6, 4233.6, 4233.6, 4233.6, 2, 1, 2, 0
2025/12/1, 03:40:00, 4237.4, 4237.4, 4237.4, 4237.4, 1, 1, 1, 0
2025/12/1, 04:05:00, 4237.9, 4237.9, 4237.9, 4237.9, 2, 1, 0, 2
2025/12/1, 05:25:00, 4215.0, 4215.0, 4215.0, 4215.0, 1, 1, 1, 0
2025/12/1, 06:15:00, 4230.0, 4230.0, 4230.0, 4230.0, 2, 2, 2, 0
2025/12/1, 06:45:00, 4238.1, 4238.1, 4238.1, 4238.1, 1, 1, 0, 1
2025/12/1, 06:50:00, 4237.6, 4237.6, 4237.6, 4237.6, 1, 1, 1, 0
2025/12/1, 07:25:00, 4240.1, 4240.1, 4240.1, 4240.1, 2, 1, 0, 2
2025/12/1, 07:55:00, 4241.0, 4241.0, 4241.0, 4241.0, 2, 1, 2, 0
2025/12/1, 08:10:00, 4251.4, 4251.4, 4251.4, 4251.4, 2, 1, 0, 2
2025/12/1, 08:20:00, 4250.2, 4250.2, 4250.2, 4250.2, 1, 1, 1, 0
2025/12/1, 08:35:00, 4242.4, 4242.4, 4242.4, 4242.4, 2, 1, 2, 0
2025/12/1, 08:40:00, 4240.9, 4240.9, 4240.9, 4240.9, 2, 1, 2, 0
2025/12/1, 10:00:00, 4249.0, 4249.9, 4249.0, 4249.9, 3, 3, 2, 1
2025/12/1, 10:55:00, 4254.6, 4254.7, 4254.6, 4254.7, 4, 2, 0, 4
2025/12/1, 11:25:00, 4254.2, 4254.2, 4254.2, 4254.2, 4, 2, 0, 4
2025/12/1, 11:40:00, 4256.4, 4256.4, 4255.2, 4255.2, 10, 4, 5, 5
2025/12/1, 12:00:00, 4250.5, 4250.5, 4250.5, 4250.5, 1, 1, 1, 0
2025/12/1, 12:05:00, 4251.1, 4251.1, 4251.1, 4251.1, 2, 2, 0, 2
2025/12/1, 12:10:00, 4248.0, 4248.0, 4248.0, 4248.0, 1, 1, 0, 1
2025/12/1, 12:15:00, 4250.2, 4252.2, 4250.2, 4252.2, 3, 3, 3, 0
2025/12/1, 13:40:00, 4262.0, 4262.0, 4262.0, 4262.0, 4, 2, 3, 1
2025/12/1, 13:45:00, 4258.0, 4258.0, 4258.0, 4258.0, 2, 1, 0, 2
2025/12/1, 13:55:00, 4251.9, 4251.9, 4251.9, 4251.9, 1, 1, 0, 1
2025/12/1, 14:00:00, 4242.8, 4242.8, 4242.7, 4242.7, 2, 2, 0, 2
2025/12/1, 14:05:00, 4241.0, 4241.0, 4240.6, 4240.6, 2, 2, 1, 1
2025/12/1, 14:10:00, 4246.1, 4246.1, 4246.0, 4246.0, 3, 2, 3, 0
2025/12/1, 14:35:00, 4237.5, 4237.6, 4223.7, 4223.7, 4, 3, 1, 3
2025/12/1, 14:40:00, 4220.1, 4220.1, 4220.0, 4220.0, 3, 3, 3, 0
2025/12/1, 14:45:00, 4222.9, 4231.6, 4222.9, 4231.6, 3, 2, 3, 0
2025/12/1, 14:55:00, 4237.9, 4237.9, 4237.2, 4237.2, 3, 3, 3, 0
2025/12/1, 15:05:00, 4236.5, 4236.5, 4236.5, 4236.5, 1, 1, 1, 0
2025/12/1, 15:10:00, 4234.5, 4234.5, 4234.5, 4234.5, 1, 1, 0, 1
2025/12/1, 15:15:00, 4220.6, 4220.9, 4220.3, 4220.9, 3, 3, 0, 3
2025/12/1, 15:20:00, 4217.0, 4217.0, 4217.0, 4217.0, 1, 1, 1, 0
2025/12/1, 15:35:00, 4230.1, 4230.3, 4230.0, 4230.0, 3, 3, 3, 0
2025/12/1, 15:40:00, 4231.4, 4231.4, 4226.5, 4226.5, 3, 3, 3, 0
2025/12/1, 15:45:00, 4220.6, 4225.7, 4220.5, 4225.7, 7, 5, 3, 4
2025/12/1, 15:50:00, 4226.1, 4226.1, 4226.1, 4226.1, 1, 1, 1, 0
2025/12/1, 16:00:00, 4229.0, 4229.0, 4229.0, 4229.0, 6, 3, 6, 0
2025/12/1, 16:50:00, 4225.0, 4227.4, 4225.0, 4227.4, 2, 2, 1, 1
2025/12/1, 17:55:00, 4230.0, 4230.0, 4230.0, 4230.0, 4, 2, 4, 0
2025/12/1, 19:00:00, 4236.0, 4236.0, 4236.0, 4236.0, 1, 1, 1, 0
2025/12/1, 19:55:00, 4235.9, 4237.2, 4235.9, 4237.2, 15, 5, 0, 15
2025/12/1, 20:25:00, 4235.3, 4235.3, 4234.7, 4234.7, 15, 4, 15, 0
2025/12/1, 21:05:00, 4237.0, 4237.0, 4237.0, 4237.0, 1, 1, 0, 1
2025/12/1, 23:10:00, 4232.5, 4232.8, 4232.5, 4232.8, 15, 4, 0, 15
2025/12/1, 23:45:00, 4224.2, 4224.2, 4223.9, 4223.9, 15, 4, 15, 0
2025/12/2, 00:15:00, 4223.2, 4223.2, 4223.1, 4223.1, 5, 2, 5, 0
2025/12/2, 01:00:00, 4217.5, 4217.5, 4215.1, 4215.1, 2, 2, 1, 1
2025/12/2, 01:05:00, 4212.1, 4212.1, 4200.0, 4200.0, 3, 3, 3, 0
2025/12/2, 02:10:00, 4216.3, 4216.5, 4216.3, 4216.5, 2, 2, 0, 2
2025/12/2, 02:15:00, 4216.0, 4216.0, 4216.0, 4216.0, 2, 1, 2, 0
2025/12/2, 02:20:00, 4216.0, 4216.0, 4216.0, 4216.0, 1, 1, 1, 0
2025/12/2, 02:25:00, 4213.4, 4214.7, 4213.4, 4214.7, 2, 2, 1, 1
2025/12/2, 04:25:00, 4212.0, 4212.0, 4212.0, 4212.0, 1, 1, 1, 0
2025/12/2, 04:30:00, 4212.4, 4212.4, 4212.4, 4212.4, 1, 1, 1, 0
2025/12/2, 05:45:00, 4220.9, 4221.2, 4220.9, 4221.2, 15, 3, 0, 15
2025/12/2, 06:20:00, 4207.9, 4207.9, 4207.5, 4207.5, 15, 5, 15, 0
2025/12/2, 06:25:00, 4205.5, 4205.5, 4205.5, 4205.5, 1, 1, 1, 0
2025/12/2, 06:35:00, 4202.5, 4202.5, 4202.5, 4202.5, 5, 1, 0, 5
2025/12/2, 08:05:00, 4208.2, 4208.2, 4208.2, 4208.2, 2, 2, 0, 2
2025/12/2, 08:55:00, 4207.7, 4207.7, 4207.7, 4207.7, 2, 2, 2, 0
2025/12/2, 09:10:00, 4202.6, 4202.6, 4202.6, 4202.6, 1, 1, 1, 0
2025/12/2, 09:20:00, 4197.5, 4197.5, 4197.5, 4197.5, 1, 1, 1, 0
2025/12/2, 09:30:00, 4189.3, 4189.3, 4188.5, 4188.5, 2, 2, 2, 0
2025/12/2, 09:35:00, 4187.3, 4187.3, 4187.3, 4187.3, 1, 1, 1, 0
2025/12/2, 09:40:00, 4187.0, 4189.0, 4187.0, 4189.0, 3, 3, 1, 2
2025/12/2, 10:20:00, 4183.9, 4183.9, 4183.9, 4183.9, 2, 2, 0, 2
2025/12/2, 10:45:00, 4185.6, 4185.6, 4185.6, 4185.6, 5, 1, 0, 5
2025/12/2, 11:00:00, 4183.1, 4183.1, 4183.1, 4183.1, 4, 2, 4, 0
2025/12/2, 11:05:00, 4183.8, 4183.8, 4183.8, 4183.8, 1, 1, 1, 0
2025/12/2, 11:15:00, 4186.3, 4186.7, 4186.3, 4186.7, 2, 2, 0, 2
2025/12/2, 11:25:00, 4193.0, 4193.0, 4192.8, 4192.8, 5, 3, 5, 0
2025/12/2, 11:35:00, 4196.1, 4196.1, 4196.1, 4196.1, 1, 1, 1, 0
2025/12/2, 12:05:00, 4203.1, 4203.1, 4203.1, 4203.1, 1, 1, 1, 0
2025/12/2, 14:00:00, 4213.2, 4213.2, 4213.2, 4213.2, 1, 1, 0, 1
2025/12/2, 14:15:00, 4220.4, 4220.4, 4220.4, 4220.4, 1, 1, 1, 0
2025/12/2, 14:35:00, 4220.0, 4220.0, 4220.0, 4220.0, 3, 3, 3, 0
2025/12/2, 14:40:00, 4214.6, 4214.6, 4214.6, 4214.6, 3, 1, 0, 3
2025/12/2, 15:20:00, 4191.5, 4191.5, 4191.5, 4191.5, 1, 1, 0, 1
2025/12/2, 15:25:00, 4188.0, 4188.0, 4188.0, 4188.0, 1, 1, 1, 0
2025/12/2, 15:30:00, 4184.0, 4184.0, 4181.1, 4181.1, 2, 2, 1, 1
2025/12/2, 15:50:00, 4177.7, 4177.7, 4177.7, 4177.7, 1, 1, 1, 0
2025/12/2, 17:30:00, 4192.0, 4192.0, 4192.0, 4192.0, 1, 1, 0, 1
2025/12/2, 20:25:00, 4196.8, 4197.0, 4196.8, 4197.0, 5, 3, 0, 5
2025/12/2, 20:30:00, 4195.2, 4201.8, 4194.9, 4201.8, 55, 17, 30, 25
2025/12/2, 21:10:00, 4204.8, 4204.8, 4204.8, 4204.8, 2, 1, 2, 0
2025/12/2, 23:00:00, 4203.7, 4206.0, 4199.1, 4199.1, 25, 14, 15, 10
2025/12/2, 23:05:00, 4201.9, 4201.9, 4201.9, 4201.9, 5, 1, 0, 5
2025/12/2, 23:20:00, 4206.0, 4206.0, 4206.0, 4206.0, 1, 1, 1, 0
2025/12/3, 01:05:00, 4216.6, 4217.4, 4216.6, 4217.4, 3, 2, 0, 3
2025/12/3, 02:50:00, 4223.3, 4223.3, 4223.3, 4223.3, 1, 1, 0, 1
2025/12/3, 04:00:00, 4216.3, 4216.3, 4216.3, 4216.3, 1, 1, 0, 1
2025/12/3, 07:25:00, 4201.2, 4201.2, 4201.2, 4201.2, 1, 1, 1, 0
2025/12/3, 07:35:00, 4202.8, 4202.8, 4202.6, 4202.6, 8, 4, 8, 0
2025/12/3, 07:40:00, 4204.7, 4204.8, 4204.7, 4204.8, 2, 2, 0, 2
2025/12/3, 07:55:00, 4204.0, 4204.0, 4203.9, 4203.9, 2, 2, 2, 0
2025/12/3, 09:05:00, 4200.0, 4200.0, 4200.0, 4200.0, 3, 3, 0, 3
2025/12/3, 10:15:00, 4194.5, 4194.5, 4194.5, 4194.5, 2, 2, 0, 2
2025/12/3, 11:30:00, 4201.6, 4201.6, 4201.5, 4201.5, 2, 2, 2, 0
2025/12/3, 13:20:00, 4219.6, 4219.6, 4219.3, 4219.3, 2, 2, 1, 1
2025/12/3, 20:00:00, 4207.3, 4207.3, 4207.3, 4207.3, 2, 1, 0, 2
2025/12/3, 20:05:00, 4207.0, 4207.8, 4206.6, 4207.8, 3, 3, 2, 1
2025/12/3, 21:30:00, 4204.7, 4204.7, 4204.7, 4204.7, 1, 1, 1, 0
2025/12/4, 02:05:00, 4202.1, 4202.1, 4202.1, 4202.1, 2, 2, 0, 2
2025/12/4, 02:45:00, 4200.9, 4200.9, 4200.9, 4200.9, 2, 2, 0, 2
2025/12/4, 03:00:00, 4195.9, 4195.9, 4195.9, 4195.9, 4, 2, 4, 0
2025/12/4, 03:10:00, 4193.3, 4193.3, 4193.3, 4193.3, 2, 2, 0, 2
2025/12/4, 03:30:00, 4188.0, 4188.0, 4188.0, 4188.0, 2, 2, 2, 0
2025/12/4, 05:40:00, 4181.0, 4181.0, 4181.0, 4181.0, 1, 1, 1, 0
2025/12/4, 05:45:00, 4180.0, 4180.0, 4180.0, 4180.0, 1, 1, 1, 0
2025/12/4, 06:40:00, 4185.5, 4185.5, 4185.5, 4185.5, 1, 1, 0, 1
2025/12/4, 11:15:00, 4201.7, 4201.7, 4201.7, 4201.7, 3, 1, 0, 3
2025/12/4, 12:55:00, 4190.1, 4190.1, 4190.1, 4190.1, 1, 1, 0, 1
2025/12/4, 13:10:00, 4186.0, 4186.0, 4186.0, 4186.0, 1, 1, 1, 0
2025/12/4, 13:20:00, 4190.1, 4190.1, 4190.1, 4190.1, 1, 1, 0, 1
2025/12/4, 13:50:00, 4190.0, 4190.0, 4190.0, 4190.0, 1, 1, 1, 0
2025/12/4, 14:05:00, 4201.0, 4201.0, 4201.0, 4201.0, 1, 1, 0, 1
2025/12/4, 14:20:00, 4210.0, 4210.0, 4210.0, 4210.0, 1, 1, 1, 0
2025/12/4, 14:25:00, 4208.3, 4208.3, 4208.3, 4208.3, 1, 1, 1, 0
2025/12/4, 14:35:00, 4203.5, 4205.0, 4203.5, 4205.0, 3, 3, 1, 2
2025/12/4, 14:40:00, 4200.8, 4200.8, 4196.0, 4196.0, 3, 3, 3, 0
2025/12/4, 14:50:00, 4203.0, 4203.0, 4203.0, 4203.0, 1, 1, 0, 1
2025/12/4, 14:55:00, 4206.2, 4206.2, 4200.0, 4200.0, 4, 4, 0, 4
2025/12/4, 15:05:00, 4193.8, 4193.8, 4193.8, 4193.8, 1, 1, 1, 0
2025/12/4, 16:40:00, 4208.1, 4208.2, 4208.1, 4208.2, 2, 2, 0, 2
2025/12/5, 02:10:00, 4199.8, 4199.8, 4199.8, 4199.8, 1, 1, 1, 0
2025/12/5, 04:05:00, 4211.0, 4211.0, 4211.0, 4211.0, 1, 1, 0, 1
2025/12/5, 06:10:00, 4229.6, 4229.6, 4229.6, 4229.6, 2, 1, 0, 2
2025/12/5, 07:20:00, 4228.8, 4228.8, 4228.8, 4228.8, 1, 1, 0, 1
2025/12/5, 11:00:00, 4221.0, 4221.0, 4221.0, 4221.0, 1, 1, 0, 1
2025/12/5, 11:15:00, 4224.0, 4224.0, 4224.0, 4224.0, 1, 1, 1, 0
2025/12/5, 11:25:00, 4223.6, 4223.6, 4223.6, 4223.6, 1, 1, 1, 0
2025/12/5, 11:30:00, 4221.8, 4221.8, 4221.8, 4221.8, 1, 1, 1, 0
2025/12/5, 14:55:00, 4245.6, 4245.7, 4245.6, 4245.7, 3, 2, 0, 3
2025/12/5, 15:00:00, 4241.5, 4241.5, 4241.5, 4241.5, 2, 1, 0, 2
2025/12/5, 15:40:00, 4257.0, 4257.0, 4257.0, 4257.0, 1, 1, 1, 0
2025/12/5, 15:45:00, 4250.0, 4250.0, 4250.0, 4250.0, 1, 1, 1, 0
2025/12/5, 15:50:00, 4245.0, 4245.0, 4245.0, 4245.0, 1, 1, 1, 0
2025/12/5, 16:05:00, 4239.0, 4239.0, 4239.0, 4239.0, 1, 1, 1, 0
2025/12/5, 17:05:00, 4217.8, 4217.8, 4217.8, 4217.8, 2, 2, 2, 0
2025/12/5, 17:10:00, 4215.3, 4215.3, 4215.3, 4215.3, 1, 1, 1, 0
2025/12/5, 20:30:00, 4201.2, 4201.2, 4201.2, 4201.2, 1, 1, 1, 0
2025/12/5, 20:40:00, 4199.3, 4199.3, 4199.3, 4199.3, 1, 1, 1, 0
2025/12/5, 20:45:00, 4198.6, 4198.6, 4198.0, 4198.0, 2, 2, 2, 0
2025/12/8, 00:55:00, 4209.1, 4209.1, 4209.1, 4209.1, 1, 1, 0, 1
2025/12/8, 02:30:00, 4197.0, 4197.0, 4197.0, 4197.0, 1, 1, 1, 0
2025/12/8, 05:30:00, 4206.6, 4206.6, 4206.6, 4206.6, 1, 1, 0, 1
2025/12/8, 08:00:00, 4205.8, 4208.3, 4205.4, 4208.3, 28, 10, 14, 14
2025/12/8, 13:30:00, 4200.0, 4200.0, 4200.0, 4200.0, 1, 1, 1, 0
2025/12/8, 14:40:00, 4200.0, 4200.0, 4200.0, 4200.0, 1, 1, 1, 0
2025/12/8, 14:55:00, 4200.0, 4200.0, 4200.0, 4200.0, 1, 1, 1, 0
2025/12/8, 15:05:00, 4181.4, 4181.4, 4180.0, 4180.0, 3, 3, 1, 2
2025/12/8, 15:35:00, 4186.0, 4186.0, 4186.0, 4186.0, 1, 1, 1, 0
2025/12/8, 16:00:00, 4180.0, 4180.0, 4180.0, 4180.0, 1, 1, 1, 0
2025/12/8, 18:50:00, 4188.9, 4191.1, 4188.9, 4191.1, 24, 9, 5, 19
2025/12/9, 02:10:00, 4192.0, 4192.0, 4192.0, 4192.0, 1, 1, 1, 0
2025/12/9, 03:40:00, 4194.0, 4194.0, 4194.0, 4194.0, 1, 1, 0, 1
2025/12/9, 05:40:00, 4180.0, 4180.0, 4180.0, 4180.0, 1, 1, 1, 0
2025/12/9, 06:00:00, 4177.9, 4177.9, 4177.9, 4177.9, 1, 1, 0, 1
2025/12/9, 07:45:00, 4178.4, 4178.4, 4178.4, 4178.4, 1, 1, 0, 1
2025/12/9, 07:55:00, 4181.1, 4181.1, 4181.1, 4181.1, 1, 1, 0, 1
2025/12/9, 08:00:00, 4182.1, 4182.1, 4182.1, 4182.1, 1, 1, 0, 1
2025/12/9, 08:40:00, 4186.8, 4186.8, 4186.8, 4186.8, 1, 1, 0, 1
2025/12/9, 09:05:00, 4204.0, 4204.0, 4204.0, 4204.0, 1, 1, 0, 1
2025/12/9, 09:20:00, 4210.0, 4210.0, 4208.3, 4208.3, 2, 2, 2, 0
2025/12/9, 09:40:00, 4202.4, 4202.4, 4201.5, 4201.5, 2, 2, 1, 1
2025/12/9, 10:00:00, 4205.2, 4205.2, 4205.0, 4205.0, 2, 2, 1, 1
2025/12/9, 14:20:00, 4194.4, 4194.4, 4194.4, 4194.4, 3, 1, 0, 3
2025/12/9, 15:35:00, 4204.5, 4204.5, 4204.5, 4204.5, 1, 1, 0, 1
2025/12/9, 15:55:00, 4214.5, 4214.5, 4214.5, 4214.5, 1, 1, 0, 1
2025/12/9, 18:05:00, 4204.0, 4204.0, 4204.0, 4204.0, 1, 1, 1, 0
2025/12/9, 20:25:00, 4209.2, 4209.2, 4209.2, 4209.2, 1, 1, 0, 1
2025/12/10, 00:25:00, 4209.3, 4209.3, 4209.3, 4209.3, 1, 1, 0, 1
2025/12/10, 01:35:00, 4216.1, 4216.1, 4216.1, 4216.1, 1, 1, 0, 1
2025/12/10, 02:10:00, 4216.9, 4216.9, 4216.9, 4216.9, 1, 1, 0, 1
2025/12/10, 02:45:00, 4216.5, 4216.5, 4216.5, 4216.5, 3, 1, 3, 0
2025/12/10, 09:50:00, 4193.2, 4193.2, 4193.2, 4193.2, 1, 1, 1, 0
2025/12/10, 13:35:00, 4198.7, 4198.7, 4198.7, 4198.7, 1, 1, 0, 1
2025/12/10, 18:15:00, 4198.0, 4198.0, 4198.0, 4198.0, 2, 1, 2, 0
2025/12/10, 18:35:00, 4193.0, 4193.0, 4193.0, 4193.0, 1, 1, 1, 0
2025/12/10, 21:05:00, 4229.3, 4229.3, 4229.3, 4229.3, 2, 1, 0, 2
2025/12/10, 21:10:00, 4231.5, 4231.5, 4231.5, 4231.5, 1, 1, 0, 1
2025/12/11, 01:05:00, 4247.3, 4247.3, 4247.3, 4247.3, 1, 1, 0, 1
2025/12/11, 09:50:00, 4222.7, 4222.7, 4222.7, 4222.7, 1, 1, 0, 1
2025/12/11, 13:15:00, 4204.7, 4204.7, 4204.7, 4204.7, 1, 1, 1, 0
2025/12/11, 15:50:00, 4260.3, 4263.9, 4260.3, 4263.9, 16, 9, 1, 15
2025/12/11, 16:15:00, 4261.5, 4261.5, 4261.5, 4261.5, 1, 1, 0, 1
2025/12/11, 16:45:00, 4270.5, 4270.5, 4270.5, 4270.5, 1, 1, 0, 1
2025/12/11, 17:15:00, 4283.0, 4283.2, 4283.0, 4283.2, 2, 2, 0, 2
2025/12/11, 18:15:00, 4289.7, 4289.7, 4289.7, 4289.7, 3, 2, 3, 0
2025/12/12, 06:15:00, 4281.9, 4282.0, 4281.9, 4282.0, 2, 2, 0, 2
2025/12/12, 07:10:00, 4292.8, 4292.8, 4290.2, 4290.2, 2, 2, 0, 2
2025/12/12, 07:15:00, 4290.2, 4290.2, 4290.2, 4290.2, 1, 1, 1, 0
2025/12/12, 08:45:00, 4306.4, 4306.4, 4306.4, 4306.4, 1, 1, 1, 0
2025/12/12, 09:10:00, 4320.8, 4320.8, 4320.8, 4320.8, 1, 1, 1, 0
2025/12/12, 09:20:00, 4321.4, 4321.4, 4321.4, 4321.4, 1, 1, 0, 1
2025/12/12, 11:45:00, 4347.0, 4347.0, 4347.0, 4347.0, 1, 1, 0, 1
2025/12/12, 12:00:00, 4349.1, 4349.2, 4349.1, 4349.2, 3, 2, 0, 3
2025/12/12, 13:15:00, 4345.5, 4345.5, 4345.5, 4345.5, 1, 1, 1, 0
2025/12/12, 13:30:00, 4347.4, 4347.4, 4347.4, 4347.4, 1, 1, 1, 0
2025/12/12, 15:25:00, 4299.8, 4299.8, 4299.8, 4299.8, 1, 1, 1, 0
2025/12/12, 15:55:00, 4285.0, 4285.0, 4285.0, 4285.0, 1, 1, 1, 0
2025/12/12, 16:05:00, 4275.5, 4275.5, 4275.5, 4275.5, 1, 1, 1, 0
2025/12/12, 16:10:00, 4287.1, 4287.1, 4287.1, 4287.1, 1, 1, 0, 1
2025/12/12, 17:50:00, 4300.0, 4300.0, 4300.0, 4300.0, 1, 1, 0, 1
2025/12/12, 21:50:00, 4304.7, 4304.7, 4304.7, 4304.7, 1, 1, 0, 1
2025/12/15, 00:25:00, 4307.2, 4307.4, 4306.2, 4306.2, 4, 3, 0, 4
2025/12/15, 13:00:00, 4350.0, 4350.0, 4350.0, 4350.0, 3, 3, 3, 0
2025/12/15, 16:55:00, 4300.0, 4300.0, 4300.0, 4300.0, 1, 1, 1, 0
2025/12/16, 02:05:00, 4312.3, 4312.5, 4308.1, 4308.1, 10, 8, 5, 5
2025/12/16, 07:10:00, 4283.2, 4283.2, 4283.0, 4283.0, 2, 2, 2, 0
2025/12/16, 13:20:00, 4301.9, 4301.9, 4301.9, 4301.9, 2, 1, 0, 2
2025/12/16, 16:50:00, 4305.7, 4305.7, 4304.2, 4304.2, 3, 2, 0, 3
2025/12/16, 17:55:00, 4304.0, 4304.0, 4304.0, 4304.0, 1, 1, 1, 0
2025/12/17, 12:30:00, 4321.7, 4321.7, 4321.7, 4321.7, 1, 1, 1, 0
2025/12/17, 12:35:00, 4323.0, 4323.0, 4323.0, 4323.0, 1, 1, 0, 1
2025/12/17, 14:00:00, 4350.0, 4350.0, 4350.0, 4350.0, 1, 1, 0, 1
2025/12/17, 16:55:00, 4340.1, 4340.3, 4340.1, 4340.3, 3, 3, 0, 3
2025/12/17, 18:00:00, 4350.0, 4350.0, 4350.0, 4350.0, 1, 1, 0, 1
2025/12/17, 19:35:00, 4342.9, 4343.8, 4342.9, 4343.8, 2, 2, 1, 1
2025/12/18, 01:25:00, 4332.0, 4333.0, 4332.0, 4333.0, 2, 2, 1, 1
2025/12/18, 13:50:00, 4349.7, 4349.7, 4349.7, 4349.7, 2, 1, 2, 0
2025/12/18, 14:30:00, 4346.2, 4346.2, 4346.2, 4346.2, 1, 1, 0, 1
2025/12/18, 14:40:00, 4321.0, 4321.0, 4321.0, 4321.0, 1, 1, 1, 0
2025/12/18, 21:50:00, 4339.7, 4339.7, 4339.7, 4339.7, 1, 1, 0, 1
2025/12/19, 03:00:00, 4319.1, 4319.1, 4319.1, 4319.1, 1, 1, 0, 1
2025/12/22, 02:00:00, 4391.9, 4391.9, 4391.9, 4391.9, 1, 1, 0, 1
2025/12/22, 02:10:00, 4388.2, 4388.7, 4388.2, 4388.7, 6, 3, 0, 6
2025/12/22, 02:25:00, 4388.7, 4388.7, 4388.7, 4388.7, 1, 1, 1, 0
2025/12/22, 03:45:00, 4400.0, 4400.0, 4400.0, 4400.0, 1, 1, 0, 1
2025/12/22, 06:45:00, 4418.9, 4418.9, 4418.9, 4418.9, 1, 1, 0, 1
2025/12/22, 07:05:00, 4421.6, 4421.6, 4421.6, 4421.6, 1, 1, 1, 0
2025/12/22, 10:30:00, 4420.0, 4420.0, 4420.0, 4420.0, 1, 1, 1, 0
2025/12/22, 14:55:00, 4433.0, 4433.0, 4433.0, 4433.0, 1, 1, 0, 1
2025/12/22, 16:00:00, 4440.7, 4440.7, 4440.7, 4440.7, 1, 1, 0, 1
2025/12/22, 23:00:00, 4460.8, 4461.2, 4460.8, 4461.2, 4, 2, 3, 1
2025/12/22, 23:05:00, 4462.5, 4462.5, 4462.5, 4462.5, 1, 1, 0, 1
2025/12/22, 23:10:00, 4465.2, 4465.2, 4465.2, 4465.2, 2, 1, 2, 0
2025/12/22, 23:15:00, 4469.0, 4469.0, 4469.0, 4469.0, 2, 2, 2, 0
2025/12/23, 01:15:00, 4489.0, 4489.0, 4489.0, 4489.0, 1, 1, 1, 0
2025/12/23, 14:40:00, 4461.4, 4461.4, 4460.0, 4460.0, 7, 3, 7, 0
2025/12/23, 15:35:00, 4455.5, 4455.5, 4455.5, 4455.5, 1, 1, 1, 0
2025/12/23, 17:30:00, 4481.2, 4482.0, 4481.2, 4482.0, 7, 3, 0, 7
2025/12/23, 18:00:00, 4481.2, 4481.2, 4481.0, 4481.0, 8, 4, 7, 1
2025/12/24, 15:30:00, 4476.9, 4476.9, 4476.9, 4476.9, 1, 1, 0, 1
2025/12/24, 15:40:00, 4457.9, 4457.9, 4457.9, 4457.9, 1, 1, 1, 0
2025/12/26, 14:20:00, 4539.5, 4539.5, 4539.5, 4539.5, 2, 1, 0, 2
2025/12/26, 14:35:00, 4544.9, 4545.0, 4544.9, 4545.0, 2, 2, 0, 2
2025/12/26, 15:15:00, 4538.7, 4538.7, 4538.7, 4538.7, 1, 1, 0, 1
2025/12/26, 15:30:00, 4555.0, 4555.0, 4555.0, 4555.0, 2, 2, 1, 1
2025/12/26, 16:00:00, 4561.9, 4561.9, 4561.4, 4561.4, 3, 2, 0, 3
2025/12/26, 21:30:00, 4545.8, 4545.8, 4545.8, 4545.8, 1, 1, 0, 1
2025/12/28, 23:00:00, 4547.0, 4547.0, 4547.0, 4547.0, 1, 1, 1, 0
2025/12/28, 23:30:00, 4544.4, 4544.4, 4544.4, 4544.4, 1, 1, 0, 1
