Date, Time, Open, High, Low, Last, Volume, OpenInterest
2025/3/3, 00:00:00, 21549.50, 21549.50, 21549.50, 21549.50, 2481067, 165034
2025/3/4, 00:00:00, 21475.75, 21475.75, 21475.75, 21475.75, 2672491, 162442
2025/3/5, 00:00:00, 21744.25, 21744.25, 21744.25, 21744.25, 2445681, 158562
2025/3/6, 00:00:00, 21156.50, 21156.50, 21156.50, 21156.50, 2449359, 163278
2025/3/7, 00:00:00, 21296.50, 21296.50, 21296.50, 21296.50, 2711519, 159085
2025/3/10, 00:00:00, 20500.75, 20500.75, 20500.75, 20500.75, 2666498, 172122
2025/3/11, 00:00:00, 20449.00, 20449.00, 20449.00, 20449.00, 3058111, 163362
2025/3/12, 00:00:00, 20610.25, 20610.25, 20610.25, 20610.25, 2435681, 163589
2025/3/13, 00:00:00, 20238.25, 20238.25, 20238.25, 20238.25, 2688098, 167658
2025/3/14, 00:00:00, 20708.25, 20708.25, 20708.25, 20708.25, 2120046, 172664
2025/3/17, 00:00:00, 20869.25, 20869.25, 20869.25, 20869.25, 1922806, 177323
2025/3/18, 00:00:00, 20528.25, 20528.25, 20528.25, 20528.25, 2051611, 189594
2025/3/19, 00:00:00, 20778.00, 20778.00, 20778.00, 20778.00, 1994263, 189644
2025/3/20, 00:00:00, 20708.50, 20708.50, 20708.50, 20708.50, 2069755, 143505
2025/3/21, 00:00:00, 20788.50, 20788.50, 20788.50, 20788.50, 1796592, 59410
2025/3/24, 00:00:00, 21205.00, 21205.00, 21205.00, 21205.00, 1321216, 68818
2025/3/25, 00:00:00, 21319.25, 21319.25, 21319.25, 21319.25, 1261402, 70401
2025/3/26, 00:00:00, 20946.75, 20946.75, 20946.75, 20946.75, 1608501, 76741
2025/3/27, 00:00:00, 20818.75, 20818.75, 20818.75, 20818.75, 1899830, 80057
2025/3/28, 00:00:00, 20272.75, 20272.75, 20272.75, 20272.75, 1941007, 89685
2025/3/31, 00:00:00, 20259.25, 20259.25, 20259.25, 20259.25, 2173451, 93086
2025/4/1, 00:00:00, 20372.75, 20372.75, 20372.75, 20372.75, 2258491, 94587
2025/4/2, 00:00:00, 20538.00, 20538.00, 20538.00, 20538.00, 2406027, 93081
2025/4/3, 00:00:00, 19442.00, 19442.00, 19442.00, 19442.00, 2518476, 107071
2025/4/4, 00:00:00, 18290.00, 18290.00, 18290.00, 18290.00, 3321304, 102382
2025/4/7, 00:00:00, 18316.00, 18316.00, 17579.25, 18316.00, 3538219, 106336
2025/4/8, 00:00:00, 17976.00, 17976.00, 17888.00, 17976.00, 2888332, 121946
2025/4/9, 00:00:00, 17496.00, 20058.75, 17463.25, 20058.75, 3078748, 117602
2025/4/10, 00:00:00, 19236.25, 19236.25, 18885.50, 19236.25, 2860158, 128826
2025/4/11, 00:00:00, 19564.25, 19564.25, 18927.50, 19564.25, 2495065, 131264
2025/4/14, 00:00:00, 19695.50, 19827.75, 19695.50, 19695.50, 2192471, 143215
2025/4/15, 00:00:00, 19718.50, 19723.25, 19667.00, 19718.50, 1818340, 142627
2025/4/16, 00:00:00, 19140.00, 19140.00, 18974.50, 19140.00, 2185234, 149068
2025/4/17, 00:00:00, 19137.50, 19152.00, 19108.25, 19137.50, 2039229, 147546
2025/4/21, 00:00:00, 18671.00, 18671.00, 18549.50, 18671.00, 1617969, 154404
2025/4/22, 00:00:00, 19135.25, 19135.25, 19135.25, 19135.25, 1881525, 151870
2025/4/23, 00:00:00, 19558.75, 19558.75, 19558.75, 19558.75, 2132278, 157268
2025/4/24, 00:00:00, 20083.00, 20083.00, 19511.25, 20083.00, 1896008, 166930
2025/4/25, 00:00:00, 20296.00, 20296.00, 20068.00, 20296.00, 1985393, 176538
2025/4/28, 00:00:00, 20289.00, 20289.00, 20112.75, 20289.00, 1701062, 179372
2025/4/29, 00:00:00, 20403.00, 20403.00, 20226.50, 20403.00, 1630244, 189289
2025/4/30, 00:00:00, 20413.25, 20454.50, 20004.25, 20413.25, 2022273, 197689
2025/5/1, 00:00:00, 20637.25, 20697.00, 20637.25, 20637.25, 1765428, 201965
2025/5/2, 00:00:00, 20969.00, 20969.00, 20588.25, 20969.00, 1647938, 209155
2025/5/5, 00:00:00, 20829.25, 20829.25, 20829.25, 20829.25, 1340555, 214543
2025/5/6, 00:00:00, 20647.25, 20647.25, 20610.75, 20647.25, 1644493, 222016
2025/5/7, 00:00:00, 20732.75, 20732.75, 20647.00, 20732.75, 1841328, 227303
2025/5/8, 00:00:00, 20924.00, 20924.00, 20924.00, 20924.00, 1781054, 233373
2025/5/9, 00:00:00, 20913.00, 20913.00, 20913.00, 20913.00, 1444708, 232963
2025/5/12, 00:00:00, 21739.50, 21739.50, 21739.50, 21739.50, 1773364, 237648
2025/5/13, 00:00:00, 22074.25, 22074.25, 22074.25, 22074.25, 1405966, 238228
2025/5/14, 00:00:00, 22206.50, 22206.50, 22206.50, 22206.50, 1430759, 239472
2025/5/15, 00:00:00, 22219.25, 22219.25, 22219.25, 22219.25, 1378205, 239244
2025/5/16, 00:00:00, 22330.25, 22330.25, 22330.25, 22330.25, 1134195, 237479
2025/5/19, 00:00:00, 22353.75, 22353.75, 22103.00, 22353.75, 1393439, 222883
2025/5/20, 00:00:00, 22275.50, 22275.50, 22265.75, 22275.50, 1225390, 217420
2025/5/21, 00:00:00, 21981.50, 21981.50, 21981.50, 21981.50, 1699292, 212629
2025/5/22, 00:00:00, 22003.50, 22003.50, 22003.50, 22003.50, 1451644, 211655
2025/5/23, 00:00:00, 21795.50, 21795.50, 21732.75, 21795.50, 1620283, 211833
2025/5/27, 00:00:00, 22285.75, 22285.75, 22285.75, 22285.75, 1556171, 204499
2025/5/28, 00:00:00, 22205.75, 22205.75, 22205.75, 22205.75, 1171132, 198933
2025/5/29, 00:00:00, 22235.25, 22495.50, 22235.25, 22235.25, 1703784, 202109
2025/5/30, 00:00:00, 22203.25, 22203.25, 22203.25, 22203.25, 1607286, 199746
2025/6/2, 00:00:00, 22360.75, 22360.75, 22360.75, 22360.75, 1189965, 208524
2025/6/3, 00:00:00, 22532.25, 22532.25, 22532.25, 22532.25, 1145331, 210920
2025/6/4, 00:00:00, 22593.25, 22593.25, 22593.25, 22593.25, 1129234, 213807
2025/6/5, 00:00:00, 22408.00, 22598.75, 22408.00, 22408.00, 1625635, 217488
2025/6/6, 00:00:00, 22618.50, 22618.50, 22618.50, 22618.50, 1227695, 215491
2025/6/9, 00:00:00, 22650.50, 22650.50, 22650.50, 22650.50, 996028, 216123
2025/6/10, 00:00:00, 22791.50, 22791.50, 22791.50, 22791.50, 1250243, 217827
2025/6/11, 00:00:00, 22716.50, 22900.00, 22716.50, 22716.50, 1542365, 219294
2025/6/12, 00:00:00, 22762.00, 22762.00, 22762.00, 22762.00, 1262388, 227496
2025/6/13, 00:00:00, 22463.75, 22463.75, 22463.75, 22463.75, 1884141, 230609
2025/6/16, 00:00:00, 22771.00, 22835.50, 22771.00, 22771.00, 1137649, 235392
2025/6/17, 00:00:00, 22559.75, 22559.75, 22559.75, 22559.75, 1565518, 231581
2025/6/18, 00:00:00, 22549.25, 22549.25, 22549.25, 22549.25, 1439687, 196350
2025/6/20, 00:00:00, 22626.00, 22626.00, 22393.75, 22446.75, 2059156, 48287
2025/6/23, 00:00:00, 22431.00, 22676.75, 22396.50, 22676.75, 1571982, 59619
2025/6/24, 00:00:00, 22901.00, 23026.75, 22901.00, 23026.75, 1145622, 66181
2025/6/25, 00:00:00, 23099.00, 23099.00, 23082.75, 23082.75, 1040519, 68536
2025/6/26, 00:00:00, 23299.00, 23299.00, 23297.75, 23297.75, 1015122, 75637
2025/6/27, 00:00:00, 23385.00, 23385.00, 23385.00, 23385.00, 1225921, 77196
2025/6/30, 00:00:00, 23528.50, 23528.50, 23528.50, 23528.50, 1138407, 81689
2025/7/1, 00:00:00, 23325.50, 23325.50, 23325.50, 23325.50, 1299887, 87750
2025/7/2, 00:00:00, 23478.75, 23478.75, 23478.75, 23478.75, 1008244, 90301
2025/7/3, 00:00:00, 23699.00, 23723.75, 23699.00, 23723.75, 662768, 98575
2025/7/7, 00:00:00, 23543.75, 23543.75, 23543.75, 23543.75, 1541528, 95040
2025/7/8, 00:00:00, 23556.75, 23556.75, 23556.75, 23556.75, 1092785, 94661
2025/7/9, 00:00:00, 23713.75, 23713.75, 23713.75, 23713.75, 1126002, 96226
2025/7/10, 00:00:00, 23713.00, 23713.00, 23713.00, 23713.00, 1045268, 98347
2025/7/11, 00:00:00, 23659.00, 23659.00, 23659.00, 23659.00, 1203668, 95623
2025/7/14, 00:00:00, 23736.75, 23736.75, 23644.00, 23736.75, 1018100, 103942
2025/7/15, 00:00:00, 23761.75, 23765.00, 23761.75, 23761.75, 1363063, 102323
2025/7/16, 00:00:00, 23780.75, 23780.75, 23780.75, 23780.75, 1387977, 102726
2025/7/17, 00:00:00, 23951.00, 23957.00, 23951.00, 23957.00, 1036727, 110938
2025/7/18, 00:00:00, 23930.50, 23930.50, 23930.50, 23930.50, 1039859, 104288
2025/7/21, 00:00:00, 24049.00, 24049.00, 24049.00, 24049.00, 952294, 107735
2025/7/22, 00:00:00, 23933.50, 23933.50, 23933.50, 23933.50, 1224739, 105626
2025/7/23, 00:00:00, 24018.50, 24018.50, 24018.50, 24018.50, 1248802, 105181
2025/7/24, 00:00:00, 24086.25, 24086.25, 24086.25, 24086.25, 1034350, 108679
2025/7/25, 00:00:00, 24128.25, 24159.25, 24128.25, 24132.75, 903227, 108051
2025/7/28, 00:00:00, 24225.00, 24225.00, 24200.00, 24203.75, 949107, 111637
2025/7/29, 00:00:00, 24164.50, 24240.00, 24164.50, 24164.50, 1135867, 118827
2025/7/30, 00:00:00, 24194.50, 24259.25, 24194.50, 24194.50, 1216566, 115881
2025/7/31, 00:00:00, 24399.00, 24409.75, 24086.75, 24086.75, 1751639, 126354
2025/8/1, 00:00:00, 23651.00, 23651.00, 23585.00, 23585.00, 1922231, 125965
2025/8/4, 00:00:00, 23999.00, 23999.00, 23994.25, 23994.25, 1220108, 130558
2025/8/5, 00:00:00, 23834.00, 23834.00, 23834.00, 23834.00, 1529044, 127775
2025/8/6, 00:00:00, 24125.00, 24125.00, 24125.00, 24125.00, 1358622, 129750
2025/8/7, 00:00:00, 24190.00, 24190.00, 24190.00, 24190.00, 1633581, 123327
2025/8/8, 00:00:00, 24421.00, 24421.00, 24421.00, 24421.00, 1110921, 123500
2025/8/11, 00:00:00, 24344.50, 24344.50, 24344.50, 24344.50, 1090727, 122800
2025/8/12, 00:00:00, 24649.50, 24649.50, 24649.50, 24649.50, 1185867, 132352
2025/8/13, 00:00:00, 24657.50, 24657.50, 24657.50, 24657.50, 1114230, 133879
2025/8/14, 00:00:00, 24644.00, 24644.00, 24644.00, 24644.00, 1190518, 140237
2025/8/15, 00:00:00, 24514.25, 24514.25, 24514.25, 24514.25, 1145067, 142526
2025/8/18, 00:00:00, 24508.00, 24508.00, 24508.00, 24508.00, 1010956, 143765
2025/8/19, 00:00:00, 24176.25, 24176.25, 24176.25, 24176.25, 1399236, 148813
2025/8/20, 00:00:00, 23751.00, 24031.00, 23751.00, 24031.00, 1760826, 143843
2025/8/21, 00:00:00, 23926.00, 23926.00, 23926.00, 23926.00, 1595460, 145189
2025/8/22, 00:00:00, 24276.25, 24276.25, 24276.25, 24276.25, 1531376, 145808
2025/8/25, 00:00:00, 24204.75, 24204.75, 24204.75, 24204.75, 1140238, 147197
2025/8/26, 00:00:00, 24298.00, 24298.00, 24198.00, 24298.00, 1264945, 139670
2025/8/27, 00:00:00, 24334.50, 24334.50, 24266.25, 24334.50, 1162585, 136957
2025/8/28, 00:00:00, 24477.75, 24477.75, 24314.50, 24477.75, 1367259, 138666
2025/8/29, 00:00:00, 24164.00, 24164.00, 24164.00, 24164.00, 1422243, 134141
2025/9/2, 00:00:00, 23974.50, 23974.50, 23908.75, 23974.50, 2090097, 138361
2025/9/3, 00:00:00, 24180.00, 24180.00, 24150.25, 24150.25, 1529833, 136291
2025/9/4, 00:00:00, 24372.00, 24372.00, 24372.00, 24372.00, 1297869, 137394
2025/9/5, 00:00:00, 24383.25, 24383.25, 24383.25, 24383.25, 1837273, 131243
2025/9/8, 00:00:00, 24500.75, 24500.75, 24500.75, 24500.75, 1262592, 131208
2025/9/9, 00:00:00, 24575.75, 24575.75, 24575.75, 24575.75, 1189040, 134277
2025/9/10, 00:00:00, 24578.50, 24578.50, 24578.50, 24578.50, 1343017, 133241
2025/9/11, 00:00:00, 24702.00, 24702.00, 24702.00, 24702.00, 1181387, 133634
2025/9/12, 00:00:00, 24802.25, 24802.25, 24802.25, 24802.25, 1067329, 138079
2025/9/15, 00:00:00, 24920.00, 25002.00, 24800.00, 25002.00, 1005226, 148224
2025/9/16, 00:00:00, 24975.75, 24975.75, 24975.75, 24975.75, 997855, 144704
2025/9/17, 00:00:00, 24950.00, 24960.00, 24800.00, 24915.75, 1580564, 142522
2025/9/18, 00:00:00, 24970.00, 25175.50, 24970.00, 25156.00, 1418184, 112639
2025/9/19, 00:00:00, 25277.25, 25322.25, 25277.00, 25317.25, 1122580, 59482
2025/9/22, 00:00:00, 25316.50, 25462.50, 25200.00, 25462.50, 1052020, 67040
2025/9/23, 00:00:00, 25468.00, 25468.00, 25256.25, 25285.25, 1259902, 64670
2025/9/24, 00:00:00, 25336.25, 25336.25, 25102.00, 25197.25, 1264841, 67704
2025/9/25, 00:00:00, 25197.25, 25232.25, 24903.50, 25087.50, 1799857, 70677
2025/9/26, 00:00:00, 25194.00, 25208.00, 25015.00, 25186.50, 1564116, 72393
2025/9/29, 00:00:00, 25258.00, 25437.75, 25258.00, 25298.00, 1278341, 71451
2025/9/30, 00:00:00, 25361.00, 25361.00, 25361.00, 25361.00, 1466466, 76012
2025/10/1, 00:00:00, 25262.75, 25500.00, 25115.00, 25474.25, 1345703, 81264
2025/10/2, 00:00:00, 25467.25, 25632.50, 25467.25, 25567.75, 1281919, 79713
2025/10/3, 00:00:00, 25641.25, 25641.25, 25403.00, 25449.00, 1391295, 81000
2025/10/6, 00:00:00, 25554.00, 25706.00, 25550.00, 25642.75, 1127881, 83883
2025/10/7, 00:00:00, 25632.75, 25734.75, 25473.00, 25506.75, 1494286, 88841
2025/10/8, 00:00:00, 25539.00, 25822.25, 25500.00, 25799.75, 1149530, 92519
2025/10/9, 00:00:00, 25829.25, 25859.00, 25647.75, 25757.00, 1401742, 91800
2025/10/10, 00:00:00, 25776.50, 25868.25, 24647.25, 24854.75, 2423706, 111629
2025/10/13, 00:00:00, 25179.25, 25412.75, 25123.25, 25381.75, 1977813, 105647
2025/10/14, 00:00:00, 25454.75, 25490.75, 24898.00, 25231.00, 2349000, 111697
2025/10/15, 00:00:00, 25300.00, 25578.50, 25133.00, 25394.00, 2127873, 112662
2025/10/16, 00:00:00, 25440.00, 25649.25, 25112.00, 25293.25, 2580221, 117636
2025/10/17, 00:00:00, 25278.25, 25498.75, 24879.25, 25449.00, 2581008, 111046
2025/10/20, 00:00:00, 25470.00, 25805.00, 25426.50, 25770.00, 1331156, 106606
2025/10/21, 00:00:00, 25749.00, 25819.50, 25660.00, 25759.00, 1382165, 105092
2025/10/22, 00:00:00, 25700.00, 25788.25, 25273.50, 25501.50, 2091475, 105542
2025/10/23, 00:00:00, 25490.75, 25737.75, 25407.50, 25716.50, 1549899, 99887
2025/10/24, 00:00:00, 25750.00, 26020.00, 25750.00, 25971.75, 1230391, 104496
2025/10/27, 00:00:00, 26185.00, 26485.00, 26178.00, 26430.50, 983644, 111619
2025/10/28, 00:00:00, 26484.75, 26700.25, 26413.25, 26633.50, 1150599, 113693
2025/10/29, 00:00:00, 26638.75, 26812.00, 26545.00, 26736.50, 1671999, 112963
2025/10/30, 00:00:00, 26674.25, 26883.75, 26350.00, 26358.50, 2115930, 112769
2025/10/31, 00:00:00, 26650.00, 26752.25, 26394.25, 26505.75, 1782766, 112913
2025/11/3, 00:00:00, 26552.75, 26754.50, 26516.25, 26605.00, 1428053, 113488
2025/11/4, 00:00:00, 26572.50, 26587.00, 26027.25, 26075.25, 2025081, 120513
2025/11/5, 00:00:00, 25919.50, 26362.50, 25773.25, 26245.00, 1771420, 112687
2025/11/6, 00:00:00, 26232.50, 26306.00, 25692.75, 25736.25, 2280191, 127821
2025/11/7, 00:00:00, 25775.00, 25829.00, 25198.50, 25655.50, 2578750, 129189
2025/11/10, 00:00:00, 25832.50, 26237.25, 25760.00, 26206.00, 1766260, 132432
2025/11/11, 00:00:00, 26220.00, 26243.75, 25978.25, 26129.75, 1588496, 138992
2025/11/12, 00:00:00, 26200.00, 26309.50, 25989.00, 26113.50, 1753401, 146249
2025/11/13, 00:00:00, 26026.75, 26201.75, 25500.00, 25580.50, 2606711, 157396
2025/11/14, 00:00:00, 25630.25, 25767.50, 25108.00, 25579.00, 2717625, 152108
2025/11/17, 00:00:00, 25640.00, 25836.25, 25218.50, 25359.75, 2609687, 154067
2025/11/18, 00:00:00, 25364.00, 25426.00, 24867.50, 25074.50, 3092874, 159579
2025/11/19, 00:00:00, 25055.25, 25451.25, 24937.75, 25202.75, 2881955, 155297
2025/11/20, 00:00:00, 25500.00, 25781.50, 24550.50, 24604.75, 3244767, 195776
2025/11/21, 00:00:00, 24573.75, 25046.00, 24385.00, 24773.75, 2960368, 182921
2025/11/24, 00:00:00, 24962.50, 25450.00, 24837.75, 25412.50, 1920280, 177568
2025/11/25, 00:00:00, 25441.00, 25587.75, 25072.00, 25553.00, 2114812, 187145
2025/11/26, 00:00:00, 25555.75, 25837.25, 25538.50, 25776.00, 1673064, 195887
2025/11/28, 00:00:00, 25783.25, 25954.75, 25751.25, 25954.75, 580998, 199382
2025/12/1, 00:00:00, 25965.75, 25977.50, 25672.75, 25860.50, 1830847, 201107
2025/12/2, 00:00:00, 25882.50, 26133.75, 25800.25, 26075.50, 1837575, 203707
2025/12/3, 00:00:00, 26082.25, 26146.75, 25900.25, 26124.50, 1580627, 217484
2025/12/4, 00:00:00, 26124.50, 26198.50, 25966.50, 26090.00, 1622373, 218696
2025/12/5, 00:00:00, 26121.75, 26335.00, 26058.25, 26205.00, 1544367, 212130
2025/12/8, 00:00:00, 26222.50, 26328.50, 26044.25, 26136.50, 1401060, 217570
2025/12/9, 00:00:00, 26182.00, 26205.00, 26039.25, 26172.50, 1209791, 217362
2025/12/10, 00:00:00, 26125.25, 26342.50, 26013.50, 26274.50, 1718468, 218933
2025/12/11, 00:00:00, 26214.50, 26328.00, 25869.00, 26192.25, 1985586, 217662
2025/12/12, 00:00:00, 26169.00, 26204.75, 25601.25, 25691.25, 2278042, 234142
2025/12/15, 00:00:00, 25651.25, 25887.75, 25509.25, 25564.50, 1812584, 242587
2025/12/16, 00:00:00, 25582.00, 25667.00, 25297.00, 25603.75, 2255401, 251741
2025/12/17, 00:00:00, 25570.25, 25730.00, 25111.00, 25117.25, 2119348, 266476
2025/12/18, 00:00:00, 25213.50, 25620.00, 25123.50, 25477.75, 2148321, 163386
2025/12/19, 00:00:00, 25445.00, 25819.75, 25430.25, 25797.75, 1367773, 81346
2025/12/22, 00:00:00, 25844.25, 26015.50, 25844.25, 25915.00, 1050193, 83511
2025/12/23, 00:00:00, 25931.50, 26049.25, 25833.00, 26036.75, 902917, 87530
2025/12/24, 00:00:00, 26028.00, 26115.75, 26005.25, 26106.25, 426222, 88415
2025/12/26, 00:00:00, 26103.00, 26158.00, 26059.50, 26086.00, 656994, 91351
2025/12/29, 00:00:00, 26104.00, 26117.50, 25868.75, 25960.75, 1111915, 95526
2025/12/30, 00:00:00, 25950.00, 26014.50, 25890.25, 25897.50, 900946, 99122
2025/12/31, 00:00:00, 25921.25, 25938.50, 25650.50, 25679.25, 1012469, 96389
2026/1/2, 00:00:00, 25678.50, 26021.00, 25487.00, 25605.50, 1685807, 95486
2026/1/5, 00:00:00, 25613.50, 25929.00, 25613.50, 25799.50, 1368140, 95095
2026/1/6, 00:00:00, 25814.25, 26061.75, 25750.00, 26046.75, 1370789, 101243
2026/1/7, 00:00:00, 26065.00, 26222.25, 25953.00, 26063.75, 1386616, 99231
2026/1/8, 00:00:00, 26070.00, 26073.25, 25794.00, 25911.25, 1643491, 97802
2026/1/9, 00:00:00, 25945.50, 26212.50, 25845.75, 26166.25, 1605817, 97665
2026/1/12, 00:00:00, 26137.00, 26248.50, 25863.50, 26186.25, 1369551, 93937
2026/1/13, 00:00:00, 26162.25, 26274.00, 26030.00, 26134.75, 1823283, 85251
2026/1/14, 00:00:00, 26126.50, 26154.25, 25648.00, 25857.00, 2147640, 85932
2026/1/15, 00:00:00, 25825.00, 26181.25, 25790.75, 25935.75, 1816672, 80019
2026/1/16, 00:00:00, 25945.25, 26120.00, 25821.25, 25918.25, 1533517, 77609
2026/1/20, 00:00:00, 25839.00, 25839.00, 25319.00, 25352.75, 3190171, 88478
2026/1/21, 00:00:00, 25368.50, 25880.00, 25250.00, 25700.25, 2706952, 82547
2026/1/22, 00:00:00, 25768.00, 25971.50, 25713.50, 25889.75, 1739342, 82026
2026/1/23, 00:00:00, 25830.00, 26076.75, 25772.75, 25969.50, 1716319, 86604
2026/1/26, 00:00:00, 25841.75, 26161.25, 25650.00, 26079.50, 1522199, 89759
2026/1/27, 00:00:00, 26075.25, 26348.00, 26069.50, 26304.75, 1276374, 90897
2026/1/28, 00:00:00, 26349.00, 26579.75, 26228.00, 26391.75, 1662113, 87840
2026/1/29, 00:00:00, 26525.00, 26527.50, 25767.00, 26232.50, 2453237, 87747
2026/1/30, 00:00:00, 26230.25, 26250.00, 25799.00, 25899.25, 2641023, 90728
2026/2/2, 00:00:00, 25761.00, 26179.25, 25404.25, 26081.50, 2010612, 96909
2026/2/3, 00:00:00, 26134.75, 26261.00, 25447.00, 25681.75, 2615765, 109610
2026/2/4, 00:00:00, 25622.00, 25740.50, 25006.00, 25220.75, 2645885, 123044
2026/2/5, 00:00:00, 25299.00, 25392.75, 24629.00, 24867.00, 2650275, 123311
2026/2/6, 00:00:00, 24600.00, 25440.00, 24459.25, 25384.50, 2145123, 112856
2026/2/9, 00:00:00, 25354.75, 25649.00, 25177.75, 25576.25, 1676228, 110934
2026/2/10, 00:00:00, 25600.50, 25667.75, 25417.50, 25438.25, 1930721, 113838
2026/2/11, 00:00:00, 25401.25, 25690.00, 25283.00, 25511.75, 2201016, 120761
2026/2/12, 00:00:00, 25514.50, 25645.00, 24941.75, 24987.00, 2467078, 137471
2026/2/13, 00:00:00, 25051.25, 25214.00, 24797.50, 25020.25, 2530750, 140223
2026/2/17, 00:00:00, 25005.00, 25140.00, 24662.25, 24983.75, 3065392, 144386
2026/2/18, 00:00:00, 24970.00, 25348.25, 24920.00, 25174.75, 1833329, 130428
2026/2/19, 00:00:00, 25181.50, 25269.50, 24964.25, 25075.50, 2100846, 140073
2026/2/20, 00:00:00, 25057.25, 25357.00, 24896.50, 25287.75, 2200023, 143179
2026/2/23, 00:00:00, 25278.00, 25282.50, 24886.75, 24979.50, 1993267, 147860
2026/2/24, 00:00:00, 24996.75, 25296.25, 24885.00, 25247.25, 1791090, 145659
2026/2/25, 00:00:00, 25241.75, 25715.00, 25210.75, 25604.50, 1421608, 141227
2026/2/26, 00:00:00, 25640.00, 25648.75, 25082.00, 25301.50, 2209475, 164208
2026/2/27, 00:00:00, 25240.00, 25318.50, 25000.00, 25222.50, 2140591, 166151
2026/3/2, 00:00:00, 24903.25, 25319.50, 24690.75, 25244.00, 2373497, 166946
2026/3/3, 00:00:00, 25190.00, 25223.25, 24563.00, 24970.00, 2868254, 170836
2026/3/4, 00:00:00, 24913.25, 25435.25, 24716.25, 25347.00, 2218174, 158762
2026/3/5, 00:00:00, 25360.00, 25463.25, 24992.25, 25267.00, 2543051, 162913
2026/3/6, 00:00:00, 25242.00, 25359.75, 24819.25, 24883.25, 2690615, 167739
2026/3/9, 00:00:00, 24770.75, 25273.00, 24200.00, 25209.50, 2666934, 159899
2026/3/10, 00:00:00, 25201.25, 25435.50, 25050.00, 25199.50, 2354444, 154685
2026/3/11, 00:00:00, 25238.75, 25400.00, 25090.00, 25201.25, 1946596, 155649
2026/3/12, 00:00:00, 25157.50, 25166.25, 24730.00, 24773.50, 2206205, 160998
2026/3/13, 00:00:00, 24768.50, 25018.00, 24544.00, 24605.75, 2365126, 166014
2026/3/16, 00:00:00, 24493.50, 25032.75, 24490.00, 24891.25, 1992731, 173654
2026/3/17, 00:00:00, 24876.00, 25114.50, 24729.00, 25015.50, 1654252, 170606
2026/3/18, 00:00:00, 25026.00, 25210.75, 24564.00, 24651.25, 1858530, 174136
2026/3/19, 00:00:00, 24615.00, 24725.25, 24560.50, 24661.00, 203017, 0
