Date, Time, Open, High, Low, Last, Volume, NumberOfTrades, BidVolume, AskVolume
2026/2/17, 20:15:00, 25024.75, 25034.00, 24951.25, 24990.00, 281, 157, 162, 119
2026/2/17, 21:15:00, 24999.25, 25036.00, 24970.25, 24990.00, 108, 41, 48, 60
2026/2/17, 22:15:00, 24970.00, 24985.75, 24943.75, 24950.25, 37, 24, 21, 16
2026/2/17, 23:15:00, 24953.25, 24975.25, 24920.00, 24965.75, 85, 59, 45, 40
2026/2/18, 00:15:00, 24963.25, 24967.75, 24928.50, 24935.00, 100, 57, 34, 66
2026/2/18, 01:15:00, 24944.25, 24977.00, 24931.75, 24970.00, 82, 52, 37, 45
2026/2/18, 02:15:00, 24972.75, 24985.50, 24952.00, 24976.00, 25, 19, 14, 11
2026/2/18, 03:15:00, 24963.75, 25026.00, 24957.00, 25015.00, 71, 63, 29, 42
2026/2/18, 04:15:00, 25019.00, 25055.00, 25015.75, 25044.25, 52, 44, 26, 26
2026/2/18, 05:15:00, 25056.00, 25060.75, 25028.75, 25028.75, 32, 27, 18, 14
2026/2/18, 06:15:00, 25043.25, 25055.00, 25029.50, 25030.25, 43, 35, 26, 17
2026/2/18, 07:15:00, 25027.00, 25094.75, 25019.00, 25080.00, 58, 51, 17, 41
2026/2/18, 08:15:00, 25094.50, 25140.00, 25094.50, 25140.00, 140, 89, 27, 113
2026/2/18, 09:15:00, 25123.00, 25156.00, 25122.00, 25149.25, 345, 123, 256, 89
2026/2/18, 10:15:00, 25147.75, 25149.25, 25116.25, 25116.25, 64, 49, 33, 31
2026/2/18, 11:15:00, 25127.00, 25172.00, 25106.75, 25161.25, 98, 68, 35, 63
2026/2/18, 12:15:00, 25175.50, 25179.00, 25064.75, 25110.75, 148, 108, 86, 62
2026/2/18, 13:15:00, 25108.25, 25116.00, 25087.75, 25106.00, 28, 20, 15, 13
2026/2/18, 13:30:00, 25119.75, 25133.75, 25025.75, 25025.75, 156, 114, 81, 75
2026/2/18, 14:30:00, 25024.00, 25293.25, 24968.25, 25276.00, 830, 595, 339, 491
2026/2/18, 15:30:00, 25275.00, 25335.00, 25244.50, 25312.25, 352, 276, 148, 204
2026/2/18, 16:30:00, 25320.00, 25348.25, 25279.25, 25309.25, 221, 169, 104, 117
2026/2/18, 17:30:00, 25308.25, 25346.50, 25275.00, 25283.00, 101, 68, 69, 32
2026/2/18, 18:30:00, 25290.50, 25293.00, 25205.75, 25209.00, 252, 168, 138, 114
2026/2/18, 19:30:00, 25212.50, 25212.50, 25082.25, 25094.25, 526, 266, 295, 231
2026/2/18, 20:15:00, 25092.00, 25216.00, 25070.75, 25166.75, 437, 214, 215, 222
2026/2/18, 21:15:00, 25158.50, 25169.00, 25150.00, 25150.00, 56, 33, 37, 19
2026/2/18, 22:15:00, 25181.50, 25213.00, 25181.50, 25209.00, 24, 20, 4, 20
2026/2/18, 23:15:00, 25210.00, 25213.00, 25164.00, 25175.00, 77, 59, 37, 40
2026/2/19, 00:15:00, 25171.00, 25211.00, 25138.00, 25210.75, 107, 58, 27, 80
2026/2/19, 01:15:00, 25206.25, 25206.25, 25161.50, 25186.25, 72, 37, 49, 23
2026/2/19, 02:15:00, 25188.00, 25203.50, 25188.00, 25200.00, 24, 15, 9, 15
2026/2/19, 03:15:00, 25201.50, 25214.50, 25187.00, 25203.75, 17, 17, 13, 4
2026/2/19, 04:15:00, 25203.75, 25203.75, 25161.00, 25163.75, 31, 23, 27, 4
2026/2/19, 05:15:00, 25181.50, 25221.75, 25176.50, 25210.25, 36, 33, 12, 24
2026/2/19, 06:15:00, 25214.75, 25245.00, 25213.25, 25245.00, 35, 28, 16, 19
2026/2/19, 07:15:00, 25238.75, 25264.25, 25234.75, 25239.25, 43, 29, 19, 24
2026/2/19, 08:15:00, 25255.00, 25269.00, 25164.25, 25181.00, 204, 96, 101, 103
2026/2/19, 09:15:00, 25167.50, 25176.00, 25055.75, 25055.75, 159, 115, 106, 53
2026/2/19, 10:15:00, 25057.00, 25093.25, 25050.00, 25090.00, 85, 71, 47, 38
2026/2/19, 11:15:00, 25085.25, 25099.50, 25035.00, 25074.75, 76, 60, 43, 33
2026/2/19, 12:15:00, 25068.00, 25114.25, 25067.50, 25067.50, 68, 46, 42, 26
2026/2/19, 13:15:00, 25063.00, 25063.00, 25025.00, 25040.00, 29, 25, 20, 9
2026/2/19, 13:30:00, 25037.00, 25096.50, 25013.00, 25054.75, 198, 103, 132, 66
2026/2/19, 14:30:00, 25075.50, 25165.00, 24982.75, 25075.25, 935, 540, 403, 532
2026/2/19, 15:30:00, 25070.00, 25175.00, 25067.00, 25094.25, 500, 300, 249, 251
2026/2/19, 16:30:00, 25091.00, 25136.75, 25019.75, 25077.25, 271, 198, 136, 135
2026/2/19, 17:30:00, 25075.25, 25078.50, 24964.25, 25012.25, 429, 238, 292, 137
2026/2/19, 18:30:00, 25007.50, 25065.00, 24983.75, 25027.75, 176, 117, 63, 113
2026/2/19, 19:30:00, 25030.75, 25035.00, 24967.00, 25010.25, 157, 114, 77, 80
2026/2/19, 20:15:00, 25005.00, 25088.75, 24996.00, 25071.50, 213, 121, 107, 106
2026/2/19, 21:15:00, 25072.00, 25088.75, 25046.25, 25054.75, 45, 31, 17, 28
2026/2/19, 22:15:00, 25057.25, 25068.00, 25051.00, 25067.50, 30, 27, 11, 19
2026/2/19, 23:15:00, 25063.00, 25104.50, 25063.00, 25100.00, 66, 49, 18, 48
2026/2/20, 00:15:00, 25089.50, 25151.00, 25075.75, 25151.00, 90, 69, 25, 65
2026/2/20, 01:15:00, 25142.00, 25151.00, 25110.75, 25123.25, 69, 50, 29, 40
2026/2/20, 02:15:00, 25106.00, 25124.00, 25099.00, 25118.00, 47, 38, 27, 20
2026/2/20, 03:15:00, 25121.50, 25126.00, 25105.25, 25126.00, 20, 13, 8, 12
2026/2/20, 04:15:00, 25129.50, 25131.50, 25110.00, 25130.00, 34, 25, 17, 17
2026/2/20, 05:15:00, 25134.75, 25170.00, 25133.75, 25170.00, 45, 38, 5, 40
2026/2/20, 06:15:00, 25170.50, 25174.75, 25147.25, 25163.75, 55, 37, 24, 31
2026/2/20, 07:15:00, 25165.25, 25167.25, 25125.50, 25134.50, 57, 53, 30, 27
2026/2/20, 08:15:00, 25129.00, 25177.00, 25116.25, 25176.75, 49, 45, 17, 32
2026/2/20, 09:15:00, 25179.50, 25201.00, 25142.75, 25157.50, 56, 52, 26, 30
2026/2/20, 10:15:00, 25157.50, 25166.00, 25065.50, 25093.75, 57, 54, 40, 17
2026/2/20, 11:15:00, 25093.75, 25104.75, 25025.00, 25054.50, 112, 88, 74, 38
2026/2/20, 12:15:00, 25064.00, 25064.00, 25009.50, 25036.00, 132, 75, 43, 89
2026/2/20, 13:15:00, 25053.25, 25075.75, 25045.00, 25075.75, 19, 18, 4, 15
2026/2/20, 13:30:00, 25065.25, 25065.25, 24913.75, 24920.00, 551, 355, 311, 240
2026/2/20, 14:30:00, 24915.00, 25299.00, 24896.50, 25194.25, 1338, 1035, 542, 796
2026/2/20, 15:30:00, 25191.25, 25357.00, 25127.00, 25198.50, 724, 514, 311, 413
2026/2/20, 16:30:00, 25190.00, 25345.00, 25099.25, 25140.50, 609, 433, 329, 280
2026/2/20, 17:30:00, 25150.00, 25260.00, 25129.50, 25190.00, 431, 322, 200, 231
2026/2/20, 18:30:00, 25180.00, 25338.25, 25150.00, 25266.50, 338, 274, 144, 194
2026/2/20, 19:30:00, 25280.00, 25294.00, 25236.50, 25289.50, 107, 93, 62, 45
2026/2/20, 20:15:00, 25289.00, 25305.50, 25235.00, 25304.50, 203, 101, 125, 78
2026/2/20, 21:15:00, 25287.75, 25304.00, 25286.75, 25304.00, 32, 22, 11, 21
2026/2/22, 22:15:00, 25278.00, 25282.50, 25242.50, 25272.25, 47, 36, 23, 24
2026/2/22, 23:15:00, 25272.25, 25274.00, 25150.00, 25151.00, 263, 159, 169, 94
2026/2/23, 00:15:00, 25158.50, 25167.25, 25060.00, 25078.50, 293, 177, 173, 120
2026/2/23, 01:15:00, 25080.75, 25099.75, 25037.00, 25040.00, 427, 179, 294, 133
2026/2/23, 02:15:00, 25035.50, 25075.00, 25030.00, 25071.00, 76, 69, 32, 44
2026/2/23, 03:15:00, 25069.25, 25070.25, 25030.75, 25063.00, 118, 77, 43, 75
2026/2/23, 04:15:00, 25051.00, 25058.00, 25020.75, 25040.00, 142, 75, 87, 55
2026/2/23, 05:15:00, 25035.00, 25069.00, 25024.75, 25069.00, 63, 52, 17, 46
2026/2/23, 06:15:00, 25072.25, 25130.00, 25063.00, 25127.25, 91, 74, 20, 71
2026/2/23, 07:15:00, 25128.75, 25129.50, 25098.00, 25127.50, 50, 49, 26, 24
2026/2/23, 08:15:00, 25109.25, 25215.75, 25105.00, 25213.00, 105, 85, 29, 76
2026/2/23, 09:15:00, 25213.00, 25220.50, 25196.50, 25211.75, 86, 73, 36, 50
2026/2/23, 10:15:00, 25203.25, 25208.50, 25184.75, 25189.25, 68, 37, 38, 30
2026/2/23, 11:15:00, 25200.00, 25200.25, 25134.25, 25143.75, 106, 80, 51, 55
2026/2/23, 12:15:00, 25133.75, 25153.00, 25107.00, 25141.25, 87, 76, 48, 39
2026/2/23, 13:15:00, 25138.50, 25153.25, 25138.00, 25146.00, 14, 14, 6, 8
2026/2/23, 13:30:00, 25147.75, 25200.00, 25133.00, 25200.00, 105, 88, 40, 65
2026/2/23, 14:30:00, 25190.75, 25255.00, 25059.25, 25085.50, 888, 605, 538, 350
2026/2/23, 15:30:00, 25088.25, 25118.75, 24887.00, 24997.75, 920, 581, 568, 352
2026/2/23, 16:30:00, 24994.50, 25005.00, 24945.00, 24962.25, 238, 172, 121, 117
2026/2/23, 17:30:00, 24960.25, 25035.75, 24895.50, 25026.75, 326, 237, 148, 178
2026/2/23, 18:30:00, 25029.25, 25038.50, 24925.50, 24932.75, 376, 172, 267, 109
2026/2/23, 19:30:00, 24932.50, 24946.25, 24898.00, 24902.00, 417, 185, 216, 201
2026/2/23, 20:15:00, 24903.75, 25003.00, 24903.75, 24996.25, 357, 186, 167, 190
2026/2/23, 21:15:00, 24995.50, 25010.00, 24990.50, 25006.50, 45, 26, 12, 33
2026/2/23, 22:15:00, 24996.75, 25030.00, 24990.00, 25020.00, 43, 37, 25, 18
2026/2/23, 23:15:00, 25001.50, 25041.00, 25001.50, 25010.00, 118, 72, 33, 85
2026/2/24, 00:15:00, 25024.50, 25039.25, 24992.00, 25021.75, 64, 56, 20, 44
2026/2/24, 01:15:00, 25023.25, 25055.25, 25017.25, 25055.25, 132, 107, 51, 81
2026/2/24, 02:15:00, 25056.00, 25096.25, 25056.00, 25090.25, 201, 119, 80, 121
2026/2/24, 03:15:00, 25090.00, 25100.00, 25086.50, 25092.00, 61, 52, 21, 40
2026/2/24, 04:15:00, 25091.50, 25102.25, 25085.00, 25100.75, 19, 19, 9, 10
2026/2/24, 05:15:00, 25101.00, 25101.00, 25046.00, 25054.00, 45, 39, 38, 7
2026/2/24, 06:15:00, 25050.50, 25076.00, 25042.00, 25075.00, 63, 52, 31, 32
2026/2/24, 07:15:00, 25073.25, 25080.00, 25000.00, 25011.00, 86, 61, 67, 19
2026/2/24, 08:15:00, 25007.25, 25051.00, 24978.00, 25051.00, 180, 141, 116, 64
2026/2/24, 09:15:00, 25055.25, 25078.00, 25016.00, 25065.00, 53, 47, 18, 35
2026/2/24, 10:15:00, 25056.75, 25063.75, 25046.00, 25047.00, 24, 21, 12, 12
2026/2/24, 11:15:00, 25040.25, 25119.50, 25025.50, 25090.00, 147, 103, 33, 114
2026/2/24, 12:15:00, 25090.25, 25091.50, 25015.00, 25040.00, 161, 111, 94, 67
2026/2/24, 13:15:00, 25042.00, 25074.50, 25042.00, 25074.00, 39, 32, 10, 29
2026/2/24, 13:30:00, 25073.50, 25104.75, 25015.00, 25023.00, 198, 141, 127, 71
2026/2/24, 14:30:00, 25027.00, 25230.00, 24894.00, 25230.00, 1373, 810, 593, 780
2026/2/24, 15:30:00, 25232.50, 25266.00, 25189.00, 25231.50, 420, 285, 208, 212
2026/2/24, 16:30:00, 25231.00, 25291.25, 25190.00, 25285.00, 429, 243, 184, 245
2026/2/24, 17:30:00, 25275.25, 25296.00, 25235.00, 25237.00, 218, 174, 117, 101
2026/2/24, 18:30:00, 25237.75, 25271.00, 25209.50, 25216.75, 239, 144, 146, 93
2026/2/24, 19:30:00, 25222.25, 25265.00, 25220.00, 25224.25, 132, 65, 63, 69
2026/2/24, 20:15:00, 25221.50, 25288.25, 25213.75, 25239.75, 289, 149, 117, 172
2026/2/24, 21:15:00, 25233.25, 25248.25, 25230.25, 25230.25, 67, 28, 9, 58
2026/2/24, 22:15:00, 25241.75, 25241.75, 25210.75, 25237.75, 45, 34, 23, 22
2026/2/24, 23:15:00, 25237.25, 25267.25, 25232.50, 25249.75, 72, 43, 31, 41
2026/2/25, 00:15:00, 25247.25, 25310.75, 25238.75, 25307.00, 170, 96, 35, 135
2026/2/25, 01:15:00, 25308.00, 25332.25, 25294.50, 25316.50, 127, 78, 54, 73
2026/2/25, 02:15:00, 25317.00, 25334.00, 25297.50, 25299.00, 72, 51, 34, 38
2026/2/25, 03:15:00, 25297.25, 25302.75, 25215.50, 25258.75, 164, 99, 119, 45
2026/2/25, 04:15:00, 25260.25, 25284.00, 25258.25, 25283.75, 64, 30, 24, 40
2026/2/25, 05:15:00, 25262.00, 25276.00, 25250.50, 25255.00, 26, 19, 15, 11
2026/2/25, 06:15:00, 25263.00, 25278.75, 25255.00, 25257.75, 40, 25, 16, 24
2026/2/25, 07:15:00, 25263.00, 25295.00, 25239.50, 25275.50, 63, 38, 26, 37
2026/2/25, 08:15:00, 25271.00, 25305.00, 25271.00, 25298.00, 32, 29, 18, 14
2026/2/25, 09:15:00, 25296.25, 25309.75, 25286.50, 25286.50, 27, 13, 7, 20
2026/2/25, 10:15:00, 25286.50, 25311.25, 25286.50, 25295.50, 24, 22, 7, 17
2026/2/25, 11:15:00, 25298.00, 25351.00, 25296.00, 25330.00, 88, 64, 33, 55
2026/2/25, 12:15:00, 25332.25, 25371.00, 25330.50, 25368.50, 118, 86, 40, 78
2026/2/25, 13:15:00, 25368.75, 25368.75, 25352.25, 25360.00, 24, 14, 17, 7
2026/2/25, 13:30:00, 25363.50, 25394.75, 25347.50, 25370.75, 200, 117, 90, 110
2026/2/25, 14:30:00, 25376.25, 25581.25, 25376.25, 25554.25, 936, 650, 387, 549
2026/2/25, 15:30:00, 25550.50, 25561.50, 25489.00, 25522.75, 219, 145, 115, 104
2026/2/25, 16:30:00, 25523.50, 25562.00, 25516.50, 25541.50, 145, 97, 55, 90
2026/2/25, 17:30:00, 25541.25, 25579.75, 25538.75, 25561.50, 108, 90, 52, 56
2026/2/25, 18:30:00, 25559.50, 25598.00, 25550.25, 25591.50, 143, 104, 63, 80
2026/2/25, 19:30:00, 25595.00, 25601.25, 25589.75, 25593.25, 66, 59, 26, 40
2026/2/25, 20:15:00, 25591.00, 25629.75, 25576.75, 25618.00, 264, 194, 109, 155
2026/2/25, 21:15:00, 25621.00, 25715.00, 25597.75, 25674.25, 263, 184, 126, 137
2026/2/25, 22:15:00, 25640.00, 25648.75, 25594.00, 25607.00, 149, 103, 81, 68
2026/2/25, 23:15:00, 25601.25, 25613.25, 25500.00, 25553.00, 305, 162, 165, 140
2026/2/26, 00:15:00, 25555.00, 25562.50, 25514.00, 25528.25, 98, 72, 57, 41
2026/2/26, 01:15:00, 25527.00, 25545.00, 25488.00, 25518.75, 110, 80, 69, 41
2026/2/26, 02:15:00, 25519.00, 25530.75, 25513.75, 25530.75, 40, 26, 27, 13
2026/2/26, 03:15:00, 25521.75, 25542.00, 25520.00, 25527.25, 38, 24, 13, 25
2026/2/26, 04:15:00, 25520.00, 25524.25, 25504.75, 25510.00, 36, 25, 32, 4
2026/2/26, 05:15:00, 25512.25, 25555.00, 25512.25, 25555.00, 44, 33, 9, 35
2026/2/26, 06:15:00, 25557.25, 25570.00, 25548.00, 25568.00, 39, 27, 8, 31
2026/2/26, 07:15:00, 25569.25, 25588.00, 25555.00, 25588.00, 42, 31, 22, 20
2026/2/26, 08:15:00, 25595.00, 25610.00, 25569.75, 25580.00, 49, 34, 23, 26
2026/2/26, 09:15:00, 25595.00, 25621.00, 25587.50, 25612.25, 61, 47, 34, 27
2026/2/26, 10:15:00, 25605.25, 25605.25, 25571.00, 25580.50, 66, 57, 45, 21
2026/2/26, 11:15:00, 25576.50, 25602.25, 25563.75, 25590.00, 120, 52, 90, 30
2026/2/26, 12:15:00, 25589.50, 25612.75, 25585.00, 25600.25, 68, 56, 39, 29
2026/2/26, 13:15:00, 25604.00, 25629.75, 25604.00, 25619.00, 24, 22, 10, 14
2026/2/26, 13:30:00, 25621.50, 25638.25, 25570.00, 25571.00, 156, 98, 78, 78
2026/2/26, 14:30:00, 25556.25, 25558.00, 25104.75, 25154.00, 1844, 1175, 1179, 665
2026/2/26, 15:30:00, 25156.25, 25305.00, 25082.00, 25279.75, 914, 599, 391, 523
2026/2/26, 16:30:00, 25280.25, 25298.75, 25174.00, 25180.00, 646, 356, 326, 320
2026/2/26, 17:30:00, 25186.75, 25225.00, 25111.00, 25137.50, 340, 229, 196, 144
2026/2/26, 18:30:00, 25130.00, 25304.25, 25130.00, 25262.75, 493, 318, 171, 322
2026/2/26, 19:30:00, 25276.75, 25317.00, 25259.50, 25259.50, 175, 104, 52, 123
2026/2/26, 20:15:00, 25257.00, 25309.25, 25245.25, 25287.00, 225, 141, 127, 98
2026/2/26, 21:15:00, 25293.50, 25296.50, 25250.00, 25250.00, 85, 44, 69, 16
2026/2/26, 22:15:00, 25240.00, 25247.00, 25180.00, 25237.00, 124, 67, 61, 63
2026/2/26, 23:15:00, 25237.25, 25255.25, 25198.25, 25233.25, 201, 133, 110, 91
2026/2/27, 00:15:00, 25233.25, 25246.00, 25175.00, 25220.00, 117, 71, 78, 39
2026/2/27, 01:15:00, 25224.75, 25237.00, 25193.75, 25220.00, 78, 66, 35, 43
2026/2/27, 02:15:00, 25219.00, 25255.75, 25219.00, 25249.25, 35, 26, 14, 21
2026/2/27, 03:15:00, 25239.75, 25256.25, 25225.00, 25241.75, 61, 42, 35, 26
2026/2/27, 04:15:00, 25240.25, 25260.50, 25232.50, 25260.50, 22, 18, 10, 12
2026/2/27, 05:15:00, 25270.00, 25277.25, 25237.00, 25240.75, 76, 43, 23, 53
2026/2/27, 06:15:00, 25232.75, 25271.25, 25215.00, 25271.25, 67, 55, 26, 41
2026/2/27, 07:15:00, 25265.00, 25310.00, 25265.00, 25266.50, 88, 70, 22, 66
2026/2/27, 08:15:00, 25265.25, 25308.50, 25261.75, 25301.00, 46, 24, 19, 27
2026/2/27, 09:15:00, 25314.75, 25318.50, 25190.00, 25205.00, 149, 91, 95, 54
2026/2/27, 10:15:00, 25207.25, 25264.25, 25207.25, 25217.00, 85, 52, 34, 51
2026/2/27, 11:15:00, 25214.50, 25225.50, 25142.25, 25193.50, 166, 108, 108, 58
2026/2/27, 12:15:00, 25197.75, 25210.00, 25113.75, 25134.00, 340, 155, 269, 71
2026/2/27, 13:15:00, 25126.75, 25135.00, 25088.00, 25109.00, 84, 71, 53, 31
2026/2/27, 13:30:00, 25088.00, 25096.25, 25012.75, 25028.25, 489, 346, 250, 239
2026/2/27, 14:30:00, 25029.50, 25215.00, 25000.00, 25187.25, 1358, 799, 532, 826
2026/2/27, 15:30:00, 25190.00, 25240.00, 25143.00, 25190.00, 485, 360, 220, 265
2026/2/27, 16:30:00, 25188.00, 25255.75, 25120.00, 25167.25, 665, 377, 354, 311
2026/2/27, 17:30:00, 25171.50, 25211.25, 25096.50, 25127.25, 633, 304, 382, 251
2026/2/27, 18:30:00, 25129.75, 25176.00, 25104.00, 25131.25, 483, 199, 204, 279
2026/2/27, 19:30:00, 25126.00, 25185.00, 25090.00, 25185.00, 265, 137, 130, 135
2026/2/27, 20:15:00, 25187.00, 25240.00, 25145.00, 25190.00, 777, 335, 368, 409
2026/2/27, 21:15:00, 25188.25, 25190.00, 25160.75, 25180.00, 68, 47, 45, 23
2026/3/1, 22:15:00, 24903.25, 25030.00, 24828.00, 24988.75, 537, 294, 219, 318
2026/3/1, 23:15:00, 24989.25, 25017.50, 24934.50, 24967.75, 541, 263, 229, 312
2026/3/2, 00:15:00, 24957.75, 25107.75, 24927.25, 25089.75, 782, 294, 410, 372
2026/3/2, 01:15:00, 25093.00, 25116.25, 25045.25, 25061.00, 411, 193, 186, 225
2026/3/2, 02:15:00, 25048.25, 25060.00, 25017.25, 25035.25, 153, 93, 73, 80
2026/3/2, 03:15:00, 25032.50, 25037.00, 24996.00, 24999.75, 131, 90, 79, 52
2026/3/2, 04:15:00, 25016.50, 25033.25, 24950.00, 24965.75, 175, 113, 131, 44
2026/3/2, 05:15:00, 24974.75, 24975.00, 24889.00, 24912.00, 592, 230, 387, 205
2026/3/2, 06:15:00, 24907.25, 24910.00, 24747.50, 24756.00, 889, 415, 463, 426
2026/3/2, 07:15:00, 24760.00, 24801.50, 24700.00, 24749.00, 655, 259, 399, 256
2026/3/2, 08:15:00, 24734.25, 24854.00, 24690.75, 24838.75, 403, 239, 108, 295
2026/3/2, 09:15:00, 24837.75, 24899.00, 24830.25, 24861.00, 222, 148, 114, 108
2026/3/2, 10:15:00, 24852.50, 24900.00, 24852.00, 24859.50, 100, 77, 56, 44
2026/3/2, 11:15:00, 24862.75, 24940.00, 24854.50, 24864.00, 165, 121, 54, 111
2026/3/2, 12:15:00, 24865.50, 24875.50, 24830.00, 24866.00, 116, 96, 58, 58
2026/3/2, 13:15:00, 24869.00, 24954.50, 24869.00, 24923.75, 121, 95, 34, 87
2026/3/2, 13:30:00, 24904.25, 24927.75, 24812.75, 24859.25, 628, 225, 374, 254
2026/3/2, 14:30:00, 24864.75, 25164.00, 24825.00, 25091.25, 1805, 1201, 776, 1029
2026/3/2, 15:30:00, 25100.00, 25205.00, 25064.00, 25084.00, 898, 602, 373, 525
2026/3/2, 16:30:00, 25091.25, 25294.00, 25080.25, 25271.25, 800, 498, 288, 512
2026/3/2, 17:30:00, 25262.50, 25293.50, 25235.75, 25257.75, 269, 176, 174, 95
2026/3/2, 18:30:00, 25239.00, 25307.00, 25190.00, 25299.25, 594, 319, 274, 320
2026/3/2, 19:30:00, 25309.75, 25319.50, 25176.25, 25185.25, 484, 272, 300, 184
2026/3/2, 20:15:00, 25180.00, 25275.00, 25168.00, 25207.75, 543, 304, 261, 282
2026/3/2, 21:15:00, 25208.25, 25230.25, 25200.00, 25224.75, 61, 41, 40, 21
2026/3/2, 22:15:00, 25190.00, 25215.50, 25188.25, 25188.25, 27, 21, 12, 15
2026/3/2, 23:15:00, 25187.25, 25200.00, 25160.00, 25160.00, 165, 99, 106, 59
2026/3/3, 00:15:00, 25176.50, 25176.50, 25125.00, 25165.25, 159, 101, 87, 72
2026/3/3, 01:15:00, 25159.25, 25175.00, 25056.00, 25070.00, 190, 133, 117, 73
2026/3/3, 02:15:00, 25070.00, 25100.00, 25028.75, 25059.00, 139, 109, 88, 51
2026/3/3, 03:15:00, 25071.00, 25096.00, 25025.00, 25063.75, 156, 112, 87, 69
2026/3/3, 04:15:00, 25054.00, 25066.25, 25011.75, 25025.00, 105, 86, 63, 42
2026/3/3, 05:15:00, 25035.00, 25038.25, 24965.00, 24974.75, 462, 152, 403, 59
2026/3/3, 06:15:00, 24972.25, 25013.50, 24940.00, 24954.75, 240, 137, 99, 141
2026/3/3, 07:15:00, 24953.50, 24971.00, 24850.25, 24850.25, 342, 224, 203, 139
2026/3/3, 08:15:00, 24850.00, 24874.50, 24725.00, 24775.75, 704, 450, 446, 258
2026/3/3, 09:15:00, 24759.00, 24774.25, 24637.00, 24664.50, 599, 425, 349, 250
2026/3/3, 10:15:00, 24664.00, 24698.00, 24609.00, 24640.75, 583, 295, 264, 319
2026/3/3, 11:15:00, 24655.50, 24786.75, 24583.25, 24766.25, 754, 360, 307, 447
2026/3/3, 12:15:00, 24773.75, 24820.00, 24743.50, 24764.75, 373, 267, 172, 201
2026/3/3, 13:15:00, 24754.50, 24782.25, 24729.50, 24740.75, 92, 52, 41, 51
2026/3/3, 13:30:00, 24742.50, 24757.75, 24658.50, 24750.00, 739, 365, 376, 363
2026/3/3, 14:30:00, 24752.00, 24874.00, 24563.00, 24574.25, 2154, 1280, 1227, 927
2026/3/3, 15:30:00, 24575.00, 24855.00, 24575.00, 24835.25, 1496, 924, 555, 941
2026/3/3, 16:30:00, 24824.00, 24938.00, 24778.50, 24925.00, 998, 664, 419, 579
2026/3/3, 17:30:00, 24909.00, 24985.00, 24819.25, 24960.25, 711, 456, 216, 495
2026/3/3, 18:30:00, 24956.25, 25046.00, 24940.00, 24970.00, 640, 397, 295, 345
2026/3/3, 19:30:00, 24977.75, 25070.50, 24923.00, 24999.50, 1049, 458, 532, 517
2026/3/3, 20:15:00, 24990.00, 25021.00, 24934.00, 24950.00, 546, 316, 311, 235
2026/3/3, 21:15:00, 24951.00, 24959.75, 24902.50, 24927.50, 176, 70, 120, 56
2026/3/3, 22:15:00, 24913.25, 24984.50, 24884.00, 24961.75, 144, 73, 53, 91
2026/3/3, 23:15:00, 24962.00, 24971.00, 24895.75, 24953.50, 250, 129, 112, 138
2026/3/4, 00:15:00, 24945.00, 25016.00, 24904.00, 24926.50, 481, 266, 193, 288
2026/3/4, 01:15:00, 24916.00, 24933.00, 24845.00, 24859.00, 369, 229, 243, 126
2026/3/4, 02:15:00, 24853.25, 24876.25, 24800.00, 24800.00, 336, 196, 213, 123
2026/3/4, 03:15:00, 24800.00, 24852.00, 24736.50, 24830.00, 462, 253, 292, 170
2026/3/4, 04:15:00, 24846.00, 24850.00, 24776.00, 24776.00, 173, 141, 85, 88
2026/3/4, 05:15:00, 24796.00, 24830.00, 24734.00, 24741.75, 177, 121, 110, 67
2026/3/4, 06:15:00, 24730.00, 24800.00, 24716.25, 24762.50, 167, 127, 53, 114
2026/3/4, 07:15:00, 24766.25, 24895.00, 24759.00, 24870.00, 282, 177, 101, 181
2026/3/4, 08:15:00, 24860.00, 24921.00, 24830.00, 24909.00, 264, 177, 134, 130
2026/3/4, 09:15:00, 24901.00, 25071.00, 24901.00, 25066.50, 598, 344, 243, 355
2026/3/4, 10:15:00, 25071.00, 25089.75, 25008.75, 25084.00, 373, 201, 185, 188
2026/3/4, 11:15:00, 25070.00, 25105.25, 25017.00, 25041.50, 470, 254, 268, 202
2026/3/4, 12:15:00, 25015.50, 25137.25, 24941.25, 25135.50, 493, 296, 220, 273
2026/3/4, 13:15:00, 25128.00, 25141.00, 25080.00, 25099.50, 109, 72, 46, 63
2026/3/4, 13:30:00, 25095.50, 25136.00, 25065.00, 25073.25, 325, 230, 148, 177
2026/3/4, 14:30:00, 25071.00, 25357.75, 25040.75, 25357.75, 2277, 1517, 928, 1349
2026/3/4, 15:30:00, 25363.00, 25375.00, 25255.50, 25322.00, 1024, 743, 516, 508
2026/3/4, 16:30:00, 25322.25, 25392.50, 25320.00, 25351.25, 439, 331, 203, 236
2026/3/4, 17:30:00, 25350.00, 25401.75, 25325.00, 25391.75, 410, 283, 150, 260
2026/3/4, 18:30:00, 25392.25, 25435.00, 25392.25, 25415.00, 431, 266, 217, 214
2026/3/4, 19:30:00, 25416.25, 25427.25, 25364.25, 25367.25, 230, 124, 131, 99
2026/3/4, 20:15:00, 25370.00, 25385.00, 25311.00, 25363.50, 592, 303, 320, 272
2026/3/4, 21:15:00, 25358.25, 25380.00, 25338.75, 25360.00, 53, 44, 22, 31
2026/3/4, 22:15:00, 25360.00, 25395.75, 25360.00, 25393.25, 40, 30, 17, 23
2026/3/4, 23:15:00, 25388.25, 25421.00, 25366.00, 25418.50, 235, 117, 112, 123
2026/3/5, 00:15:00, 25430.00, 25463.25, 25406.25, 25415.00, 276, 160, 109, 167
2026/3/5, 01:15:00, 25415.00, 25415.00, 25263.50, 25314.25, 658, 300, 430, 228
2026/3/5, 02:15:00, 25299.75, 25339.25, 25270.00, 25295.00, 203, 139, 112, 91
2026/3/5, 03:15:00, 25300.25, 25300.50, 25244.75, 25296.00, 351, 183, 225, 126
2026/3/5, 04:15:00, 25294.00, 25321.75, 25284.50, 25315.00, 80, 53, 28, 52
2026/3/5, 05:15:00, 25293.75, 25307.00, 25202.00, 25219.50, 328, 142, 203, 125
2026/3/5, 06:15:00, 25201.50, 25313.50, 25200.00, 25297.25, 394, 162, 170, 224
2026/3/5, 07:15:00, 25290.50, 25310.00, 25210.00, 25222.00, 145, 92, 75, 70
2026/3/5, 08:15:00, 25213.25, 25425.00, 25192.50, 25405.00, 473, 280, 147, 326
2026/3/5, 09:15:00, 25406.75, 25412.75, 25304.25, 25346.75, 319, 175, 149, 170
2026/3/5, 10:15:00, 25342.25, 25362.75, 25307.50, 25358.00, 174, 90, 111, 63
2026/3/5, 11:15:00, 25358.00, 25366.00, 25298.00, 25309.00, 146, 73, 65, 81
2026/3/5, 12:15:00, 25316.75, 25370.25, 25246.25, 25257.50, 256, 183, 173, 83
2026/3/5, 13:15:00, 25258.25, 25278.75, 25243.00, 25274.50, 39, 31, 30, 9
2026/3/5, 13:30:00, 25266.25, 25280.00, 25180.00, 25210.75, 510, 289, 257, 253
2026/3/5, 14:30:00, 25209.25, 25425.00, 25208.75, 25221.00, 1856, 1256, 919, 937
2026/3/5, 15:30:00, 25230.00, 25312.75, 25149.00, 25193.00, 1503, 872, 827, 676
2026/3/5, 16:30:00, 25185.75, 25336.25, 25140.25, 25140.25, 684, 456, 396, 288
2026/3/5, 17:30:00, 25150.00, 25153.00, 24996.25, 25017.75, 1188, 772, 664, 524
2026/3/5, 18:30:00, 25011.50, 25096.00, 24993.00, 25050.50, 487, 351, 190, 297
2026/3/5, 19:30:00, 25036.00, 25150.50, 25008.00, 25134.25, 608, 363, 276, 332
2026/3/5, 20:15:00, 25140.00, 25274.50, 25121.25, 25250.00, 808, 506, 387, 421
2026/3/5, 21:15:00, 25251.25, 25263.75, 25219.00, 25227.25, 83, 48, 44, 39
2026/3/5, 22:15:00, 25242.00, 25264.25, 25229.75, 25254.00, 59, 41, 13, 46
2026/3/5, 23:15:00, 25250.00, 25314.50, 25245.25, 25308.50, 240, 116, 87, 153
2026/3/6, 00:15:00, 25299.25, 25310.00, 25284.75, 25293.25, 117, 75, 43, 74
2026/3/6, 01:15:00, 25308.00, 25320.00, 25256.50, 25320.00, 162, 98, 60, 102
2026/3/6, 02:15:00, 25322.00, 25334.50, 25290.00, 25307.50, 176, 104, 89, 87
2026/3/6, 03:15:00, 25301.00, 25333.50, 25296.00, 25330.00, 124, 59, 61, 63
2026/3/6, 04:15:00, 25328.50, 25355.25, 25312.75, 25347.00, 133, 85, 37, 96
2026/3/6, 05:15:00, 25345.00, 25359.75, 25330.00, 25351.00, 50, 43, 21, 29
2026/3/6, 06:15:00, 25336.25, 25340.50, 25315.00, 25315.75, 77, 39, 49, 28
2026/3/6, 07:15:00, 25317.00, 25359.75, 25308.50, 25312.75, 80, 50, 36, 44
2026/3/6, 08:15:00, 25309.00, 25330.00, 25228.50, 25240.00, 245, 156, 179, 66
2026/3/6, 09:15:00, 25240.00, 25243.25, 25100.00, 25165.00, 514, 333, 290, 224
2026/3/6, 10:15:00, 25163.75, 25194.00, 25105.00, 25158.25, 320, 211, 135, 185
2026/3/6, 11:15:00, 25152.50, 25178.75, 25055.00, 25091.50, 621, 349, 418, 203
2026/3/6, 12:15:00, 25092.00, 25097.75, 25023.00, 25067.75, 429, 267, 239, 190
2026/3/6, 13:15:00, 25060.00, 25095.25, 25051.25, 25060.25, 44, 38, 22, 22
2026/3/6, 13:30:00, 25100.00, 25117.00, 24825.00, 24894.75, 1706, 1102, 986, 720
2026/3/6, 14:30:00, 24900.00, 25042.00, 24826.00, 25030.00, 2465, 1474, 1145, 1320
2026/3/6, 15:30:00, 25038.00, 25114.00, 24967.50, 25056.00, 1163, 796, 556, 607
2026/3/6, 16:30:00, 25063.25, 25133.75, 25007.00, 25033.00, 659, 465, 289, 370
2026/3/6, 17:30:00, 25028.75, 25111.00, 24957.00, 25035.25, 585, 433, 264, 321
2026/3/6, 18:30:00, 25043.25, 25073.00, 24999.25, 25034.75, 317, 239, 168, 149
2026/3/6, 19:30:00, 25029.75, 25067.50, 24940.00, 24959.00, 541, 301, 276, 265
2026/3/6, 20:15:00, 24962.25, 24985.25, 24819.25, 24869.25, 969, 625, 615, 354
2026/3/6, 21:15:00, 24869.25, 24895.00, 24844.75, 24875.00, 131, 87, 45, 86
2026/3/8, 21:15:00, 24770.75, 24770.75, 24434.75, 24447.00, 905, 509, 597, 308
2026/3/8, 22:15:00, 24440.00, 24531.00, 24437.50, 24488.00, 748, 420, 361, 387
2026/3/8, 23:15:00, 24489.50, 24504.25, 24377.00, 24412.00, 800, 526, 444, 356
2026/3/9, 00:15:00, 24416.00, 24421.00, 24269.75, 24290.25, 1088, 666, 643, 445
2026/3/9, 01:15:00, 24294.75, 24320.00, 24208.75, 24226.50, 885, 519, 500, 385
2026/3/9, 02:15:00, 24226.50, 24320.00, 24200.00, 24310.25, 517, 286, 252, 265
2026/3/9, 03:15:00, 24316.75, 24341.75, 24285.75, 24335.00, 260, 174, 138, 122
2026/3/9, 04:15:00, 24317.00, 24358.75, 24300.00, 24347.00, 159, 99, 57, 102
2026/3/9, 05:15:00, 24352.25, 24513.25, 24322.00, 24504.00, 906, 519, 314, 592
2026/3/9, 06:15:00, 24496.75, 24525.00, 24417.25, 24485.00, 384, 211, 255, 129
2026/3/9, 07:15:00, 24473.00, 24520.50, 24462.75, 24473.50, 233, 154, 81, 152
2026/3/9, 08:15:00, 24460.00, 24555.00, 24442.50, 24555.00, 373, 204, 141, 232
2026/3/9, 09:15:00, 24555.75, 24702.00, 24555.75, 24584.50, 817, 419, 305, 512
2026/3/9, 10:15:00, 24587.25, 24625.00, 24555.25, 24590.00, 259, 166, 137, 122
2026/3/9, 11:15:00, 24576.25, 24646.00, 24559.00, 24646.00, 197, 145, 66, 131
2026/3/9, 12:15:00, 24649.25, 24666.75, 24563.00, 24650.00, 326, 229, 161, 165
2026/3/9, 13:15:00, 24641.25, 24653.75, 24599.75, 24628.00, 130, 73, 92, 38
2026/3/9, 13:30:00, 24636.25, 24728.75, 24523.75, 24610.00, 2178, 1243, 1049, 1129
2026/3/9, 14:30:00, 24608.50, 24861.25, 24608.50, 24853.75, 1670, 1091, 782, 888
2026/3/9, 15:30:00, 24850.00, 24937.25, 24805.00, 24900.00, 1456, 888, 581, 875
2026/3/9, 16:30:00, 24903.25, 24960.50, 24818.25, 24826.00, 873, 591, 490, 383
2026/3/9, 17:30:00, 24827.00, 24890.00, 24788.00, 24861.25, 530, 370, 305, 225
2026/3/9, 18:30:00, 24871.00, 25171.50, 24854.00, 25171.50, 1802, 1106, 612, 1190
2026/3/9, 19:30:00, 25171.50, 25273.00, 25112.75, 25180.25, 1581, 1114, 696, 885
2026/3/9, 20:15:00, 25177.00, 25193.25, 25127.50, 25176.75, 244, 159, 127, 117
2026/3/9, 21:15:00, 25201.25, 25212.75, 25102.00, 25142.00, 218, 118, 110, 108
2026/3/9, 22:15:00, 25142.00, 25160.25, 25095.00, 25141.75, 322, 170, 173, 149
2026/3/9, 23:15:00, 25141.25, 25148.50, 25050.00, 25055.50, 308, 179, 199, 109
2026/3/10, 00:15:00, 25054.75, 25192.00, 25054.75, 25183.75, 427, 234, 123, 304
2026/3/10, 01:15:00, 25178.00, 25217.25, 25154.25, 25196.00, 282, 194, 121, 161
2026/3/10, 02:15:00, 25191.75, 25195.50, 25125.00, 25151.75, 129, 98, 77, 52
2026/3/10, 03:15:00, 25140.00, 25175.00, 25071.25, 25102.25, 247, 155, 158, 89
2026/3/10, 04:15:00, 25103.00, 25172.00, 25096.75, 25162.25, 88, 68, 32, 56
2026/3/10, 05:15:00, 25154.25, 25183.00, 25141.75, 25175.50, 105, 69, 33, 72
2026/3/10, 06:15:00, 25182.25, 25237.25, 25158.00, 25213.75, 194, 127, 35, 159
2026/3/10, 07:15:00, 25209.75, 25364.00, 25209.50, 25338.50, 458, 326, 122, 336
2026/3/10, 08:15:00, 25334.75, 25365.25, 25300.00, 25342.75, 308, 193, 164, 144
2026/3/10, 09:15:00, 25331.50, 25347.00, 25277.25, 25282.50, 191, 131, 110, 81
2026/3/10, 10:15:00, 25281.50, 25324.50, 25224.00, 25224.00, 357, 256, 209, 148
2026/3/10, 11:15:00, 25227.75, 25245.25, 25120.00, 25155.00, 510, 370, 334, 176
2026/3/10, 12:15:00, 25145.00, 25218.00, 25110.25, 25186.25, 385, 270, 188, 197
2026/3/10, 13:15:00, 25188.25, 25225.00, 25183.50, 25204.50, 88, 66, 48, 40
2026/3/10, 13:30:00, 25212.50, 25298.50, 25111.25, 25217.75, 1844, 1334, 922, 922
2026/3/10, 14:30:00, 25230.00, 25400.00, 25230.00, 25363.25, 1921, 1182, 789, 1132
2026/3/10, 15:30:00, 25360.50, 25386.00, 25297.50, 25348.25, 836, 491, 399, 437
2026/3/10, 16:30:00, 25350.25, 25435.50, 25336.75, 25430.00, 1085, 612, 449, 636
2026/3/10, 17:30:00, 25431.50, 25431.50, 25200.75, 25280.25, 1678, 908, 961, 717
2026/3/10, 18:30:00, 25288.00, 25322.00, 25202.50, 25216.50, 643, 438, 372, 271
2026/3/10, 19:30:00, 25200.75, 25255.00, 25156.25, 25255.00, 1146, 538, 615, 531
2026/3/10, 20:15:00, 25243.00, 25250.00, 25210.00, 25218.00, 165, 84, 95, 70
2026/3/10, 21:15:00, 25238.75, 25238.75, 25200.00, 25232.00, 93, 52, 47, 46
2026/3/10, 22:15:00, 25234.00, 25234.00, 25170.00, 25204.25, 241, 125, 109, 132
2026/3/10, 23:15:00, 25204.25, 25289.25, 25192.25, 25272.50, 243, 160, 93, 150
2026/3/11, 00:15:00, 25279.00, 25304.75, 25270.75, 25289.75, 229, 131, 114, 115
2026/3/11, 01:15:00, 25295.00, 25317.25, 25290.00, 25297.00, 182, 125, 62, 120
2026/3/11, 02:15:00, 25300.25, 25322.00, 25293.50, 25309.25, 179, 105, 77, 102
2026/3/11, 03:15:00, 25317.00, 25345.00, 25308.00, 25332.50, 157, 115, 59, 98
2026/3/11, 04:15:00, 25336.00, 25336.25, 25277.00, 25278.50, 150, 101, 97, 53
2026/3/11, 05:15:00, 25280.00, 25297.75, 25227.00, 25253.75, 175, 134, 81, 94
2026/3/11, 06:15:00, 25253.75, 25270.00, 25226.25, 25250.50, 238, 113, 76, 162
2026/3/11, 07:15:00, 25248.75, 25248.75, 25165.50, 25244.25, 524, 326, 334, 190
2026/3/11, 08:15:00, 25242.50, 25255.00, 25140.50, 25153.50, 405, 258, 269, 136
2026/3/11, 09:15:00, 25155.75, 25188.25, 25115.00, 25188.00, 487, 259, 266, 221
2026/3/11, 10:15:00, 25187.00, 25258.50, 25175.75, 25247.50, 289, 201, 110, 179
2026/3/11, 11:15:00, 25249.25, 25254.00, 25149.25, 25177.50, 514, 274, 226, 288
2026/3/11, 12:15:00, 25173.25, 25267.00, 25126.00, 25179.00, 758, 414, 361, 397
2026/3/11, 13:15:00, 25186.50, 25250.00, 25186.50, 25248.75, 160, 100, 55, 105
2026/3/11, 13:30:00, 25255.00, 25400.00, 25196.00, 25239.25, 2987, 1949, 1397, 1590
2026/3/11, 14:30:00, 25250.00, 25308.00, 25150.00, 25150.00, 1915, 1146, 1087, 828
2026/3/11, 15:30:00, 25157.50, 25177.00, 25101.00, 25167.50, 1303, 867, 687, 616
2026/3/11, 16:30:00, 25168.75, 25243.75, 25167.50, 25224.50, 885, 625, 402, 483
2026/3/11, 17:30:00, 25229.00, 25230.00, 25090.00, 25166.25, 1191, 745, 669, 522
2026/3/11, 18:30:00, 25172.00, 25195.00, 25131.75, 25147.75, 334, 241, 184, 150
2026/3/11, 19:30:00, 25157.75, 25223.00, 25150.75, 25182.50, 423, 299, 152, 271
2026/3/11, 20:15:00, 25187.25, 25188.25, 25159.00, 25159.00, 109, 76, 52, 57
2026/3/11, 21:15:00, 25157.50, 25166.25, 25108.25, 25122.50, 129, 98, 75, 54
2026/3/11, 22:15:00, 25122.75, 25125.25, 25007.00, 25040.75, 834, 574, 526, 308
2026/3/11, 23:15:00, 25050.00, 25062.00, 24945.25, 24972.00, 1145, 676, 646, 499
2026/3/12, 00:15:00, 24964.25, 25019.75, 24956.25, 25001.00, 342, 222, 184, 158
2026/3/12, 01:15:00, 25002.00, 25057.00, 24988.50, 24997.25, 350, 267, 166, 184
2026/3/12, 02:15:00, 24989.50, 24999.25, 24918.00, 24948.75, 693, 475, 384, 309
2026/3/12, 03:15:00, 24946.75, 24960.75, 24910.00, 24951.50, 361, 262, 208, 153
2026/3/12, 04:15:00, 24948.00, 24990.50, 24925.00, 24973.75, 271, 192, 100, 171
2026/3/12, 05:15:00, 24972.50, 24992.50, 24949.50, 24963.25, 261, 213, 148, 113
2026/3/12, 06:15:00, 24970.25, 25043.00, 24970.00, 25038.00, 525, 380, 232, 293
2026/3/12, 07:15:00, 25037.50, 25118.00, 25025.00, 25095.75, 516, 378, 194, 322
2026/3/12, 08:15:00, 25092.25, 25105.00, 25046.50, 25046.50, 208, 164, 124, 84
2026/3/12, 09:15:00, 25050.75, 25142.50, 25032.75, 25120.00, 416, 313, 155, 261
2026/3/12, 10:15:00, 25120.00, 25138.00, 25074.25, 25075.00, 267, 193, 126, 141
2026/3/12, 11:15:00, 25077.00, 25146.25, 25023.00, 25052.50, 615, 422, 326, 289
2026/3/12, 12:15:00, 25052.50, 25066.00, 25015.25, 25017.25, 408, 334, 223, 185
2026/3/12, 13:15:00, 25017.25, 25027.25, 24970.00, 24990.25, 314, 260, 195, 119
2026/3/12, 13:30:00, 24999.50, 25050.00, 24830.00, 24830.00, 3678, 2488, 1986, 1692
2026/3/12, 14:30:00, 24828.25, 24930.00, 24774.75, 24836.50, 2482, 1577, 1447, 1035
2026/3/12, 15:30:00, 24834.50, 24949.00, 24790.25, 24860.50, 2028, 1170, 998, 1030
2026/3/12, 16:30:00, 24860.25, 24937.00, 24840.00, 24866.50, 839, 562, 450, 389
2026/3/12, 17:30:00, 24871.00, 24907.25, 24798.50, 24851.50, 744, 422, 415, 329
2026/3/12, 18:30:00, 24853.50, 24860.75, 24784.00, 24825.00, 854, 460, 399, 455
2026/3/12, 19:30:00, 24840.00, 24853.00, 24730.00, 24745.00, 1125, 684, 650, 475
2026/3/12, 20:15:00, 24745.50, 24790.25, 24743.25, 24785.00, 330, 185, 148, 182
2026/3/12, 21:15:00, 24768.50, 24796.00, 24752.50, 24773.25, 237, 133, 127, 110
2026/3/12, 22:15:00, 24770.75, 24826.25, 24753.25, 24800.00, 407, 293, 166, 241
2026/3/12, 23:15:00, 24797.25, 24798.00, 24705.00, 24790.00, 491, 350, 313, 178
2026/3/13, 00:15:00, 24795.75, 24874.75, 24791.75, 24860.00, 556, 409, 233, 323
2026/3/13, 01:15:00, 24866.25, 24868.00, 24834.00, 24841.25, 227, 162, 134, 93
2026/3/13, 02:15:00, 24839.25, 24850.75, 24806.75, 24808.25, 257, 191, 168, 89
2026/3/13, 03:15:00, 24804.25, 24845.75, 24796.50, 24822.75, 243, 166, 92, 151
2026/3/13, 04:15:00, 24818.75, 24821.50, 24767.50, 24774.75, 283, 176, 166, 117
2026/3/13, 05:15:00, 24774.25, 24812.00, 24770.00, 24790.75, 211, 121, 101, 110
2026/3/13, 06:15:00, 24788.00, 24788.75, 24636.75, 24644.75, 922, 604, 673, 249
2026/3/13, 07:15:00, 24640.00, 24688.25, 24611.00, 24618.25, 1106, 709, 499, 607
2026/3/13, 08:15:00, 24620.00, 24786.25, 24614.25, 24740.75, 1102, 863, 467, 635
2026/3/13, 09:15:00, 24737.25, 24804.00, 24723.25, 24801.50, 623, 470, 290, 333
2026/3/13, 10:15:00, 24801.75, 24855.00, 24780.75, 24824.25, 727, 581, 301, 426
2026/3/13, 11:15:00, 24826.00, 24886.25, 24826.00, 24862.00, 839, 574, 469, 370
2026/3/13, 12:15:00, 24861.75, 24944.75, 24840.50, 24877.50, 1303, 999, 576, 727
2026/3/13, 13:15:00, 24881.50, 24894.25, 24850.00, 24850.00, 194, 140, 78, 116
2026/3/13, 13:30:00, 24850.00, 25018.00, 24822.00, 24886.75, 5102, 3352, 2495, 2607
2026/3/13, 14:30:00, 24884.00, 24941.25, 24671.00, 24677.25, 4551, 2779, 2578, 1973
2026/3/13, 15:30:00, 24677.75, 24707.50, 24602.50, 24654.25, 2982, 1768, 1562, 1420
2026/3/13, 16:30:00, 24658.75, 24698.75, 24596.00, 24659.00, 1867, 1076, 1141, 726
2026/3/13, 17:30:00, 24664.75, 24664.75, 24563.75, 24621.25, 1569, 796, 933, 636
2026/3/13, 18:30:00, 24614.00, 24680.75, 24576.00, 24589.25, 1772, 950, 928, 844
2026/3/13, 19:30:00, 24586.50, 24615.00, 24562.25, 24574.50, 1420, 789, 690, 730
2026/3/13, 20:15:00, 24572.50, 24594.00, 24544.00, 24549.50, 561, 303, 322, 239
2026/3/15, 21:15:00, 24493.50, 24614.00, 24490.00, 24520.50, 5036, 3695, 2648, 2388
2026/3/15, 22:15:00, 24523.75, 24708.50, 24507.25, 24659.50, 24862, 22277, 12048, 12814
2026/3/15, 23:15:00, 24659.25, 24730.75, 24617.00, 24718.50, 21038, 19679, 10325, 10713
2026/3/16, 00:15:00, 24719.25, 24738.50, 24695.50, 24710.00, 14983, 13706, 7697, 7286
2026/3/16, 01:15:00, 24710.50, 24735.25, 24677.75, 24711.75, 14911, 14114, 7466, 7445
2026/3/16, 02:15:00, 24712.00, 24717.75, 24684.75, 24706.25, 8772, 8343, 4359, 4413
2026/3/16, 03:15:00, 24707.00, 24753.25, 24704.75, 24745.50, 7516, 6946, 3610, 3906
2026/3/16, 04:15:00, 24746.75, 24763.00, 24718.00, 24736.75, 6891, 6445, 3584, 3307
2026/3/16, 05:15:00, 24736.75, 24779.50, 24721.75, 24768.25, 7819, 7398, 3871, 3948
2026/3/16, 06:15:00, 24769.00, 24798.00, 24749.50, 24758.25, 10231, 9678, 5134, 5097
2026/3/16, 07:15:00, 24757.50, 24782.75, 24715.75, 24743.75, 16355, 15521, 8479, 7876
2026/3/16, 08:15:00, 24742.00, 24762.50, 24696.75, 24736.50, 17166, 16358, 8710, 8456
2026/3/16, 09:15:00, 24736.50, 24746.00, 24690.00, 24740.25, 14181, 13521, 6981, 7200
2026/3/16, 10:15:00, 24740.25, 24827.75, 24736.00, 24804.00, 19356, 18006, 9437, 9919
2026/3/16, 11:15:00, 24804.00, 24889.25, 24788.50, 24883.75, 21026, 19338, 10244, 10782
2026/3/16, 12:15:00, 24883.75, 24902.75, 24860.50, 24871.25, 31505, 29065, 15827, 15678
2026/3/16, 13:15:00, 24872.00, 24884.50, 24862.00, 24868.75, 9122, 8223, 4566, 4556
2026/3/16, 13:30:00, 24868.50, 24980.00, 24836.25, 24932.50, 174245, 158753, 87099, 87146
2026/3/16, 14:30:00, 24933.00, 24951.50, 24834.00, 24932.00, 135467, 123602, 68100, 67367
2026/3/16, 15:30:00, 24931.25, 24954.50, 24835.00, 24847.25, 93562, 85107, 48178, 45384
2026/3/16, 16:30:00, 24847.50, 24939.75, 24832.00, 24911.50, 88963, 79897, 44324, 44639
2026/3/16, 17:30:00, 24912.25, 24942.50, 24867.50, 24934.75, 64550, 58189, 32236, 32314
2026/3/16, 18:30:00, 24934.25, 25032.75, 24874.00, 24899.00, 100398, 89686, 50366, 50032
2026/3/16, 19:30:00, 24899.25, 24908.00, 24851.75, 24896.75, 61731, 55475, 31059, 30672
2026/3/16, 20:15:00, 24896.75, 24897.25, 24860.75, 24873.25, 10024, 8594, 5166, 4858
2026/3/16, 21:15:00, 24876.00, 24879.50, 24843.25, 24856.50, 5234, 4451, 2718, 2516
2026/3/16, 22:15:00, 24855.50, 24877.00, 24834.00, 24847.25, 16382, 14145, 8326, 8056
2026/3/16, 23:15:00, 24848.00, 24882.50, 24837.25, 24857.50, 18326, 16213, 8970, 9356
2026/3/17, 00:15:00, 24856.50, 24862.75, 24804.75, 24829.75, 27222, 23796, 13816, 13406
2026/3/17, 01:15:00, 24830.25, 24848.25, 24810.00, 24824.25, 18941, 16643, 9372, 9569
2026/3/17, 02:15:00, 24825.00, 24832.50, 24785.00, 24796.25, 16361, 14321, 8459, 7902
2026/3/17, 03:15:00, 24796.50, 24812.00, 24780.50, 24801.75, 12196, 10697, 5932, 6264
2026/3/17, 04:15:00, 24801.25, 24851.00, 24798.75, 24848.00, 13579, 11688, 6125, 7454
2026/3/17, 05:15:00, 24848.25, 24853.00, 24729.00, 24742.75, 22771, 19974, 12039, 10732
2026/3/17, 06:15:00, 24742.50, 24774.50, 24737.00, 24762.50, 19899, 17928, 9723, 10176
2026/3/17, 07:15:00, 24761.50, 24816.25, 24757.75, 24766.75, 28568, 25271, 14043, 14525
2026/3/17, 08:15:00, 24766.00, 24799.00, 24739.75, 24788.50, 27040, 24346, 13467, 13573
2026/3/17, 09:15:00, 24789.00, 24850.50, 24778.50, 24823.00, 23321, 20457, 11384, 11937
2026/3/17, 10:15:00, 24822.75, 24849.50, 24793.50, 24822.75, 19869, 17676, 10150, 9719
2026/3/17, 11:15:00, 24823.25, 24896.25, 24812.50, 24888.50, 32643, 28548, 15489, 17154
2026/3/17, 12:15:00, 24888.75, 24975.50, 24881.50, 24974.50, 51864, 44858, 24922, 26942
2026/3/17, 13:15:00, 24974.25, 25026.00, 24966.50, 25000.50, 24862, 21326, 12084, 12778
2026/3/17, 13:30:00, 25000.75, 25114.50, 24964.25, 25062.50, 272381, 242299, 135262, 137119
2026/3/17, 14:30:00, 25062.75, 25092.00, 25008.75, 25009.75, 183349, 162929, 93841, 89508
2026/3/17, 15:30:00, 25009.50, 25032.25, 24946.00, 25012.00, 170956, 151430, 85180, 85776
2026/3/17, 16:30:00, 25012.00, 25037.25, 24988.50, 25016.50, 92778, 81298, 46817, 45961
2026/3/17, 17:30:00, 25016.50, 25058.25, 24994.25, 25001.25, 91481, 78402, 46445, 45036
2026/3/17, 18:30:00, 25001.25, 25025.75, 24981.50, 25006.75, 77413, 65904, 38715, 38698
2026/3/17, 19:30:00, 25006.50, 25029.50, 24994.50, 25027.75, 57282, 47601, 27899, 29383
2026/3/17, 20:15:00, 25027.75, 25030.50, 25019.75, 25027.00, 9524, 7686, 5004, 4520
2026/3/17, 21:15:00, 25026.00, 25027.00, 25005.25, 25016.75, 4544, 3597, 2422, 2122
2026/3/17, 22:15:00, 25016.75, 25017.00, 24990.00, 25007.25, 15802, 13901, 7956, 7846
2026/3/17, 23:15:00, 25007.00, 25052.75, 24997.50, 25051.00, 20099, 17114, 9231, 10868
2026/3/18, 00:15:00, 25051.75, 25099.00, 25035.75, 25089.75, 25171, 21557, 12264, 12907
2026/3/18, 01:15:00, 25091.00, 25111.25, 25080.50, 25107.00, 18672, 15956, 9121, 9551
2026/3/18, 02:15:00, 25106.75, 25131.25, 25101.50, 25122.25, 19394, 16169, 9363, 10031
2026/3/18, 03:15:00, 25122.75, 25148.00, 25116.50, 25143.50, 14072, 11880, 6653, 7419
2026/3/18, 04:15:00, 25143.75, 25153.50, 25130.50, 25151.00, 12495, 10164, 6363, 6132
2026/3/18, 05:15:00, 25150.50, 25185.50, 25148.50, 25176.25, 13773, 11400, 6565, 7208
2026/3/18, 06:15:00, 25175.75, 25210.75, 25171.25, 25179.75, 21528, 18344, 10670, 10858
2026/3/18, 07:15:00, 25179.75, 25187.75, 25157.50, 25179.25, 18142, 15763, 9315, 8827
2026/3/18, 08:15:00, 25178.75, 25184.50, 25153.50, 25159.00, 17240, 15300, 8854, 8386
2026/3/18, 09:15:00, 25159.50, 25191.25, 25158.00, 25183.50, 16732, 13983, 8111, 8621
2026/3/18, 10:15:00, 25183.25, 25197.75, 25146.75, 25166.50, 19924, 16789, 10131, 9793
2026/3/18, 11:15:00, 25165.50, 25177.25, 25030.00, 25047.75, 61709, 51342, 31932, 29777
2026/3/18, 12:15:00, 25048.00, 25050.75, 24863.00, 24899.25, 142304, 121064, 72568, 69736
2026/3/18, 13:15:00, 24899.25, 24936.25, 24877.25, 24929.00, 28641, 24565, 13871, 14770
2026/3/18, 13:30:00, 24929.00, 24999.00, 24811.25, 24821.75, 308975, 273901, 157233, 151742
2026/3/18, 14:30:00, 24822.00, 24931.75, 24817.25, 24887.75, 197695, 172850, 96501, 101194
2026/3/18, 15:30:00, 24886.75, 24917.00, 24865.50, 24887.25, 117504, 103637, 59262, 58242
2026/3/18, 16:30:00, 24887.25, 24895.00, 24795.50, 24831.25, 104489, 90713, 53336, 51153
2026/3/18, 17:30:00, 24831.50, 24916.75, 24811.50, 24856.00, 116104, 103159, 57415, 58689
2026/3/18, 18:30:00, 24855.75, 24864.00, 24709.50, 24721.50, 181915, 163054, 92108, 89807
2026/3/18, 19:30:00, 24721.00, 24742.75, 24616.25, 24623.50, 109962, 96317, 56833, 53129
2026/3/18, 20:15:00, 24624.00, 24630.25, 24564.00, 24606.25, 34269, 29383, 17487, 16782
2026/3/18, 21:15:00, 24615.00, 24627.75, 24589.25, 24592.50, 9331, 7785, 4639, 4692
2026/3/18, 22:15:00, 24593.25, 24618.50, 24560.50, 24609.25, 27692, 23680, 13405, 14287
2026/3/18, 23:15:00, 24609.00, 24644.25, 24590.25, 24628.75, 40711, 35136, 20118, 20593
2026/3/19, 00:15:00, 24628.50, 24634.50, 24586.75, 24619.25, 32448, 28011, 16287, 16161
2026/3/19, 01:15:00, 24619.50, 24686.50, 24600.75, 24679.00, 43095, 36802, 20764, 22331
2026/3/19, 02:15:00, 24678.25, 24725.25, 24672.25, 24710.00, 32509, 27764, 15983, 16526
2026/3/19, 03:15:00, 24710.50, 24712.75, 24668.25, 24670.25, 16087, 13605, 8542, 7545
