Date, Time, Open, High, Low, Last, Volume, NumberOfTrades, BidVolume, AskVolume
2026/2/17, 20:15:00, 25178.75, 25203.00, 25178.75, 25203.00, 2, 2, 1, 1
2026/2/18, 07:15:00, 25234.50, 25258.00, 25234.50, 25258.00, 2, 2, 1, 1
2026/2/18, 13:30:00, 25265.00, 25265.00, 25265.00, 25265.00, 1, 1, 1, 0
2026/2/18, 14:30:00, 25280.00, 25492.00, 25277.50, 25492.00, 68, 36, 6, 62
2026/2/18, 15:30:00, 25509.25, 25550.50, 25502.50, 25530.00, 16, 11, 4, 12
2026/2/18, 16:30:00, 25508.00, 25555.00, 25508.00, 25518.00, 5, 5, 1, 4
2026/2/18, 17:30:00, 25527.00, 25527.00, 25513.00, 25513.00, 3, 2, 3, 0
2026/2/18, 19:30:00, 25400.00, 25400.00, 25335.25, 25335.25, 36, 18, 35, 1
2026/2/18, 20:15:00, 25323.00, 25421.50, 25323.00, 25377.00, 26, 10, 20, 6
2026/2/19, 01:15:00, 25395.00, 25395.00, 25395.00, 25395.00, 1, 1, 1, 0
2026/2/19, 03:15:00, 25425.50, 25425.50, 25425.50, 25425.50, 2, 2, 1, 1
2026/2/19, 08:15:00, 25428.25, 25428.25, 25425.75, 25425.75, 3, 3, 3, 0
2026/2/19, 09:15:00, 25350.00, 25350.00, 25279.50, 25279.50, 10, 2, 10, 0
2026/2/19, 10:15:00, 25273.75, 25278.75, 25273.75, 25278.75, 5, 2, 5, 0
2026/2/19, 11:15:00, 25304.50, 25304.50, 25304.50, 25304.50, 1, 1, 1, 0
2026/2/19, 12:15:00, 25298.25, 25298.25, 25298.25, 25298.25, 1, 1, 1, 0
2026/2/19, 14:15:00, 25269.75, 25369.00, 25250.50, 25369.00, 27, 7, 26, 1
2026/2/19, 16:15:00, 25373.25, 25375.50, 25373.25, 25375.50, 2, 2, 0, 2
2026/2/19, 17:15:00, 25203.75, 25203.75, 25203.75, 25203.75, 1, 1, 1, 0
2026/2/19, 19:15:00, 25225.00, 25225.00, 25225.00, 25225.00, 1, 1, 1, 0
2026/2/19, 20:15:00, 25293.50, 25293.50, 25293.50, 25293.50, 20, 3, 0, 20
2026/2/19, 21:15:00, 25278.50, 25278.50, 25278.50, 25278.50, 1, 1, 1, 0
2026/2/20, 02:15:00, 25340.00, 25340.00, 25340.00, 25340.00, 1, 1, 1, 0
2026/2/20, 04:15:00, 25326.75, 25326.75, 25326.75, 25326.75, 1, 1, 1, 0
2026/2/20, 06:15:00, 25386.75, 25386.75, 25386.75, 25386.75, 1, 1, 1, 0
2026/2/20, 09:15:00, 25400.00, 25400.00, 25400.00, 25400.00, 9, 1, 0, 9
2026/2/20, 10:15:00, 25327.50, 25327.50, 25327.50, 25327.50, 1, 1, 1, 0
2026/2/20, 13:15:00, 25303.75, 25303.75, 25303.75, 25303.75, 1, 1, 0, 1
2026/2/20, 13:30:00, 25204.00, 25210.75, 25144.25, 25144.25, 17, 16, 13, 4
2026/2/20, 14:30:00, 25152.75, 25450.00, 25152.75, 25325.00, 60, 35, 27, 33
2026/2/20, 15:30:00, 25510.00, 25568.00, 25425.00, 25425.00, 16, 13, 9, 7
2026/2/20, 16:30:00, 25555.00, 25555.00, 25331.25, 25331.25, 12, 4, 7, 5
2026/2/20, 17:30:00, 25363.00, 25455.00, 25363.00, 25455.00, 8, 5, 2, 6
2026/2/20, 18:30:00, 25560.00, 25560.00, 25499.00, 25499.00, 3, 3, 1, 2
2026/2/20, 19:30:00, 25483.50, 25500.00, 25483.50, 25500.00, 14, 14, 2, 12
2026/2/20, 20:15:00, 25498.00, 25504.50, 25485.00, 25504.50, 29, 18, 11, 18
2026/2/22, 23:15:00, 25430.50, 25430.50, 25424.50, 25424.50, 2, 2, 2, 0
2026/2/23, 00:15:00, 25350.00, 25350.00, 25311.25, 25311.25, 8, 3, 8, 0
2026/2/23, 01:15:00, 25311.25, 25311.25, 25311.25, 25311.25, 1, 1, 1, 0
2026/2/23, 02:15:00, 25265.50, 25265.50, 25265.50, 25265.50, 1, 1, 1, 0
2026/2/23, 03:15:00, 25265.50, 25265.50, 25265.50, 25265.50, 1, 1, 1, 0
2026/2/23, 08:15:00, 25333.00, 25333.00, 25333.00, 25333.00, 2, 2, 1, 1
2026/2/23, 13:30:00, 25392.00, 25402.75, 25373.25, 25402.75, 9, 3, 2, 7
2026/2/23, 14:30:00, 25460.00, 25460.25, 25278.50, 25307.75, 26, 17, 20, 6
2026/2/23, 15:30:00, 25300.00, 25300.00, 25123.00, 25205.50, 26, 25, 18, 8
2026/2/23, 16:30:00, 25214.25, 25214.25, 25188.75, 25190.00, 5, 5, 2, 3
2026/2/23, 17:30:00, 25150.75, 25150.75, 25150.75, 25150.75, 1, 1, 1, 0
2026/2/23, 18:30:00, 25156.25, 25156.25, 25156.25, 25156.25, 1, 1, 1, 0
2026/2/23, 19:30:00, 25135.25, 25139.75, 25134.00, 25134.00, 3, 3, 3, 0
2026/2/23, 20:15:00, 25155.00, 25217.00, 25155.00, 25217.00, 5, 5, 4, 1
2026/2/23, 23:15:00, 25227.75, 25227.75, 25227.75, 25227.75, 1, 1, 0, 1
2026/2/24, 01:15:00, 25268.00, 25268.00, 25247.50, 25247.50, 3, 2, 1, 2
2026/2/24, 04:15:00, 25334.25, 25334.25, 25334.25, 25334.25, 2, 1, 0, 2
2026/2/24, 08:15:00, 25202.00, 25202.00, 25202.00, 25202.00, 1, 1, 1, 0
2026/2/24, 09:15:00, 25278.25, 25278.25, 25278.25, 25278.25, 1, 1, 1, 0
2026/2/24, 11:15:00, 25327.75, 25327.75, 25327.75, 25327.75, 2, 2, 0, 2
2026/2/24, 13:30:00, 25326.75, 25326.75, 25268.00, 25268.00, 5, 5, 3, 2
2026/2/24, 14:30:00, 25179.50, 25400.00, 25145.75, 25400.00, 36, 14, 3, 33
2026/2/24, 15:30:00, 25444.50, 25468.50, 25411.00, 25452.50, 12, 12, 7, 5
2026/2/24, 16:30:00, 25485.00, 25509.00, 25485.00, 25507.50, 13, 9, 8, 5
2026/2/24, 17:30:00, 25497.00, 25497.00, 25497.00, 25497.00, 4, 1, 4, 0
2026/2/24, 20:15:00, 25445.00, 25445.00, 25445.00, 25445.00, 1, 1, 1, 0
2026/2/25, 00:15:00, 25449.50, 25449.50, 25449.50, 25449.50, 1, 1, 1, 0
2026/2/25, 02:15:00, 25532.00, 25543.75, 25528.50, 25543.75, 4, 3, 4, 0
2026/2/25, 03:15:00, 25450.25, 25450.25, 25449.00, 25449.00, 2, 2, 2, 0
2026/2/25, 04:15:00, 25482.25, 25482.25, 25482.25, 25482.25, 1, 1, 1, 0
2026/2/25, 05:15:00, 25492.25, 25492.25, 25492.25, 25492.25, 2, 1, 0, 2
2026/2/25, 08:15:00, 25503.25, 25503.25, 25503.25, 25503.25, 1, 1, 0, 1
2026/2/25, 10:15:00, 25530.00, 25530.00, 25530.00, 25530.00, 1, 1, 0, 1
2026/2/25, 12:15:00, 25570.00, 25570.00, 25570.00, 25570.00, 1, 1, 0, 1
2026/2/25, 13:15:00, 25577.50, 25577.50, 25577.50, 25577.50, 1, 1, 1, 0
2026/2/25, 13:30:00, 25569.25, 25600.00, 25556.25, 25575.75, 24, 17, 18, 6
2026/2/25, 14:30:00, 25645.00, 25783.00, 25645.00, 25750.25, 75, 39, 32, 43
2026/2/25, 15:30:00, 25741.00, 25742.50, 25726.50, 25735.75, 4, 4, 1, 3
2026/2/25, 16:30:00, 25730.75, 25767.50, 25730.75, 25765.00, 9, 9, 7, 2
2026/2/25, 17:30:00, 25787.25, 25787.25, 25777.25, 25777.25, 2, 2, 1, 1
2026/2/25, 18:30:00, 25790.00, 25810.25, 25790.00, 25810.25, 38, 11, 1, 37
2026/2/25, 19:30:00, 25821.75, 25821.75, 25820.00, 25820.00, 5, 3, 1, 4
2026/2/25, 20:15:00, 25804.50, 25837.00, 25804.50, 25837.00, 44, 23, 38, 6
2026/2/25, 21:15:00, 25820.75, 25919.75, 25820.75, 25880.00, 41, 15, 34, 7
2026/2/25, 22:15:00, 25818.25, 25832.00, 25818.25, 25829.75, 3, 3, 1, 2
2026/2/25, 23:15:00, 25820.00, 25820.00, 25768.75, 25781.75, 12, 10, 5, 7
2026/2/26, 00:15:00, 25745.50, 25770.50, 25739.50, 25770.50, 5, 4, 3, 2
2026/2/26, 01:15:00, 25755.00, 25755.00, 25711.50, 25752.25, 5, 3, 2, 3
2026/2/26, 02:15:00, 25754.00, 25754.00, 25754.00, 25754.00, 1, 1, 0, 1
2026/2/26, 04:15:00, 25738.75, 25738.75, 25730.00, 25730.00, 2, 2, 1, 1
2026/2/26, 08:15:00, 25826.00, 25826.00, 25826.00, 25826.00, 1, 1, 0, 1
2026/2/26, 09:15:00, 25830.50, 25842.50, 25811.25, 25811.25, 3, 3, 1, 2
2026/2/26, 10:15:00, 25818.75, 25818.75, 25818.75, 25818.75, 1, 1, 0, 1
2026/2/26, 11:15:00, 25785.50, 25792.25, 25783.75, 25792.25, 42, 6, 41, 1
2026/2/26, 13:30:00, 25818.00, 25835.25, 25810.00, 25810.00, 11, 7, 5, 6
2026/2/26, 14:30:00, 25785.75, 25785.75, 25350.00, 25363.50, 51, 40, 33, 18
2026/2/26, 15:30:00, 25383.50, 25515.00, 25355.50, 25515.00, 24, 23, 16, 8
2026/2/26, 16:30:00, 25484.00, 25509.75, 25426.75, 25426.75, 15, 7, 4, 11
2026/2/26, 17:30:00, 25391.25, 25391.25, 25369.00, 25369.00, 6, 5, 3, 3
2026/2/26, 18:30:00, 25465.00, 25510.00, 25465.00, 25510.00, 4, 4, 0, 4
2026/2/26, 19:30:00, 25520.00, 25536.75, 25520.00, 25536.75, 2, 2, 0, 2
2026/2/26, 21:15:00, 25490.00, 25490.00, 25470.50, 25470.50, 5, 5, 5, 0
2026/2/26, 22:15:00, 25452.50, 25452.50, 25452.50, 25452.50, 1, 1, 0, 1
2026/2/27, 02:15:00, 25458.00, 25458.00, 25458.00, 25458.00, 1, 1, 1, 0
2026/2/27, 07:15:00, 25515.25, 25515.25, 25515.25, 25515.25, 1, 1, 1, 0
2026/2/27, 08:15:00, 25528.75, 25528.75, 25528.75, 25528.75, 1, 1, 0, 1
2026/2/27, 10:15:00, 25440.00, 25440.00, 25440.00, 25440.00, 1, 1, 1, 0
2026/2/27, 11:15:00, 25435.00, 25435.00, 25396.75, 25396.75, 9, 9, 9, 0
2026/2/27, 13:15:00, 25343.75, 25359.00, 25343.75, 25359.00, 2, 2, 1, 1
2026/2/27, 13:30:00, 25297.25, 25297.25, 25255.00, 25264.75, 6, 6, 3, 3
2026/2/27, 14:30:00, 25303.00, 25420.00, 25228.50, 25420.00, 17, 11, 1, 16
2026/2/27, 15:30:00, 25420.00, 25452.25, 25367.00, 25415.00, 14, 9, 3, 11
2026/2/27, 16:30:00, 25417.75, 25442.50, 25385.00, 25429.00, 5, 5, 4, 1
2026/2/27, 17:30:00, 25380.00, 25380.00, 25373.00, 25373.00, 4, 2, 4, 0
2026/2/27, 20:15:00, 25410.50, 25450.00, 25409.25, 25450.00, 8, 3, 0, 8
2026/3/1, 22:15:00, 25177.00, 25231.50, 25118.00, 25200.00, 6, 6, 3, 3
2026/3/1, 23:15:00, 25184.00, 25184.00, 25184.00, 25184.00, 1, 1, 0, 1
2026/3/2, 00:15:00, 25167.25, 25268.75, 25150.00, 25268.75, 16, 7, 3, 13
2026/3/2, 01:15:00, 25300.00, 25318.00, 25269.00, 25269.00, 13, 6, 2, 11
2026/3/2, 02:15:00, 25264.50, 25264.50, 25264.50, 25264.50, 1, 1, 0, 1
2026/3/2, 03:15:00, 25228.25, 25228.25, 25213.75, 25219.00, 4, 4, 4, 0
2026/3/2, 04:15:00, 25190.00, 25190.00, 25180.00, 25180.00, 3, 3, 3, 0
2026/3/2, 05:15:00, 25165.75, 25165.75, 25153.00, 25153.00, 2, 2, 1, 1
2026/3/2, 06:15:00, 25100.00, 25100.00, 25000.00, 25000.00, 5, 5, 5, 0
2026/3/2, 07:15:00, 25014.25, 25014.25, 24965.25, 24965.25, 11, 7, 5, 6
2026/3/2, 08:15:00, 24933.75, 25008.75, 24930.25, 25008.75, 5, 4, 2, 3
2026/3/2, 09:15:00, 25110.00, 25110.00, 25099.00, 25099.00, 2, 2, 1, 1
2026/3/2, 12:15:00, 25083.25, 25083.25, 25073.00, 25073.00, 13, 4, 12, 1
2026/3/2, 13:15:00, 25090.00, 25090.00, 25090.00, 25090.00, 1, 1, 1, 0
2026/3/2, 13:30:00, 25055.00, 25081.75, 25054.00, 25081.75, 8, 8, 8, 0
2026/3/2, 14:30:00, 25151.25, 25355.25, 25151.25, 25355.25, 42, 19, 3, 39
2026/3/2, 15:30:00, 25345.50, 25400.00, 25345.50, 25400.00, 22, 6, 0, 22
2026/3/2, 16:30:00, 25445.00, 25500.00, 25445.00, 25500.00, 8, 8, 1, 7
2026/3/2, 17:30:00, 25502.00, 25502.00, 25475.00, 25475.00, 5, 5, 2, 3
2026/3/2, 18:30:00, 25460.50, 25525.00, 25429.50, 25525.00, 13, 10, 4, 9
2026/3/2, 19:30:00, 25525.00, 25525.00, 25416.00, 25416.00, 12, 6, 9, 3
2026/3/2, 20:15:00, 25430.00, 25465.00, 25430.00, 25443.75, 5, 5, 2, 3
2026/3/3, 01:15:00, 25305.00, 25305.00, 25293.00, 25296.50, 5, 5, 4, 1
2026/3/3, 03:15:00, 25240.00, 25287.00, 25240.00, 25287.00, 3, 2, 1, 2
2026/3/3, 04:15:00, 25240.25, 25252.50, 25240.25, 25252.50, 2, 2, 1, 1
2026/3/3, 05:15:00, 25193.25, 25193.25, 25193.25, 25193.25, 1, 1, 1, 0
2026/3/3, 06:15:00, 25221.75, 25221.75, 25221.75, 25221.75, 1, 1, 1, 0
2026/3/3, 07:15:00, 25122.00, 25122.00, 25100.00, 25100.00, 6, 6, 6, 0
2026/3/3, 08:15:00, 25022.50, 25050.00, 24946.00, 24983.50, 14, 12, 12, 2
2026/3/3, 09:15:00, 24931.00, 24931.00, 24849.00, 24849.00, 11, 11, 9, 2
2026/3/3, 10:15:00, 24867.25, 24900.00, 24835.00, 24848.75, 7, 7, 4, 3
2026/3/3, 11:15:00, 25000.00, 25000.00, 25000.00, 25000.00, 1, 1, 0, 1
2026/3/3, 12:15:00, 25025.00, 25025.00, 25025.00, 25025.00, 4, 2, 3, 1
2026/3/3, 13:30:00, 24912.25, 24950.75, 24912.25, 24950.75, 2, 2, 2, 0
2026/3/3, 14:30:00, 25051.25, 25096.50, 24790.00, 24790.00, 52, 41, 31, 21
2026/3/3, 15:30:00, 24860.00, 25066.75, 24822.50, 25066.75, 18, 18, 12, 6
2026/3/3, 16:30:00, 25050.00, 25149.75, 25013.00, 25149.75, 9, 9, 4, 5
2026/3/3, 17:30:00, 25136.75, 25183.50, 25072.75, 25183.50, 48, 13, 8, 40
2026/3/3, 18:30:00, 25250.00, 25254.75, 25170.00, 25176.75, 16, 9, 13, 3
2026/3/3, 19:30:00, 25142.00, 25278.25, 25142.00, 25240.00, 10, 9, 4, 6
2026/3/3, 20:15:00, 25185.00, 25189.00, 25180.75, 25182.25, 5, 5, 4, 1
2026/3/3, 21:15:00, 25182.00, 25182.00, 25156.00, 25156.00, 6, 6, 6, 0
2026/3/4, 00:15:00, 25177.50, 25177.50, 25131.00, 25131.00, 2, 2, 1, 1
2026/3/4, 01:15:00, 25089.75, 25136.25, 25076.00, 25128.50, 12, 8, 9, 3
2026/3/4, 02:15:00, 25067.00, 25102.25, 25067.00, 25089.75, 4, 4, 4, 0
2026/3/4, 03:15:00, 25010.25, 25075.75, 24994.00, 25075.75, 7, 7, 6, 1
2026/3/4, 04:15:00, 25029.75, 25029.75, 25009.50, 25009.50, 4, 3, 4, 0
2026/3/4, 05:15:00, 25050.00, 25050.00, 25050.00, 25050.00, 1, 1, 0, 1
2026/3/4, 06:15:00, 24989.00, 24989.00, 24989.00, 24989.00, 1, 1, 0, 1
2026/3/4, 07:15:00, 25074.50, 25108.50, 25074.50, 25108.50, 5, 5, 1, 4
2026/3/4, 08:15:00, 25072.50, 25107.25, 25072.50, 25107.25, 2, 2, 1, 1
2026/3/4, 09:15:00, 25157.50, 25275.00, 25125.75, 25275.00, 24, 16, 5, 19
2026/3/4, 10:15:00, 25270.75, 25270.75, 25270.75, 25270.75, 1, 1, 0, 1
2026/3/4, 11:15:00, 25283.00, 25283.00, 25263.00, 25272.75, 3, 3, 3, 0
2026/3/4, 12:15:00, 25350.00, 25350.00, 25350.00, 25350.00, 1, 1, 0, 1
2026/3/4, 13:15:00, 25334.00, 25334.00, 25334.00, 25334.00, 1, 1, 0, 1
2026/3/4, 13:30:00, 25308.00, 25348.25, 25288.50, 25288.50, 27, 12, 10, 17
2026/3/4, 14:30:00, 25280.75, 25542.25, 25275.00, 25542.25, 37, 24, 12, 25
2026/3/4, 15:30:00, 25552.25, 25561.25, 25489.00, 25489.00, 18, 16, 10, 8
2026/3/4, 16:30:00, 25600.00, 25604.50, 25580.00, 25586.00, 8, 8, 4, 4
2026/3/4, 17:30:00, 25560.00, 25600.00, 25560.00, 25570.00, 10, 10, 2, 8
2026/3/4, 18:30:00, 25615.00, 25629.75, 25601.75, 25620.50, 7, 7, 5, 2
2026/3/4, 19:30:00, 25620.75, 25620.75, 25604.00, 25605.00, 5, 5, 5, 0
2026/3/4, 20:15:00, 25570.25, 25571.00, 25552.00, 25552.00, 4, 4, 4, 0
2026/3/4, 22:15:00, 25606.50, 25616.75, 25587.50, 25616.75, 3, 3, 1, 2
2026/3/4, 23:15:00, 25596.50, 25604.50, 25576.00, 25576.00, 9, 9, 7, 2
2026/3/5, 00:15:00, 25647.00, 25661.25, 25628.00, 25628.00, 5, 5, 3, 2
2026/3/5, 01:15:00, 25520.00, 25520.00, 25480.00, 25480.00, 3, 3, 3, 0
2026/3/5, 02:15:00, 25550.00, 25550.00, 25550.00, 25550.00, 1, 1, 0, 1
2026/3/5, 03:15:00, 25480.25, 25500.00, 25465.00, 25500.00, 5, 5, 4, 1
2026/3/5, 04:15:00, 25500.00, 25530.00, 25500.00, 25530.00, 2, 2, 1, 1
2026/3/5, 05:15:00, 25450.00, 25450.00, 25415.25, 25415.25, 6, 4, 4, 2
2026/3/5, 06:15:00, 25415.00, 25524.00, 25415.00, 25524.00, 2, 2, 1, 1
2026/3/5, 07:15:00, 25436.75, 25440.00, 25436.75, 25440.00, 4, 2, 4, 0
2026/3/5, 08:15:00, 25440.00, 25640.00, 25415.00, 25640.00, 4, 4, 2, 2
2026/3/5, 09:15:00, 25531.00, 25531.00, 25526.75, 25526.75, 2, 2, 1, 1
2026/3/5, 10:15:00, 25554.25, 25564.00, 25530.00, 25540.00, 6, 4, 5, 1
2026/3/5, 13:30:00, 25420.00, 25420.00, 25392.50, 25420.00, 7, 5, 6, 1
2026/3/5, 14:30:00, 25485.00, 25620.00, 25450.00, 25450.75, 18, 16, 11, 7
2026/3/5, 15:30:00, 25424.00, 25495.00, 25392.00, 25434.00, 17, 17, 12, 5
2026/3/5, 16:30:00, 25460.00, 25550.75, 25360.75, 25360.75, 11, 11, 6, 5
2026/3/5, 17:30:00, 25360.00, 25360.00, 25240.50, 25251.50, 20, 16, 19, 1
2026/3/5, 18:30:00, 25214.75, 25270.00, 25214.75, 25270.00, 33, 9, 7, 26
2026/3/5, 19:30:00, 25225.50, 25349.50, 25225.50, 25349.50, 7, 3, 2, 5
2026/3/5, 20:15:00, 25365.00, 25479.00, 25365.00, 25465.00, 8, 7, 1, 7
2026/3/5, 21:15:00, 25469.00, 25469.00, 25445.00, 25445.75, 5, 4, 2, 3
2026/3/6, 00:15:00, 25511.00, 25511.00, 25511.00, 25511.00, 2, 2, 2, 0
2026/3/6, 02:15:00, 25550.00, 25550.00, 25550.00, 25550.00, 1, 1, 0, 1
2026/3/6, 04:15:00, 25549.75, 25569.75, 25549.75, 25569.75, 4, 4, 1, 3
2026/3/6, 05:15:00, 25582.50, 25582.50, 25582.50, 25582.50, 1, 1, 0, 1
2026/3/6, 06:15:00, 25557.50, 25557.50, 25557.50, 25557.50, 1, 1, 0, 1
2026/3/6, 07:15:00, 25529.50, 25529.50, 25529.50, 25529.50, 1, 1, 1, 0
2026/3/6, 08:15:00, 25500.00, 25527.25, 25450.00, 25450.00, 3, 3, 1, 2
2026/3/6, 09:15:00, 25400.00, 25400.00, 25349.75, 25370.00, 3, 3, 3, 0
2026/3/6, 11:15:00, 25369.00, 25369.00, 25369.00, 25369.00, 1, 1, 1, 0
2026/3/6, 12:15:00, 25281.00, 25281.00, 25240.50, 25240.50, 4, 4, 3, 1
2026/3/6, 13:30:00, 25265.50, 25265.50, 25062.75, 25112.75, 15, 11, 11, 4
2026/3/6, 14:30:00, 25126.75, 25224.00, 25050.00, 25216.50, 17, 12, 13, 4
2026/3/6, 15:30:00, 25277.00, 25325.00, 25231.00, 25231.00, 18, 18, 8, 10
2026/3/6, 16:30:00, 25249.25, 25352.00, 25244.25, 25244.25, 14, 12, 5, 9
2026/3/6, 17:30:00, 25215.00, 25280.25, 25215.00, 25255.00, 4, 3, 3, 1
2026/3/6, 18:30:00, 25244.75, 25283.75, 25235.25, 25283.75, 3, 3, 2, 1
2026/3/6, 19:30:00, 25250.00, 25250.00, 25200.00, 25200.00, 5, 5, 4, 1
2026/3/6, 20:15:00, 25154.75, 25154.75, 25067.75, 25082.75, 50, 23, 18, 32
2026/3/6, 21:15:00, 25080.50, 25080.50, 25072.00, 25072.00, 2, 2, 2, 0
2026/3/8, 21:15:00, 24975.00, 24990.00, 24699.75, 24699.75, 11, 7, 11, 0
2026/3/8, 22:15:00, 24693.00, 24737.75, 24693.00, 24717.00, 11, 5, 6, 5
2026/3/8, 23:15:00, 24697.50, 24722.50, 24590.75, 24620.00, 47, 28, 43, 4
2026/3/9, 00:15:00, 24610.75, 24640.75, 24500.00, 24500.00, 24, 13, 14, 10
2026/3/9, 01:15:00, 24522.00, 24539.50, 24423.75, 24454.25, 24, 13, 15, 9
2026/3/9, 02:15:00, 24447.00, 24510.00, 24447.00, 24502.75, 7, 6, 4, 3
2026/3/9, 03:15:00, 24538.75, 24556.25, 24538.75, 24556.25, 4, 2, 3, 1
2026/3/9, 04:15:00, 24554.00, 24564.75, 24539.25, 24562.00, 10, 8, 1, 9
2026/3/9, 05:15:00, 24570.00, 24623.50, 24570.00, 24623.50, 5, 3, 0, 5
2026/3/9, 06:15:00, 24727.50, 24727.50, 24727.50, 24727.50, 1, 1, 0, 1
2026/3/9, 07:15:00, 24726.00, 24726.00, 24687.50, 24687.50, 2, 2, 0, 2
2026/3/9, 08:15:00, 24746.00, 24768.00, 24731.25, 24768.00, 4, 4, 2, 2
2026/3/9, 09:15:00, 24897.25, 24897.25, 24878.25, 24878.25, 3, 3, 1, 2
2026/3/9, 10:15:00, 24798.50, 24832.00, 24790.00, 24832.00, 8, 4, 3, 5
2026/3/9, 11:15:00, 24779.00, 24858.00, 24779.00, 24858.00, 3, 3, 2, 1
2026/3/9, 12:15:00, 24822.25, 24867.75, 24813.25, 24867.75, 9, 8, 5, 4
2026/3/9, 13:15:00, 24867.25, 24867.25, 24840.00, 24840.00, 2, 2, 2, 0
2026/3/9, 13:30:00, 24945.00, 24945.25, 24750.00, 24880.00, 33, 26, 26, 7
2026/3/9, 14:30:00, 24910.50, 25060.00, 24910.50, 25052.50, 55, 18, 6, 49
2026/3/9, 15:30:00, 25024.75, 25099.25, 25024.75, 25099.25, 146, 30, 22, 124
2026/3/9, 16:30:00, 25086.75, 25169.75, 25034.50, 25034.50, 27, 21, 17, 10
2026/3/9, 17:30:00, 25030.00, 25032.75, 25015.00, 25032.75, 7, 7, 4, 3
2026/3/9, 18:30:00, 25122.50, 25365.25, 25080.00, 25342.00, 32, 25, 4, 28
2026/3/9, 19:30:00, 25356.00, 25465.50, 25351.75, 25400.00, 32, 19, 21, 11
2026/3/9, 20:15:00, 25368.75, 25395.00, 25368.75, 25374.50, 7, 5, 1, 6
2026/3/9, 21:15:00, 25367.25, 25367.25, 25367.25, 25367.25, 1, 1, 1, 0
2026/3/9, 22:15:00, 25342.00, 25375.25, 25325.00, 25330.00, 10, 7, 4, 6
2026/3/9, 23:15:00, 25292.00, 25296.25, 25276.25, 25276.25, 4, 4, 4, 0
2026/3/10, 00:15:00, 25318.50, 25400.00, 25318.50, 25400.00, 9, 9, 5, 4
2026/3/10, 01:15:00, 25382.25, 25406.75, 25382.25, 25406.75, 2, 2, 1, 1
2026/3/10, 02:15:00, 25400.00, 25400.00, 25346.00, 25375.75, 6, 5, 4, 2
2026/3/10, 03:15:00, 25336.75, 25336.75, 25290.00, 25300.25, 15, 15, 15, 0
2026/3/10, 04:15:00, 25325.00, 25325.00, 25320.00, 25320.00, 33, 6, 3, 30
2026/3/10, 06:15:00, 25400.00, 25425.75, 25400.00, 25425.75, 61, 6, 0, 61
2026/3/10, 07:15:00, 25450.00, 25577.75, 25450.00, 25577.75, 10, 8, 2, 8
2026/3/10, 08:15:00, 25569.75, 25575.25, 25543.25, 25555.00, 21, 12, 17, 4
2026/3/10, 09:15:00, 25550.00, 25552.25, 25499.75, 25499.75, 27, 19, 27, 0
2026/3/10, 10:15:00, 25494.50, 25507.00, 25450.00, 25450.00, 21, 9, 3, 18
2026/3/10, 11:15:00, 25442.50, 25442.50, 25339.75, 25362.00, 16, 12, 12, 4
2026/3/10, 12:15:00, 25341.25, 25394.25, 25341.25, 25394.25, 7, 7, 5, 2
2026/3/10, 13:15:00, 25430.50, 25430.50, 25430.50, 25430.50, 1, 1, 0, 1
2026/3/10, 13:30:00, 25500.00, 25503.00, 25329.25, 25408.25, 21, 20, 8, 13
2026/3/10, 14:30:00, 25500.00, 25598.00, 25483.25, 25579.50, 105, 43, 34, 71
2026/3/10, 15:30:00, 25552.25, 25598.75, 25525.00, 25598.75, 25, 17, 11, 14
2026/3/10, 16:30:00, 25584.50, 25650.00, 25578.25, 25650.00, 8, 7, 1, 7
2026/3/10, 17:30:00, 25600.00, 25610.00, 25425.00, 25500.00, 18, 17, 17, 1
2026/3/10, 18:30:00, 25469.75, 25472.75, 25425.00, 25425.00, 12, 3, 2, 10
2026/3/10, 19:30:00, 25413.00, 25431.00, 25400.00, 25431.00, 4, 3, 3, 1
2026/3/10, 20:15:00, 25457.00, 25464.50, 25457.00, 25464.50, 3, 2, 0, 3
2026/3/10, 23:15:00, 25415.25, 25496.00, 25415.25, 25496.00, 6, 6, 4, 2
2026/3/11, 00:15:00, 25510.00, 25510.00, 25496.00, 25496.00, 5, 4, 0, 5
2026/3/11, 01:15:00, 25502.50, 25502.50, 25502.50, 25502.50, 1, 1, 1, 0
2026/3/11, 03:15:00, 25531.75, 25553.25, 25531.75, 25553.25, 2, 2, 1, 1
2026/3/11, 04:15:00, 25544.00, 25544.00, 25486.00, 25502.25, 5, 5, 3, 2
2026/3/11, 05:15:00, 25491.00, 25491.00, 25462.00, 25462.00, 3, 2, 2, 1
2026/3/11, 07:15:00, 25436.50, 25442.00, 25389.00, 25442.00, 3, 3, 3, 0
2026/3/11, 08:15:00, 25442.00, 25461.75, 25358.50, 25368.75, 10, 10, 9, 1
2026/3/11, 09:15:00, 25369.25, 25386.00, 25337.75, 25386.00, 19, 12, 19, 0
2026/3/11, 10:15:00, 25408.50, 25470.00, 25404.25, 25470.00, 9, 9, 5, 4
2026/3/11, 11:15:00, 25425.00, 25425.00, 25384.50, 25385.00, 3, 3, 2, 1
2026/3/11, 12:15:00, 25430.00, 25430.00, 25349.00, 25420.00, 4, 4, 1, 3
2026/3/11, 13:30:00, 25506.75, 25600.00, 25439.00, 25450.00, 27, 18, 6, 21
2026/3/11, 14:30:00, 25456.25, 25456.25, 25393.50, 25393.50, 8, 8, 8, 0
2026/3/11, 15:30:00, 25356.00, 25357.25, 25325.00, 25331.25, 13, 11, 12, 1
2026/3/11, 16:30:00, 25400.00, 25425.00, 25396.50, 25425.00, 5, 4, 1, 4
2026/3/11, 17:30:00, 25369.00, 25378.00, 25325.00, 25378.00, 42, 12, 25, 17
2026/3/11, 18:30:00, 25386.50, 25400.00, 25386.50, 25400.00, 3, 2, 0, 3
2026/3/11, 19:30:00, 25359.00, 25405.00, 25359.00, 25405.00, 3, 3, 2, 1
2026/3/11, 21:15:00, 25340.25, 25340.25, 25340.25, 25340.25, 1, 1, 1, 0
2026/3/11, 22:15:00, 25315.00, 25315.00, 25230.00, 25230.00, 19, 13, 12, 7
2026/3/11, 23:15:00, 25249.50, 25249.50, 25175.50, 25201.75, 11, 8, 10, 1
2026/3/12, 00:15:00, 25199.50, 25225.50, 25199.50, 25222.00, 4, 4, 2, 2
2026/3/12, 01:15:00, 25218.50, 25262.50, 25218.50, 25246.50, 4, 4, 1, 3
2026/3/12, 02:15:00, 25150.25, 25166.50, 25130.50, 25166.50, 9, 7, 9, 0
2026/3/12, 03:15:00, 25137.50, 25137.50, 25137.50, 25137.50, 1, 1, 1, 0
2026/3/12, 04:15:00, 25163.00, 25206.50, 25163.00, 25206.50, 2, 2, 1, 1
2026/3/12, 06:15:00, 25176.50, 25176.50, 25176.50, 25176.50, 1, 1, 0, 1
2026/3/12, 07:15:00, 25296.75, 25320.25, 25296.75, 25320.25, 7, 7, 3, 4
2026/3/12, 08:15:00, 25277.75, 25277.75, 25277.75, 25277.75, 1, 1, 0, 1
2026/3/12, 09:15:00, 25264.25, 25339.00, 25264.25, 25325.00, 7, 3, 5, 2
2026/3/12, 11:15:00, 25350.00, 25352.50, 25281.75, 25281.75, 5, 5, 3, 2
2026/3/12, 12:15:00, 25250.00, 25250.00, 25245.75, 25245.75, 3, 3, 2, 1
2026/3/12, 13:15:00, 25200.00, 25200.00, 25200.00, 25200.00, 1, 1, 1, 0
2026/3/12, 13:30:00, 25192.00, 25192.00, 25050.00, 25050.00, 35, 22, 31, 4
2026/3/12, 14:30:00, 25040.00, 25140.00, 24998.25, 25060.00, 41, 28, 25, 16
2026/3/12, 15:30:00, 25115.75, 25162.75, 25041.50, 25065.00, 53, 26, 16, 37
2026/3/12, 16:30:00, 25071.75, 25140.00, 25071.75, 25104.50, 14, 12, 4, 10
2026/3/12, 17:30:00, 25113.25, 25113.25, 25044.00, 25044.00, 21, 14, 17, 4
2026/3/12, 18:30:00, 25046.00, 25046.00, 25000.00, 25000.00, 3, 3, 1, 2
2026/3/12, 19:30:00, 25056.00, 25067.00, 24943.00, 24943.00, 22, 16, 15, 7
2026/3/12, 20:15:00, 24991.25, 25013.00, 24991.25, 25013.00, 8, 4, 0, 8
2026/3/12, 21:15:00, 24969.25, 24986.75, 24966.50, 24986.75, 3, 3, 1, 2
2026/3/12, 22:15:00, 25000.00, 25024.25, 25000.00, 25024.25, 6, 5, 2, 4
2026/3/12, 23:15:00, 25000.75, 25010.00, 24925.00, 24959.75, 17, 12, 13, 4
2026/3/13, 00:15:00, 25018.00, 25090.00, 25018.00, 25075.50, 16, 15, 0, 16
2026/3/13, 01:15:00, 25083.25, 25083.25, 25083.25, 25083.25, 1, 1, 0, 1
2026/3/13, 02:15:00, 25042.50, 25042.50, 25042.50, 25042.50, 1, 1, 1, 0
2026/3/13, 03:15:00, 25016.00, 25050.00, 25016.00, 25050.00, 12, 6, 10, 2
2026/3/13, 04:15:00, 25007.50, 25007.50, 25007.50, 25007.50, 2, 1, 2, 0
2026/3/13, 05:15:00, 25013.00, 25013.00, 25013.00, 25013.00, 1, 1, 1, 0
2026/3/13, 06:15:00, 24912.50, 24931.50, 24857.75, 24874.75, 7, 7, 6, 1
2026/3/13, 07:15:00, 24855.00, 24891.25, 24821.50, 24821.50, 8, 7, 5, 3
2026/3/13, 08:15:00, 24857.00, 24990.25, 24857.00, 24990.25, 30, 23, 13, 17
2026/3/13, 09:15:00, 24951.00, 25025.75, 24948.00, 25025.75, 4, 4, 1, 3
2026/3/13, 10:15:00, 25013.00, 25060.00, 25013.00, 25060.00, 3, 2, 0, 3
2026/3/13, 11:15:00, 25070.00, 25100.00, 25064.50, 25100.00, 10, 10, 3, 7
2026/3/13, 12:15:00, 25063.75, 25150.00, 25063.75, 25085.00, 13, 12, 3, 10
2026/3/13, 13:15:00, 25110.50, 25110.50, 25110.50, 25110.50, 1, 1, 0, 1
2026/3/13, 13:30:00, 25093.25, 25219.00, 25050.00, 25108.00, 61, 42, 20, 41
2026/3/13, 14:30:00, 25122.25, 25160.25, 24899.00, 24899.00, 63, 48, 43, 20
2026/3/13, 15:30:00, 24900.00, 24900.75, 24826.25, 24860.00, 34, 29, 13, 21
2026/3/13, 16:30:00, 24898.75, 24898.75, 24826.00, 24881.50, 28, 14, 16, 12
2026/3/13, 17:30:00, 24870.00, 24870.00, 24794.00, 24836.00, 16, 11, 14, 2
2026/3/13, 18:30:00, 24850.00, 24885.50, 24807.50, 24809.00, 41, 19, 8, 33
2026/3/13, 19:30:00, 24810.00, 24827.25, 24786.00, 24794.50, 14, 10, 9, 5
2026/3/13, 20:15:00, 24789.50, 24794.00, 24770.00, 24770.00, 11, 10, 8, 3
2026/3/15, 21:15:00, 24730.00, 24800.00, 24714.50, 24761.00, 16, 11, 8, 8
2026/3/15, 22:15:00, 24745.50, 24920.50, 24732.00, 24870.25, 43, 35, 24, 19
2026/3/15, 23:15:00, 24875.00, 24942.75, 24873.00, 24936.00, 24, 12, 16, 8
2026/3/16, 00:15:00, 24942.50, 24942.50, 24930.00, 24940.00, 5, 4, 0, 5
2026/3/16, 01:15:00, 24937.50, 24937.50, 24909.50, 24909.50, 9, 5, 7, 2
2026/3/16, 02:15:00, 24918.75, 24918.75, 24918.75, 24918.75, 1, 1, 0, 1
2026/3/16, 03:15:00, 24935.75, 24971.25, 24935.75, 24959.00, 20, 10, 13, 7
2026/3/16, 04:15:00, 24975.00, 24975.00, 24951.25, 24951.25, 7, 7, 4, 3
2026/3/16, 05:15:00, 24986.00, 24992.00, 24986.00, 24992.00, 2, 2, 0, 2
2026/3/16, 06:15:00, 24985.00, 25001.75, 24969.00, 24978.25, 10, 10, 5, 5
2026/3/16, 07:15:00, 24950.25, 24984.00, 24940.50, 24984.00, 45, 11, 31, 14
2026/3/16, 08:15:00, 24966.75, 24966.75, 24920.00, 24920.00, 34, 15, 20, 14
2026/3/16, 09:15:00, 24947.75, 24947.75, 24941.50, 24941.50, 3, 3, 1, 2
2026/3/16, 10:15:00, 24970.00, 25049.00, 24970.00, 25022.75, 25, 23, 9, 16
2026/3/16, 11:15:00, 25016.50, 25100.00, 25016.50, 25099.50, 19, 17, 7, 12
2026/3/16, 12:15:00, 25088.75, 25125.75, 25079.00, 25094.50, 26, 15, 17, 9
2026/3/16, 13:15:00, 25093.25, 25098.25, 25085.00, 25089.75, 4, 4, 2, 2
2026/3/16, 13:30:00, 25105.00, 25192.00, 25087.00, 25186.00, 67, 50, 26, 41
2026/3/16, 14:30:00, 25100.25, 25170.00, 25075.00, 25170.00, 58, 42, 23, 35
2026/3/16, 15:30:00, 25170.00, 25171.25, 25070.00, 25080.00, 40, 23, 25, 15
2026/3/16, 16:30:00, 25100.00, 25162.50, 25100.00, 25147.75, 35, 21, 7, 28
2026/3/16, 17:30:00, 25130.00, 25150.00, 25100.00, 25150.00, 7, 7, 3, 4
2026/3/16, 18:30:00, 25148.25, 25247.25, 25100.00, 25100.00, 71, 34, 38, 33
2026/3/16, 19:30:00, 25121.50, 25121.50, 25088.25, 25116.00, 13, 12, 10, 3
2026/3/16, 20:15:00, 25090.00, 25100.50, 25074.50, 25094.00, 13, 13, 2, 11
2026/3/16, 21:15:00, 25089.75, 25089.75, 25067.75, 25077.50, 11, 7, 4, 7
2026/3/16, 22:15:00, 25065.00, 25099.00, 25059.75, 25059.75, 26, 19, 18, 8
2026/3/16, 23:15:00, 25075.00, 25090.00, 25070.00, 25070.00, 19, 18, 5, 14
2026/3/17, 00:15:00, 25060.00, 25081.00, 25034.25, 25055.00, 31, 13, 28, 3
2026/3/17, 01:15:00, 25060.00, 25060.00, 25060.00, 25060.00, 1, 1, 1, 0
2026/3/17, 02:15:00, 25015.00, 25015.00, 25003.25, 25013.25, 13, 5, 12, 1
2026/3/17, 03:15:00, 25015.50, 25024.25, 25004.00, 25024.25, 9, 9, 4, 5
2026/3/17, 04:15:00, 25025.50, 25060.25, 25025.50, 25060.25, 5, 4, 2, 3
2026/3/17, 05:15:00, 25075.00, 25075.50, 24960.00, 24962.25, 29, 24, 22, 7
2026/3/17, 06:15:00, 24975.25, 24980.00, 24968.50, 24977.75, 7, 6, 3, 4
2026/3/17, 07:15:00, 25000.00, 25030.00, 24985.00, 25030.00, 5, 4, 1, 4
2026/3/17, 08:15:00, 24964.25, 25012.00, 24964.25, 25000.00, 6, 4, 1, 5
2026/3/17, 09:15:00, 25038.25, 25055.50, 25038.25, 25038.25, 5, 4, 4, 1
2026/3/17, 10:15:00, 25038.00, 25070.00, 25038.00, 25058.00, 3, 3, 1, 2
2026/3/17, 11:15:00, 25075.00, 25110.00, 25040.00, 25110.00, 17, 17, 3, 14
2026/3/17, 12:15:00, 25115.00, 25190.00, 25115.00, 25186.50, 41, 29, 11, 30
2026/3/17, 13:15:00, 25199.00, 25229.75, 25196.25, 25221.75, 27, 21, 15, 12
2026/3/17, 13:30:00, 25199.75, 25341.25, 25190.00, 25276.50, 255, 101, 102, 153
2026/3/17, 14:30:00, 25290.00, 25314.50, 25240.00, 25254.00, 39, 38, 14, 25
2026/3/17, 15:30:00, 25226.00, 25231.75, 25176.00, 25230.00, 69, 37, 28, 41
2026/3/17, 16:30:00, 25238.00, 25259.25, 25209.00, 25233.00, 22, 14, 13, 9
2026/3/17, 17:30:00, 25242.50, 25276.75, 25224.25, 25224.25, 73, 19, 67, 6
2026/3/17, 18:30:00, 25220.00, 25242.50, 25216.50, 25229.75, 74, 13, 63, 11
2026/3/17, 19:30:00, 25228.50, 25247.25, 25227.25, 25245.50, 11, 7, 8, 3
2026/3/17, 20:15:00, 25246.00, 25246.00, 25230.75, 25230.75, 16, 11, 6, 10
2026/3/17, 22:15:00, 25231.75, 25231.75, 25220.00, 25228.50, 8, 5, 0, 8
2026/3/17, 23:15:00, 25231.00, 25271.25, 25227.00, 25271.00, 10, 7, 6, 4
2026/3/18, 00:15:00, 25271.00, 25310.00, 25271.00, 25303.75, 12, 8, 2, 10
2026/3/18, 01:15:00, 25320.00, 25325.00, 25305.25, 25323.00, 47, 21, 10, 37
2026/3/18, 02:15:00, 25335.75, 25347.00, 25329.50, 25333.50, 16, 14, 6, 10
2026/3/18, 03:15:00, 25335.75, 25361.00, 25333.75, 25356.00, 51, 19, 11, 40
2026/3/18, 04:15:00, 25350.50, 25360.75, 25350.50, 25359.75, 15, 7, 2, 13
2026/3/18, 05:15:00, 25371.00, 25393.00, 25365.75, 25389.50, 38, 21, 16, 22
2026/3/18, 06:15:00, 25382.75, 25429.25, 25382.75, 25401.75, 46, 27, 19, 27
2026/3/18, 07:15:00, 25399.75, 25403.25, 25376.50, 25376.50, 19, 11, 9, 10
2026/3/18, 08:15:00, 25371.00, 25371.00, 25371.00, 25371.00, 1, 1, 1, 0
2026/3/18, 09:15:00, 25398.75, 25406.25, 25392.25, 25395.00, 14, 7, 2, 12
2026/3/18, 10:15:00, 25414.00, 25415.00, 25367.50, 25373.00, 28, 17, 22, 6
2026/3/18, 11:15:00, 25390.00, 25390.00, 25275.00, 25275.00, 66, 37, 53, 13
2026/3/18, 12:15:00, 25250.00, 25255.50, 25082.00, 25127.75, 140, 85, 109, 31
2026/3/18, 13:15:00, 25111.25, 25152.25, 25100.00, 25145.25, 8, 8, 4, 4
2026/3/18, 13:30:00, 25145.25, 25209.00, 25030.50, 25035.00, 122, 104, 73, 49
2026/3/18, 14:30:00, 25052.50, 25145.00, 25052.50, 25085.00, 66, 42, 34, 32
2026/3/18, 15:30:00, 25125.00, 25137.00, 25104.50, 25127.25, 33, 22, 5, 28
2026/3/18, 16:30:00, 25067.00, 25090.00, 25018.00, 25050.00, 26, 20, 21, 5
2026/3/18, 17:30:00, 25046.75, 25102.25, 25030.00, 25075.00, 35, 18, 12, 23
2026/3/18, 18:30:00, 25050.00, 25076.00, 24928.00, 24932.75, 142, 52, 92, 50
2026/3/18, 19:30:00, 24950.00, 24958.00, 24840.00, 24840.00, 91, 45, 74, 17
2026/3/18, 20:15:00, 24846.25, 24846.75, 24779.00, 24845.75, 56, 33, 40, 16
2026/3/18, 21:15:00, 24816.00, 24816.00, 24809.00, 24810.00, 3, 3, 2, 1
2026/3/18, 22:15:00, 24812.00, 24830.00, 24779.75, 24830.00, 26, 18, 4, 22
2026/3/18, 23:15:00, 24834.25, 24861.25, 24819.25, 24840.00, 51, 27, 25, 26
2026/3/19, 00:15:00, 24842.50, 24842.50, 24818.00, 24825.75, 9, 8, 6, 3
2026/3/19, 01:15:00, 24847.00, 24902.00, 24830.00, 24890.25, 19, 17, 5, 14
2026/3/19, 02:15:00, 24916.25, 24950.00, 24906.00, 24939.50, 14, 14, 5, 9
2026/3/19, 03:15:00, 24893.00, 24900.00, 24886.25, 24886.25, 5, 5, 5, 0
