Date, Time, Open, High, Low, Last, Volume, OpenInterest
2024/7/24, 00:00:00, 20289.75, 20289.75, 20289.75, 20289.75, 1815365, 97120
2024/7/25, 00:00:00, 20078.75, 20078.75, 20078.75, 20078.75, 2475309, 94375
2024/7/26, 00:00:00, 20261.00, 20261.00, 20261.00, 20261.00, 1825935, 88716
2024/7/29, 00:00:00, 20296.00, 20296.00, 20296.00, 20296.00, 1731225, 88987
2024/7/30, 00:00:00, 20023.25, 20023.25, 20023.25, 20023.25, 1998276, 101969
2024/7/31, 00:00:00, 20592.25, 20592.25, 20592.25, 20592.25, 1862252, 82656
2024/9/3, 00:00:00, 20037.25, 20037.25, 20037.25, 20037.25, 1802100, 98843
2024/9/4, 00:00:00, 19992.00, 19992.00, 19992.00, 19992.00, 1530672, 96843
2024/9/5, 00:00:00, 19993.25, 19993.25, 19993.25, 19993.25, 1522041, 97952
2024/9/6, 00:00:00, 19480.00, 19480.00, 19480.00, 19480.00, 1838558, 98889
2024/9/9, 00:00:00, 19614.25, 19614.25, 19614.25, 19614.25, 1442324, 100830
2024/9/10, 00:00:00, 19786.75, 19786.75, 19786.75, 19786.75, 1509794, 100549
2024/9/11, 00:00:00, 20197.75, 20197.75, 20197.75, 20197.75, 1887891, 100333
2024/9/12, 00:00:00, 20383.25, 20383.25, 20383.25, 20383.25, 1589731, 100260
2024/9/13, 00:00:00, 20473.25, 20473.25, 20473.25, 20473.25, 1157454, 98344
2024/9/16, 00:00:00, 20370.00, 20370.00, 20370.00, 20370.00, 1290406, 104031
2024/9/17, 00:00:00, 20376.25, 20376.25, 20376.25, 20376.25, 1428759, 109218
2024/9/18, 00:00:00, 20284.50, 20284.50, 20284.50, 20284.50, 1578679, 111285
2024/9/19, 00:00:00, 20793.00, 20793.00, 20793.00, 20793.00, 1466857, 78419
2024/9/20, 00:00:00, 20735.25, 20735.25, 20735.25, 20735.25, 1236415, 40469
2024/9/23, 00:00:00, 20786.25, 20786.25, 20786.25, 20786.25, 1098663, 46853
2024/9/24, 00:00:00, 20872.25, 20872.25, 20872.25, 20872.25, 1148815, 50770
2024/9/25, 00:00:00, 20892.25, 20892.25, 20892.25, 20892.25, 1038836, 53555
2024/9/26, 00:00:00, 21052.25, 21127.50, 21052.25, 21052.25, 1309600, 53748
2024/9/27, 00:00:00, 20927.25, 20927.25, 20927.25, 20927.25, 1228802, 54499
2024/9/30, 00:00:00, 20967.25, 20967.25, 20967.25, 20967.25, 1315175, 52250
2024/10/1, 00:00:00, 20680.25, 20680.25, 20680.25, 20680.25, 1623219, 55426
2024/10/2, 00:00:00, 20715.25, 20715.25, 20715.25, 20715.25, 1370324, 57051
2024/10/3, 00:00:00, 20696.25, 20696.25, 20696.25, 20696.25, 1418592, 60307
2024/10/4, 00:00:00, 20946.00, 20946.00, 20946.00, 20946.00, 1466564, 62271
2024/10/7, 00:00:00, 20713.50, 20713.50, 20713.50, 20713.50, 1246242, 66236
2024/10/8, 00:00:00, 21019.75, 21019.75, 21019.75, 21019.75, 1165705, 68856
2024/10/9, 00:00:00, 21220.00, 21220.00, 21188.50, 21188.50, 1077120, 68830
2024/10/10, 00:00:00, 21154.00, 21154.00, 21154.00, 21154.00, 1112982, 70428
2024/10/11, 00:00:00, 21200.00, 21200.00, 21175.00, 21175.00, 991944, 70255
2024/10/14, 00:00:00, 21420.00, 21420.00, 21366.75, 21366.75, 874673, 73734
2024/10/15, 00:00:00, 21084.00, 21084.00, 21084.00, 21084.00, 1226845, 79125
2024/10/16, 00:00:00, 21076.00, 21076.00, 21076.00, 21076.00, 1076929, 77729
2024/10/17, 00:00:00, 21190.00, 21190.00, 21096.00, 21096.00, 1336628, 82235
2024/10/18, 00:00:00, 21300.00, 21300.00, 21212.00, 21212.00, 996097, 84451
2024/10/21, 00:00:00, 21276.25, 21290.00, 21276.25, 21276.25, 1109051, 89035
2024/10/22, 00:00:00, 21298.75, 21298.75, 21269.50, 21298.75, 1162769, 88954
2024/10/23, 00:00:00, 20976.00, 20976.00, 20976.00, 20976.00, 1391681, 97908
2024/10/24, 00:00:00, 21136.00, 21136.00, 21136.00, 21136.00, 1163678, 96231
2024/10/25, 00:00:00, 21500.00, 21500.00, 21254.75, 21254.75, 1310926, 97605
2024/10/28, 00:00:00, 21255.25, 21290.00, 21255.25, 21255.25, 1112462, 102762
2024/10/29, 00:00:00, 21400.00, 21455.00, 21400.00, 21455.00, 1188567, 103675
2024/10/30, 00:00:00, 21293.00, 21293.00, 21293.00, 21293.00, 1249707, 101861
2024/10/31, 00:00:00, 20775.00, 20775.00, 20775.00, 20775.00, 1532501, 108326
2024/11/1, 00:00:00, 20906.25, 20907.75, 20906.25, 20906.25, 1364600, 110967
2024/11/4, 00:00:00, 20838.50, 20838.50, 20838.50, 20838.50, 1170497, 104781
2024/11/5, 00:00:00, 21096.00, 21096.00, 21096.00, 21096.00, 1079050, 107764
2024/11/6, 00:00:00, 21652.25, 21652.25, 21652.25, 21652.25, 1543490, 107336
2024/11/7, 00:00:00, 21800.00, 21989.25, 21800.00, 21989.25, 1044683, 111884
2024/11/8, 00:00:00, 22020.50, 22085.75, 22020.50, 22020.50, 971623, 109309
2024/11/11, 00:00:00, 22180.00, 22180.00, 21978.75, 22007.50, 1061121, 111247
2024/11/12, 00:00:00, 21981.25, 21981.25, 21981.25, 21981.25, 1188216, 114223
2024/11/13, 00:00:00, 22177.00, 22177.00, 21951.25, 21951.25, 1301521, 119892
2024/11/14, 00:00:00, 21950.00, 21950.00, 21806.50, 21806.50, 1328043, 123671
2024/11/15, 00:00:00, 21296.25, 21296.25, 21296.25, 21296.25, 1509065, 125959
2024/11/18, 00:00:00, 21435.50, 21435.50, 21435.50, 21435.50, 1245988, 119708
2024/11/19, 00:00:00, 21566.75, 21566.75, 21566.75, 21566.75, 1273948, 122700
2024/11/20, 00:00:00, 21547.50, 21547.50, 21521.50, 21547.50, 1461062, 125694
2024/11/21, 00:00:00, 21627.00, 21627.00, 21627.00, 21627.00, 1742649, 128767
2024/11/22, 00:00:00, 21651.50, 21651.50, 21651.50, 21651.50, 1458723, 132055
2024/11/25, 00:00:00, 21655.00, 21778.75, 21655.00, 21681.75, 1314231, 136772
2024/11/26, 00:00:00, 21798.00, 21833.25, 21798.00, 21798.00, 1289469, 133750
2024/11/27, 00:00:00, 21645.00, 21832.00, 21613.00, 21613.00, 1229567, 142177
2024/11/29, 00:00:00, 21804.00, 21804.00, 21804.00, 21804.00, 871565, 139253
2024/12/2, 00:00:00, 22182.25, 22182.25, 22050.75, 22050.75, 1115089, 142051
2024/12/3, 00:00:00, 22115.25, 22115.25, 22115.25, 22115.25, 1016398, 141068
2024/12/4, 00:00:00, 22370.25, 22370.25, 22370.25, 22370.25, 985407, 145347
2024/12/5, 00:00:00, 22309.25, 22377.50, 22309.25, 22309.25, 939683, 143653
2024/12/6, 00:00:00, 22493.25, 22493.25, 22493.25, 22493.25, 1020449, 146137
2024/12/9, 00:00:00, 22321.25, 22494.50, 22321.25, 22321.25, 1127886, 144193
2024/12/10, 00:00:00, 22241.25, 22241.25, 22241.25, 22241.25, 1220584, 150262
2024/12/11, 00:00:00, 22631.00, 22631.00, 22631.00, 22631.00, 1109163, 156964
2024/12/12, 00:00:00, 22487.00, 22487.00, 22487.00, 22487.00, 1167391, 153493
2024/12/13, 00:00:00, 22647.00, 22647.00, 22647.00, 22647.00, 1369783, 151204
2024/12/16, 00:00:00, 22980.50, 22980.50, 22980.50, 22980.50, 1144560, 160300
2024/12/17, 00:00:00, 22890.25, 22890.25, 22890.25, 22890.25, 1372810, 155234
2024/12/18, 00:00:00, 22890.25, 22893.75, 22077.50, 22077.50, 1669049, 157321
2024/12/19, 00:00:00, 21949.25, 22300.00, 21949.25, 21949.25, 1832269, 149426
2024/12/20, 00:00:00, 21900.00, 22311.00, 21900.00, 22142.25, 2095305, 56222
2024/12/23, 00:00:00, 22330.25, 22353.00, 22330.25, 22330.25, 1468211, 53151
2024/12/24, 00:00:00, 22605.25, 22605.25, 22605.25, 22605.25, 652032, 56789
2024/12/26, 00:00:00, 22587.25, 22587.25, 22587.25, 22587.25, 1057501, 55743
2024/12/27, 00:00:00, 22371.00, 22371.00, 22300.75, 22371.00, 1426060, 56429
2024/12/30, 00:00:00, 22200.00, 22200.00, 22062.50, 22075.00, 1398992, 60461
2024/12/31, 00:00:00, 21888.00, 21888.00, 21888.00, 21888.00, 1369102, 56209
2025/1/2, 00:00:00, 21827.00, 21944.50, 21827.00, 21827.00, 1988957, 63136
2025/1/3, 00:00:00, 22182.50, 22182.50, 22182.50, 22182.50, 1348264, 59262
2025/1/6, 00:00:00, 22410.00, 22410.00, 22410.00, 22410.00, 1506790, 61196
2025/1/7, 00:00:00, 22025.00, 22025.00, 22025.00, 22025.00, 1829061, 66460
2025/1/8, 00:00:00, 21900.00, 22024.00, 21900.00, 22024.00, 1855036, 63536
2025/1/9, 00:00:00, 21900.00, 22024.00, 21900.00, 22024.00, 272264, 64268
2025/1/10, 00:00:00, 21900.00, 21900.00, 21678.75, 21678.75, 2157545, 64859
2025/1/13, 00:00:00, 21412.00, 21610.25, 21412.00, 21610.25, 1914584, 71829
2025/1/14, 00:00:00, 21717.00, 21777.00, 21582.00, 21582.00, 1865881, 75820
2025/1/15, 00:00:00, 21950.00, 22065.75, 21950.00, 22065.75, 1502400, 75316
2025/1/16, 00:00:00, 22007.50, 22110.00, 21914.25, 21914.25, 1648701, 78996
2025/1/17, 00:00:00, 22227.00, 22350.00, 22227.00, 22259.50, 1506231, 87301
2025/1/21, 00:00:00, 22375.25, 22392.75, 22375.25, 22375.25, 2103851, 90781
2025/1/22, 00:00:00, 22555.00, 22700.00, 22555.00, 22675.00, 1195038, 95958
2025/1/23, 00:00:00, 22712.75, 22712.75, 22712.75, 22712.75, 1178650, 96698
2025/1/24, 00:00:00, 22585.25, 22585.25, 22585.25, 22585.25, 1279703, 100680
2025/1/27, 00:00:00, 22175.00, 22175.00, 21888.00, 21926.50, 2627007, 117979
2025/1/28, 00:00:00, 21999.00, 22249.75, 21999.00, 22249.75, 1831525, 116345
2025/1/29, 00:00:00, 22193.00, 22299.25, 22190.75, 22193.00, 1819002, 115418
2025/1/30, 00:00:00, 22327.00, 22327.00, 22241.25, 22295.00, 1815299, 116371
2025/1/31, 00:00:00, 22525.00, 22568.25, 22223.00, 22261.00, 1808081, 115299
2025/2/3, 00:00:00, 22074.75, 22074.75, 21790.75, 22074.75, 2318274, 122704
2025/2/4, 00:00:00, 22343.50, 22343.50, 22064.25, 22343.50, 1421262, 122843
2025/2/5, 00:00:00, 22437.75, 22437.75, 22308.00, 22437.75, 1333971, 124589
2025/2/6, 00:00:00, 22546.50, 22546.50, 22546.50, 22546.50, 1251902, 125499
2025/2/7, 00:00:00, 22264.75, 22264.75, 22264.75, 22264.75, 1579797, 129067
2025/2/10, 00:00:00, 22522.75, 22522.75, 22522.75, 22522.75, 1013915, 130270
2025/2/11, 00:00:00, 22462.25, 22462.25, 22433.75, 22462.25, 1133905, 128569
2025/2/12, 00:00:00, 22480.00, 22480.00, 22285.25, 22480.00, 1426212, 130616
2025/2/13, 00:00:00, 22790.00, 22790.00, 22790.00, 22790.00, 1459874, 135455
2025/2/14, 00:00:00, 22875.75, 22875.75, 22875.75, 22875.75, 1140514, 137466
2025/2/18, 00:00:00, 22950.00, 23000.00, 22877.00, 22911.25, 1463597, 139550
2025/2/19, 00:00:00, 22925.00, 22930.00, 22886.50, 22930.00, 1146264, 139469
2025/2/20, 00:00:00, 22736.25, 22819.25, 22725.25, 22819.25, 1328704, 142477
2025/2/21, 00:00:00, 22467.25, 22854.75, 22350.00, 22350.50, 1650907, 151522
2025/2/24, 00:00:00, 22450.00, 22450.00, 22092.25, 22092.25, 1750480, 155292
2025/2/25, 00:00:00, 22000.00, 22000.00, 21728.00, 21818.50, 2185251, 152770
2025/2/26, 00:00:00, 21998.00, 22034.00, 21837.50, 21856.00, 1785204, 155585
2025/2/27, 00:00:00, 21300.00, 22001.25, 21264.50, 21264.50, 2539305, 163544
2025/2/28, 00:00:00, 21350.00, 21581.25, 21319.25, 21573.75, 2458933, 160092
2025/3/3, 00:00:00, 21600.00, 21613.25, 21118.00, 21118.00, 2481067, 165034
2025/3/4, 00:00:00, 21131.25, 21200.00, 20810.00, 21044.25, 2672491, 162442
2025/3/5, 00:00:00, 21312.75, 21312.75, 21312.75, 21312.75, 2445681, 158562
2025/3/6, 00:00:00, 21000.00, 21000.00, 20700.00, 20725.00, 2449359, 163278
2025/3/7, 00:00:00, 20600.00, 20865.00, 20449.75, 20865.00, 2711519, 159085
2025/3/10, 00:00:00, 20630.00, 20750.00, 19900.00, 20069.25, 2666498, 172122
2025/3/11, 00:00:00, 19826.25, 20250.00, 19826.25, 20017.50, 3058111, 163362
2025/3/12, 00:00:00, 20000.00, 20282.50, 20000.00, 20178.75, 2435681, 163589
2025/3/13, 00:00:00, 19985.00, 20081.00, 19806.75, 19806.75, 2688098, 167658
2025/3/14, 00:00:00, 20000.00, 20276.75, 20000.00, 20276.75, 2120046, 172664
2025/3/17, 00:00:00, 20400.00, 20530.50, 20327.00, 20437.75, 1922806, 177323
2025/3/18, 00:00:00, 20096.75, 20096.75, 20092.00, 20096.75, 2051611, 189594
2025/3/19, 00:00:00, 20300.00, 20409.50, 20300.00, 20346.50, 1994263, 189644
2025/3/20, 00:00:00, 20247.00, 20366.75, 20217.00, 20277.00, 2069755, 143505
2025/3/21, 00:00:00, 20277.00, 20357.00, 20125.75, 20357.00, 1796592, 59410
2025/3/24, 00:00:00, 20425.50, 20780.50, 20425.50, 20773.50, 1321216, 68818
2025/3/25, 00:00:00, 20778.00, 20922.75, 20707.75, 20891.00, 1261402, 70401
2025/3/26, 00:00:00, 20885.00, 20916.25, 20450.00, 20519.00, 1608501, 76741
2025/3/27, 00:00:00, 20420.00, 20591.00, 20354.75, 20391.00, 1899830, 80057
2025/3/28, 00:00:00, 20384.00, 20384.00, 19761.25, 19845.00, 1941007, 89685
2025/3/31, 00:00:00, 19650.00, 19839.50, 19349.75, 19833.50, 2173451, 93086
2025/4/1, 00:00:00, 19740.25, 20000.00, 19645.50, 19977.00, 2258491, 94587
2025/4/2, 00:00:00, 20000.00, 20399.50, 19492.50, 20138.00, 2406027, 93081
2025/4/3, 00:00:00, 19450.00, 19519.25, 18985.75, 19042.00, 2518476, 107071
2025/4/4, 00:00:00, 19017.50, 19046.00, 17732.25, 17890.00, 3321304, 102382
2025/4/7, 00:00:00, 16866.50, 18526.00, 16845.75, 17916.00, 3538219, 106336
2025/4/8, 00:00:00, 17978.50, 18673.00, 17321.00, 17575.50, 2888332, 121946
2025/4/9, 00:00:00, 17393.50, 19737.50, 17060.00, 19658.25, 3078748, 117602
2025/4/10, 00:00:00, 19593.50, 19736.00, 18289.25, 18839.25, 2860158, 128826
2025/4/11, 00:00:00, 18899.00, 19225.00, 18446.75, 19171.50, 2495065, 131264
2025/4/14, 00:00:00, 19418.00, 19614.50, 19117.50, 19302.75, 2192471, 143215
2025/4/15, 00:00:00, 19210.00, 19500.00, 19193.75, 19325.75, 1818340, 142627
2025/4/16, 00:00:00, 19174.00, 19200.00, 18480.00, 18750.50, 2185234, 149068
2025/4/17, 00:00:00, 18754.00, 18980.00, 18628.00, 18749.00, 2039229, 147546
2025/4/21, 00:00:00, 18712.50, 18712.50, 18041.50, 18281.50, 1617969, 154404
2025/4/22, 00:00:00, 18329.00, 18838.50, 18230.75, 18745.75, 1881525, 151870
2025/4/23, 00:00:00, 19000.00, 19501.00, 18999.00, 19169.25, 2132278, 157268
2025/4/24, 00:00:00, 19101.00, 19737.00, 18974.50, 19693.75, 1896008, 166930
2025/4/25, 00:00:00, 19781.75, 19946.00, 19600.75, 19907.00, 1985393, 176538
2025/4/28, 00:00:00, 19769.75, 19962.25, 19631.00, 19899.75, 1701062, 179372
2025/4/29, 00:00:00, 19868.50, 20035.00, 19762.00, 20013.75, 1630244, 189289
2025/4/30, 00:00:00, 19934.75, 20247.50, 19485.00, 20030.25, 2022273, 197689
2025/5/1, 00:00:00, 20283.00, 20482.50, 20145.75, 20251.00, 1765428, 201965
2025/5/2, 00:00:00, 20181.00, 20642.00, 20132.25, 20579.75, 1647938, 209155
2025/5/5, 00:00:00, 20487.50, 20546.50, 20345.50, 20439.25, 1340555, 214543
2025/5/6, 00:00:00, 20395.25, 20398.00, 20129.75, 20256.25, 1644493, 222016
2025/5/7, 00:00:00, 20334.00, 20483.00, 20067.25, 20341.25, 1841328, 227303
2025/5/8, 00:00:00, 20342.25, 20723.00, 20302.25, 20532.50, 1781054, 233373
2025/5/9, 00:00:00, 20532.50, 20638.00, 20454.75, 20522.50, 1444708, 232963
2025/5/12, 00:00:00, 20741.75, 21386.00, 20741.75, 21349.00, 1773364, 237648
2025/5/13, 00:00:00, 21341.25, 21755.00, 21241.00, 21683.75, 1405966, 238228
2025/5/14, 00:00:00, 21665.25, 21836.50, 21664.50, 21816.00, 1430759, 239472
2025/5/15, 00:00:00, 21782.00, 21949.50, 21628.50, 21828.75, 1378205, 239244
2025/5/16, 00:00:00, 21859.25, 21944.50, 21755.25, 21939.75, 1134195, 237479
2025/5/19, 00:00:00, 21765.00, 21981.25, 21558.75, 21964.25, 1393439, 222883
2025/5/20, 00:00:00, 21924.75, 22011.75, 21736.25, 21886.00, 1225390, 217420
2025/5/21, 00:00:00, 21835.00, 21995.25, 21522.00, 21592.00, 1699292, 212629
2025/5/22, 00:00:00, 21573.50, 21763.50, 21463.25, 21613.25, 1451644, 211655
2025/5/23, 00:00:00, 21615.00, 21651.75, 21168.00, 21404.75, 1620283, 211833
2025/5/27, 00:00:00, 21423.25, 21916.25, 21399.25, 21896.75, 1556171, 204499
2025/5/28, 00:00:00, 21899.75, 21995.00, 21783.75, 21817.75, 1171132, 198933
2025/5/29, 00:00:00, 22008.00, 22287.25, 21735.00, 21847.25, 1703784, 202109
2025/5/30, 00:00:00, 21729.00, 21854.75, 21516.00, 21815.00, 1607286, 199746
2025/6/2, 00:00:00, 21749.50, 22005.00, 21615.25, 21972.50, 1189965, 208524
2025/6/3, 00:00:00, 22008.00, 22193.00, 21847.50, 22144.00, 1145331, 210920
2025/6/4, 00:00:00, 22157.50, 22233.50, 22089.50, 22205.75, 1129234, 213807
2025/6/5, 00:00:00, 22194.50, 22370.00, 21943.25, 22020.50, 1625635, 217488
2025/6/6, 00:00:00, 21938.25, 22310.00, 21930.00, 22231.00, 1227695, 215491
2025/6/9, 00:00:00, 22258.25, 22328.50, 22170.00, 22263.00, 996028, 216123
2025/6/10, 00:00:00, 22279.25, 22438.50, 22180.00, 22404.00, 1250243, 217827
2025/6/11, 00:00:00, 22394.00, 22531.75, 22239.00, 22329.00, 1542365, 219294
2025/6/12, 00:00:00, 22334.50, 22411.75, 22164.00, 22375.50, 1262388, 227496
2025/6/13, 00:00:00, 22335.00, 22335.00, 21921.00, 22076.75, 1884141, 230609
2025/6/16, 00:00:00, 21990.00, 22437.25, 21962.75, 22384.00, 1137649, 235392
2025/6/17, 00:00:00, 22365.00, 22391.25, 22128.25, 22172.50, 1565518, 231581
2025/6/18, 00:00:00, 22127.00, 22307.75, 22084.50, 22162.00, 1439687, 196350
2025/6/20, 00:00:00, 22146.75, 22341.50, 21876.00, 22058.25, 2059156, 48287
2025/6/23, 00:00:00, 21898.00, 22306.50, 21796.25, 22288.25, 1571982, 59619
2025/6/24, 00:00:00, 22319.50, 22664.75, 22285.75, 22629.25, 1145622, 66181
2025/6/25, 00:00:00, 22602.00, 22764.75, 22602.00, 22676.75, 1040519, 68536
2025/6/26, 00:00:00, 22674.50, 22910.00, 22654.75, 22886.75, 1015122, 75637
2025/6/27, 00:00:00, 22886.75, 23038.75, 22820.00, 22971.50, 1225921, 77196
2025/6/30, 00:00:00, 22982.50, 23153.00, 22982.50, 23114.75, 1138407, 81689
2025/7/1, 00:00:00, 23097.25, 23135.00, 22816.50, 22911.25, 1299887, 87750
2025/7/2, 00:00:00, 22929.50, 23083.50, 22803.75, 23063.25, 1008244, 90301
2025/7/3, 00:00:00, 23066.00, 23328.00, 23046.00, 23289.75, 662768, 98575
2025/7/7, 00:00:00, 23188.00, 23249.00, 23006.75, 23109.75, 1541528, 95040
2025/7/8, 00:00:00, 23079.75, 23197.25, 23036.50, 23123.50, 1092785, 94661
2025/7/9, 00:00:00, 23145.50, 23338.50, 23072.75, 23280.50, 1126002, 96226
2025/7/10, 00:00:00, 23274.00, 23316.25, 23126.75, 23241.00, 1045268, 98347
2025/7/11, 00:00:00, 23250.50, 23274.00, 23059.75, 23186.75, 1203668, 95623
2025/7/14, 00:00:00, 23099.00, 23293.75, 23034.50, 23264.50, 1018100, 103942
2025/7/15, 00:00:00, 23276.75, 23462.25, 23227.00, 23289.25, 1363063, 102323
2025/7/16, 00:00:00, 23262.75, 23331.00, 23067.00, 23308.25, 1387977, 102726
2025/7/17, 00:00:00, 23303.75, 23513.75, 23250.75, 23485.00, 1036727, 110938
2025/7/18, 00:00:00, 23490.75, 23557.75, 23393.00, 23458.50, 1039859, 104288
2025/7/21, 00:00:00, 23458.25, 23658.25, 23442.25, 23577.25, 952294, 107735
2025/7/22, 00:00:00, 23585.75, 23600.50, 23337.75, 23461.50, 1224739, 105626
2025/7/23, 00:00:00, 23438.50, 23651.00, 23383.50, 23547.25, 1248802, 105181
2025/7/24, 00:00:00, 23633.00, 23664.75, 23535.50, 23614.75, 1034350, 108679
2025/7/25, 00:00:00, 23636.00, 23711.50, 23569.25, 23658.50, 903227, 108051
2025/7/28, 00:00:00, 23743.25, 23824.75, 23676.00, 23728.25, 949107, 111637
2025/7/29, 00:00:00, 23740.00, 23889.00, 23659.75, 23688.50, 1135867, 118827
2025/7/30, 00:00:00, 23692.25, 23928.00, 23592.00, 23719.25, 1216566, 115881
2025/7/31, 00:00:00, 23930.75, 24087.00, 23535.25, 23604.25, 1751639, 126354
2025/8/1, 00:00:00, 23550.00, 23582.50, 23010.00, 23109.00, 1922231, 125965
2025/8/4, 00:00:00, 23055.00, 23583.75, 23045.50, 23523.25, 1220108, 130558
2025/8/5, 00:00:00, 23590.00, 23635.00, 23305.25, 23359.00, 1529044, 127775
2025/8/6, 00:00:00, 23330.25, 23672.00, 23274.50, 23651.75, 1358622, 129750
2025/8/7, 00:00:00, 23635.00, 23904.00, 23561.00, 23727.00, 1633581, 123327
2025/8/8, 00:00:00, 23765.50, 24001.00, 23737.25, 23949.25, 1110921, 123500
2025/8/11, 00:00:00, 24014.00, 24039.25, 23822.50, 23872.50, 1090727, 122800
2025/8/12, 00:00:00, 23875.00, 24185.75, 23831.50, 24172.50, 1185867, 132352
2025/8/13, 00:00:00, 24173.75, 24304.00, 24120.00, 24179.50, 1114230, 133879
2025/8/14, 00:00:00, 24164.75, 24242.75, 24024.25, 24166.50, 1190518, 140237
2025/8/15, 00:00:00, 24122.50, 24197.50, 23969.25, 24040.75, 1145067, 142526
2025/8/18, 00:00:00, 24067.00, 24118.75, 23955.50, 24034.25, 1010956, 143765
2025/8/19, 00:00:00, 24041.50, 24073.00, 23658.00, 23702.25, 1399236, 148813
2025/8/20, 00:00:00, 23700.00, 23717.25, 23264.75, 23556.75, 1760826, 143843
2025/8/21, 00:00:00, 23549.50, 23602.50, 23353.50, 23453.50, 1595460, 145189
2025/8/22, 00:00:00, 23464.75, 23883.50, 23313.50, 23805.25, 1531376, 145808
2025/8/25, 00:00:00, 23831.00, 23853.75, 23678.25, 23733.75, 1140238, 147197
2025/8/26, 00:00:00, 23738.25, 23847.25, 23607.00, 23827.75, 1264945, 139670
2025/8/27, 00:00:00, 23845.00, 23911.50, 23670.25, 23864.00, 1162585, 136957
2025/8/28, 00:00:00, 23767.25, 24040.00, 23723.00, 24007.75, 1367259, 138666
2025/8/29, 00:00:00, 23975.00, 23999.00, 23634.25, 23696.25, 1422243, 134141
2025/9/2, 00:00:00, 23711.25, 23785.25, 23255.75, 23506.25, 2090097, 138361
2025/9/3, 00:00:00, 23617.00, 23762.50, 23534.25, 23682.00, 1529833, 136291
2025/9/4, 00:00:00, 23683.00, 23945.50, 23645.00, 23903.75, 1297869, 137394
2025/9/5, 00:00:00, 23903.75, 24136.50, 23736.00, 23915.50, 1837273, 131243
2025/9/8, 00:00:00, 23908.50, 24121.00, 23876.00, 24033.00, 1262592, 131208
2025/9/9, 00:00:00, 24033.00, 24152.25, 23960.00, 24108.00, 1189040, 134277
2025/9/10, 00:00:00, 24128.25, 24275.00, 24017.50, 24110.50, 1343017, 133241
2025/9/11, 00:00:00, 24096.00, 24281.00, 24081.00, 24248.25, 1181387, 133634
2025/9/12, 00:00:00, 24261.00, 24396.00, 24200.50, 24351.00, 1067329, 138079
2025/9/15, 00:00:00, 24351.75, 24557.50, 24317.50, 24550.75, 1005226, 148224
2025/9/16, 00:00:00, 24536.00, 24646.75, 24499.00, 24522.25, 997855, 144704
2025/9/17, 00:00:00, 24531.00, 24553.00, 24241.75, 24465.25, 1580564, 142522
2025/9/18, 00:00:00, 24504.00, 24815.75, 24492.50, 24705.50, 1418184, 112639
2025/9/19, 00:00:00, 24715.00, 24888.00, 24655.00, 24866.25, 1122580, 59482
2025/9/22, 00:00:00, 24851.50, 25027.25, 24748.50, 25003.00, 1052020, 67040
2025/9/23, 00:00:00, 24999.75, 25026.25, 24779.25, 24827.25, 1259902, 64670
2025/9/24, 00:00:00, 24839.75, 24913.25, 24628.00, 24739.25, 1264841, 67704
2025/9/25, 00:00:00, 24747.00, 24792.50, 24422.00, 24629.25, 1799857, 70677
2025/9/26, 00:00:00, 24640.00, 24747.25, 24520.00, 24726.75, 1564116, 72393
2025/9/29, 00:00:00, 24727.25, 24975.00, 24723.75, 24837.75, 1278341, 71451
2025/9/30, 00:00:00, 24812.00, 24913.75, 24722.50, 24901.75, 1466466, 76012
2025/10/1, 00:00:00, 24844.50, 25037.00, 24633.75, 25017.50, 1345703, 81264
2025/10/2, 00:00:00, 25009.50, 25180.00, 24993.75, 25110.00, 1281919, 79713
2025/10/3, 00:00:00, 25105.00, 25197.00, 24923.00, 24992.00, 1391295, 81000
2025/10/6, 00:00:00, 24994.00, 25253.00, 24994.00, 25184.75, 1127881, 83883
2025/10/7, 00:00:00, 25184.00, 25274.75, 24985.25, 25039.25, 1494286, 88841
2025/10/8, 00:00:00, 25055.00, 25364.75, 25026.25, 25331.00, 1149530, 92519
2025/10/9, 00:00:00, 25354.50, 25393.00, 25160.75, 25289.25, 1401742, 91800
2025/10/10, 00:00:00, 25284.75, 25388.00, 24157.75, 24397.00, 2423706, 111629
2025/10/13, 00:00:00, 24482.00, 24965.00, 24482.00, 24922.25, 1977813, 105647
2025/10/14, 00:00:00, 24905.00, 25044.50, 24423.25, 24762.50, 2349000, 111697
2025/10/15, 00:00:00, 24752.50, 25117.75, 24663.50, 24924.50, 2127873, 112662
2025/10/16, 00:00:00, 24939.00, 25179.75, 24643.25, 24831.25, 2580221, 117636
2025/10/17, 00:00:00, 24793.75, 25054.25, 24410.25, 24986.50, 2581008, 111046
2025/10/20, 00:00:00, 25067.00, 25355.00, 24956.00, 25305.25, 1331156, 106606
2025/10/21, 00:00:00, 25326.25, 25368.00, 25203.00, 25294.75, 1382165, 105092
2025/10/22, 00:00:00, 25277.00, 25338.50, 24805.25, 25039.25, 2091475, 105542
2025/10/23, 00:00:00, 25014.75, 25295.00, 24933.25, 25254.00, 1549899, 99887
2025/10/24, 00:00:00, 25285.00, 25569.00, 25275.50, 25509.25, 1230391, 104496
2025/10/27, 00:00:00, 25698.50, 26026.00, 25698.50, 25963.75, 983644, 111619
2025/10/28, 00:00:00, 26002.50, 26232.00, 25942.25, 26163.50, 1150599, 113693
2025/10/29, 00:00:00, 26180.25, 26378.50, 26047.50, 26262.50, 1671999, 112963
2025/10/30, 00:00:00, 26160.50, 26399.50, 25853.00, 25882.75, 2115930, 112769
2025/10/31, 00:00:00, 26156.00, 26273.00, 25887.75, 26004.00, 1782766, 112913
2025/11/3, 00:00:00, 26026.00, 26265.75, 26012.50, 26103.25, 1428053, 113488
2025/11/4, 00:00:00, 26105.50, 26105.50, 25517.00, 25575.25, 2025081, 120513
2025/11/5, 00:00:00, 25545.00, 25878.50, 25282.75, 25746.25, 1771420, 112687
2025/11/6, 00:00:00, 25732.00, 25823.75, 25197.25, 25244.25, 2280191, 127821
2025/11/7, 00:00:00, 25311.00, 25354.75, 24709.00, 25166.25, 2578750, 129189
2025/11/10, 00:00:00, 25319.75, 25760.00, 25268.75, 25714.50, 1766260, 132432
2025/11/11, 00:00:00, 25721.00, 25768.75, 25478.50, 25640.75, 1588496, 138992
2025/11/12, 00:00:00, 25676.50, 25830.50, 25488.75, 25623.75, 1753401, 146249
2025/11/13, 00:00:00, 25626.25, 25721.75, 25002.00, 25094.75, 2606711, 157396
2025/11/14, 00:00:00, 25100.00, 25293.50, 24626.00, 25094.00, 2717625, 152108
2025/11/17, 00:00:00, 25144.00, 25362.00, 24732.00, 24879.00, 2609687, 154067
2025/11/18, 00:00:00, 24904.75, 24959.75, 24380.00, 24595.75, 3092874, 159579
2025/11/19, 00:00:00, 24547.00, 24988.00, 24446.50, 24721.75, 2881955, 155297
2025/11/20, 00:00:00, 24968.75, 25310.00, 24056.75, 24131.50, 3244767, 195776
2025/11/21, 00:00:00, 24096.75, 24596.50, 23904.00, 24305.50, 2960368, 182921
2025/11/24, 00:00:00, 24449.75, 24993.25, 24361.25, 24948.25, 1920280, 177568
2025/11/25, 00:00:00, 24973.25, 25135.75, 24602.00, 25085.50, 2114812, 187145
2025/11/26, 00:00:00, 25070.00, 25375.50, 25061.75, 25302.25, 1673064, 195887
2025/11/28, 00:00:00, 25324.75, 25500.25, 25285.75, 25482.00, 580998, 199382
2025/12/1, 00:00:00, 25484.00, 25542.25, 25193.50, 25391.25, 1830847, 201107
2025/12/2, 00:00:00, 25422.75, 25670.00, 25324.00, 25606.00, 1837575, 203707
2025/12/3, 00:00:00, 25613.50, 25685.75, 25420.75, 25657.50, 1580627, 217484
2025/12/4, 00:00:00, 25649.75, 25732.50, 25487.00, 25622.75, 1622373, 218696
2025/12/5, 00:00:00, 25631.00, 25867.75, 25579.00, 25732.00, 1544367, 212130
2025/12/8, 00:00:00, 25748.50, 25860.75, 25563.75, 25664.00, 1401060, 217570
2025/12/9, 00:00:00, 25713.00, 25738.50, 25560.00, 25699.75, 1209791, 217362
2025/12/10, 00:00:00, 25681.00, 25869.75, 25528.25, 25798.00, 1718468, 218933
2025/12/11, 00:00:00, 25777.75, 25862.50, 25382.00, 25713.50, 1985586, 217662
2025/12/12, 00:00:00, 25719.50, 25733.75, 25117.75, 25213.50, 2278042, 234142
2025/12/15, 00:00:00, 25214.50, 25410.00, 25034.50, 25093.25, 1812584, 242587
2025/12/16, 00:00:00, 25100.00, 25202.25, 24826.00, 25139.00, 2255401, 251741
2025/12/17, 00:00:00, 25100.00, 25266.00, 24658.75, 24668.75, 2119348, 266476
2025/12/18, 00:00:00, 24740.00, 25178.25, 24674.50, 25028.25, 2148321, 163386
2025/12/19, 00:00:00, 24987.50, 25161.75, 24976.50, 25132.79, 1367773, 81346
