Date, Time, Open, High, Low, Last, Volume, NumberOfTrades, BidVolume, AskVolume
2025/11/19, 20:15:00, 24706.00, 24830.25, 24664.25, 24723.75, 215513, 193271, 107029, 108484
2025/11/19, 21:15:00, 24724.00, 24976.25, 24704.25, 24959.75, 107608, 98091, 53107, 54501
2025/11/19, 22:15:00, 24968.75, 25084.25, 24950.50, 25081.50, 23861, 20096, 10730, 13131
2025/11/19, 23:15:00, 25082.25, 25117.25, 25031.50, 25100.50, 48766, 44280, 24264, 24502
2025/11/20, 00:15:00, 25100.00, 25161.50, 25100.00, 25113.75, 40270, 36587, 20176, 20094
2025/11/20, 01:15:00, 25113.75, 25174.75, 25113.00, 25143.50, 31156, 28419, 15549, 15607
2025/11/20, 02:15:00, 25143.00, 25194.25, 25129.00, 25180.50, 27464, 24411, 13568, 13896
2025/11/20, 03:15:00, 25180.50, 25196.25, 25139.00, 25164.00, 28633, 25768, 14595, 14038
2025/11/20, 04:15:00, 25164.00, 25209.00, 25150.75, 25188.50, 20881, 18748, 10362, 10519
2025/11/20, 05:15:00, 25188.75, 25196.50, 25154.75, 25171.75, 19477, 17476, 10161, 9316
2025/11/20, 06:15:00, 25171.75, 25184.50, 25132.50, 25177.00, 26421, 24111, 13829, 12592
2025/11/20, 07:15:00, 25177.25, 25207.00, 25121.00, 25154.25, 34163, 31345, 17441, 16722
2025/11/20, 08:15:00, 25154.50, 25184.75, 25105.50, 25129.25, 33940, 32003, 17633, 16307
2025/11/20, 09:15:00, 25128.00, 25135.75, 25022.00, 25035.00, 41346, 38007, 21927, 19419
2025/11/20, 10:15:00, 25035.00, 25125.75, 25035.00, 25086.00, 38394, 35194, 18650, 19744
2025/11/20, 11:15:00, 25086.50, 25127.50, 25047.50, 25077.50, 43746, 40707, 21866, 21880
2025/11/20, 12:15:00, 25077.50, 25181.00, 25068.25, 25171.75, 39850, 36230, 19218, 20632
2025/11/20, 13:15:00, 25171.00, 25178.25, 25119.00, 25138.75, 15453, 14192, 8110, 7343
2025/11/20, 13:30:00, 25139.00, 25265.00, 25135.00, 25211.75, 139932, 127715, 68413, 71519
2025/11/20, 14:30:00, 25211.75, 25300.25, 25145.00, 25258.50, 457362, 416760, 227618, 229744
2025/11/20, 15:30:00, 25258.50, 25310.00, 24883.75, 24904.50, 455552, 396778, 235496, 220056
2025/11/20, 16:30:00, 24905.00, 24928.25, 24353.50, 24450.75, 598881, 525273, 306669, 292212
2025/11/20, 17:30:00, 24449.25, 24599.00, 24308.25, 24501.00, 380731, 350881, 191988, 188743
2025/11/20, 18:30:00, 24501.00, 24522.50, 24204.50, 24347.75, 265691, 245226, 134249, 131442
2025/11/20, 19:30:00, 24347.50, 24402.00, 24260.25, 24298.25, 165402, 152319, 83762, 81640
2025/11/20, 20:15:00, 24297.00, 24348.25, 24069.75, 24114.25, 228056, 210719, 116502, 111554
2025/11/20, 21:15:00, 24113.75, 24123.50, 24071.50, 24075.50, 26755, 24501, 14121, 12634
2025/11/20, 22:15:00, 24096.75, 24131.25, 24018.00, 24073.00, 24115, 20005, 12384, 11731
2025/11/20, 23:15:00, 24072.25, 24178.00, 24072.25, 24169.25, 59841, 55539, 29727, 30114
2025/11/21, 00:15:00, 24169.50, 24207.25, 24156.75, 24183.75, 44309, 41103, 22299, 22010
2025/11/21, 01:15:00, 24183.00, 24235.00, 24157.00, 24166.50, 53464, 49432, 27139, 26325
2025/11/21, 02:15:00, 24166.75, 24217.00, 24159.00, 24183.25, 42793, 40210, 21550, 21243
2025/11/21, 03:15:00, 24183.75, 24237.75, 24163.25, 24181.25, 34164, 31638, 16553, 17611
2025/11/21, 04:15:00, 24181.00, 24210.00, 24097.50, 24193.00, 45421, 41762, 23231, 22190
2025/11/21, 05:15:00, 24192.00, 24206.50, 24127.00, 24162.25, 27978, 25979, 14300, 13678
2025/11/21, 06:15:00, 24162.50, 24200.75, 24129.25, 24164.75, 25463, 23483, 12744, 12719
2025/11/21, 07:15:00, 24164.75, 24202.00, 24060.50, 24165.75, 56083, 52045, 28505, 27578
2025/11/21, 08:15:00, 24165.00, 24217.25, 24106.00, 24188.00, 47445, 43265, 23853, 23592
2025/11/21, 09:15:00, 24187.75, 24190.25, 23930.00, 23967.75, 71092, 64960, 38064, 33028
2025/11/21, 10:15:00, 23968.00, 24147.75, 23904.00, 24145.50, 72001, 65769, 34878, 37123
2025/11/21, 11:15:00, 24145.75, 24153.50, 23969.50, 24017.50, 67622, 61110, 36011, 31611
2025/11/21, 12:15:00, 24018.00, 24261.75, 23952.50, 24220.75, 135030, 121219, 65555, 69475
2025/11/21, 13:15:00, 24220.75, 24291.75, 24191.00, 24194.75, 32249, 29035, 16759, 15490
2025/11/21, 13:30:00, 24195.50, 24278.00, 24180.25, 24202.75, 94276, 86961, 47384, 46892
2025/11/21, 14:30:00, 24202.75, 24298.25, 24027.00, 24046.00, 511229, 466301, 257270, 253959
2025/11/21, 15:30:00, 24045.50, 24177.25, 23927.25, 24175.50, 391499, 361970, 193152, 198347
2025/11/21, 16:30:00, 24175.25, 24391.75, 24139.00, 24358.50, 278200, 253909, 136449, 141751
2025/11/21, 17:30:00, 24357.25, 24416.00, 24203.25, 24264.75, 223961, 203491, 113262, 110699
2025/11/21, 18:30:00, 24265.25, 24596.50, 24248.25, 24580.75, 244562, 224009, 118576, 125986
2025/11/21, 19:30:00, 24580.75, 24595.00, 24426.75, 24477.50, 139284, 128952, 70279, 69005
2025/11/21, 20:15:00, 24477.50, 24494.75, 24285.00, 24324.00, 207181, 191754, 104548, 102633
2025/11/21, 21:15:00, 24324.25, 24360.50, 24310.25, 24349.25, 19435, 17589, 9304, 10131
2025/11/23, 22:15:00, 24449.75, 24536.25, 24445.50, 24487.00, 18636, 15532, 9216, 9420
2025/11/23, 23:15:00, 24486.25, 24506.00, 24423.50, 24439.75, 34830, 31846, 17646, 17184
2025/11/24, 00:15:00, 24439.75, 24473.75, 24404.00, 24459.75, 40830, 37162, 19912, 20918
2025/11/24, 01:15:00, 24460.25, 24483.00, 24428.00, 24437.50, 31832, 29331, 16136, 15696
2025/11/24, 02:15:00, 24437.25, 24522.75, 24436.25, 24516.75, 32735, 29815, 15700, 17035
2025/11/24, 03:15:00, 24517.25, 24523.00, 24445.75, 24453.50, 29675, 26974, 15817, 13858
2025/11/24, 04:15:00, 24453.50, 24505.50, 24431.50, 24500.50, 33566, 30570, 16637, 16929
2025/11/24, 05:15:00, 24501.00, 24511.75, 24475.25, 24477.25, 20851, 18946, 11331, 9520
2025/11/24, 06:15:00, 24477.00, 24495.75, 24450.25, 24473.25, 22433, 20305, 11287, 11146
2025/11/24, 07:15:00, 24472.50, 24525.50, 24456.00, 24504.25, 35115, 32337, 17245, 17870
2025/11/24, 08:15:00, 24505.00, 24563.25, 24504.25, 24516.25, 38602, 35718, 19396, 19206
2025/11/24, 09:15:00, 24517.25, 24533.50, 24365.75, 24402.75, 70389, 65266, 36409, 33980
2025/11/24, 10:15:00, 24402.75, 24430.50, 24361.25, 24391.75, 44113, 41495, 22410, 21703
2025/11/24, 11:15:00, 24391.25, 24463.50, 24383.50, 24431.25, 40039, 37581, 19606, 20433
2025/11/24, 12:15:00, 24432.25, 24549.50, 24422.75, 24547.00, 48683, 44976, 23320, 25363
2025/11/24, 13:15:00, 24546.75, 24559.25, 24526.25, 24551.75, 12621, 11462, 6459, 6162
2025/11/24, 13:30:00, 24553.00, 24574.50, 24491.00, 24522.75, 73610, 66413, 38014, 35596
2025/11/24, 14:30:00, 24522.25, 24769.50, 24513.50, 24739.00, 488581, 448097, 240082, 248499
2025/11/24, 15:30:00, 24738.25, 24882.50, 24710.25, 24864.50, 211913, 191673, 103516, 108397
2025/11/24, 16:30:00, 24863.75, 24893.75, 24828.75, 24883.75, 142991, 127962, 71812, 71179
2025/11/24, 17:30:00, 24883.75, 24954.25, 24881.00, 24931.00, 112229, 97801, 54435, 57794
2025/11/24, 18:30:00, 24931.00, 24960.50, 24913.50, 24932.75, 83070, 72457, 41625, 41445
2025/11/24, 19:30:00, 24933.00, 24952.75, 24893.25, 24939.75, 90411, 79959, 45496, 44915
2025/11/24, 20:15:00, 24939.50, 24993.25, 24924.75, 24960.00, 138952, 121518, 69012, 69940
2025/11/24, 21:15:00, 24959.75, 24975.25, 24948.25, 24962.50, 16892, 15058, 8516, 8376
2025/11/24, 22:15:00, 24973.25, 24982.75, 24955.50, 24965.00, 9014, 7586, 4581, 4433
2025/11/24, 23:15:00, 24965.00, 24986.75, 24931.50, 24937.25, 24201, 21857, 12528, 11673
2025/11/25, 00:15:00, 24937.00, 24964.00, 24918.75, 24942.25, 27122, 24727, 13636, 13486
2025/11/25, 01:15:00, 24942.50, 24952.75, 24919.50, 24935.50, 21339, 19422, 10725, 10614
2025/11/25, 02:15:00, 24935.50, 24956.75, 24928.00, 24951.00, 18650, 16907, 9356, 9294
2025/11/25, 03:15:00, 24951.25, 24959.00, 24915.00, 24937.50, 20170, 18463, 10206, 9964
2025/11/25, 04:15:00, 24937.75, 24954.00, 24925.25, 24952.00, 14343, 13073, 6694, 7649
2025/11/25, 05:15:00, 24952.50, 24955.50, 24913.25, 24929.50, 15825, 14350, 7974, 7851
2025/11/25, 06:15:00, 24929.50, 24929.50, 24880.75, 24891.50, 21534, 19044, 11666, 9868
2025/11/25, 07:15:00, 24891.50, 24936.00, 24885.25, 24887.25, 26379, 23752, 13215, 13164
2025/11/25, 08:15:00, 24887.50, 24927.25, 24856.00, 24881.75, 31959, 29091, 16278, 15681
2025/11/25, 09:15:00, 24881.75, 24884.25, 24821.75, 24867.50, 39171, 34178, 19711, 19460
2025/11/25, 10:15:00, 24868.00, 24897.75, 24835.25, 24888.50, 26569, 23650, 13117, 13452
2025/11/25, 11:15:00, 24889.25, 24934.75, 24844.25, 24926.50, 36703, 31952, 17818, 18885
2025/11/25, 12:15:00, 24926.25, 24975.50, 24880.50, 24910.75, 66210, 58087, 32932, 33278
2025/11/25, 13:15:00, 24911.00, 24950.25, 24906.25, 24940.00, 12714, 11083, 5936, 6778
2025/11/25, 13:30:00, 24938.25, 24958.00, 24841.50, 24856.75, 90026, 78964, 47013, 43013
2025/11/25, 14:30:00, 24856.75, 24882.00, 24602.00, 24781.50, 595544, 519136, 302032, 293512
2025/11/25, 15:30:00, 24781.00, 24883.00, 24761.25, 24854.25, 326471, 286078, 162444, 164027
2025/11/25, 16:30:00, 24854.25, 25017.25, 24838.50, 24991.25, 192864, 168304, 93062, 99802
2025/11/25, 17:30:00, 24991.25, 25061.25, 24976.50, 25022.75, 154806, 134400, 77263, 77543
2025/11/25, 18:30:00, 25023.00, 25049.50, 24954.50, 24982.50, 113946, 98972, 59039, 54907
2025/11/25, 19:30:00, 24982.00, 25045.75, 24938.00, 25030.25, 92280, 81685, 45492, 46788
2025/11/25, 20:15:00, 25030.00, 25135.75, 25024.75, 25077.50, 118275, 103936, 57829, 60446
2025/11/25, 21:15:00, 25077.50, 25082.00, 25059.25, 25064.50, 11155, 9486, 5822, 5333
2025/11/25, 22:15:00, 25070.00, 25094.25, 25064.50, 25088.00, 6120, 5017, 2874, 3246
2025/11/25, 23:15:00, 25089.00, 25093.25, 25061.75, 25081.75, 16666, 14878, 8220, 8446
2025/11/26, 00:15:00, 25082.25, 25144.50, 25081.75, 25142.25, 23131, 20345, 11018, 12113
2025/11/26, 01:15:00, 25142.50, 25171.00, 25136.00, 25164.00, 25233, 22243, 12616, 12617
2025/11/26, 02:15:00, 25164.75, 25196.50, 25155.25, 25173.75, 19974, 17139, 10063, 9911
2025/11/26, 03:15:00, 25173.75, 25188.75, 25168.00, 25181.25, 12906, 11307, 6716, 6190
2025/11/26, 04:15:00, 25182.25, 25191.00, 25160.50, 25183.75, 14930, 12897, 7446, 7484
2025/11/26, 05:15:00, 25184.00, 25202.75, 25183.00, 25196.50, 13319, 11591, 6277, 7042
2025/11/26, 06:15:00, 25196.25, 25221.50, 25186.25, 25214.25, 15332, 13122, 7287, 8045
2025/11/26, 07:15:00, 25215.00, 25236.00, 25181.75, 25207.25, 24104, 20964, 12384, 11720
2025/11/26, 08:15:00, 25206.50, 25224.75, 25153.50, 25162.50, 29025, 25584, 15488, 13537
2025/11/26, 09:15:00, 25162.75, 25188.00, 25137.50, 25182.50, 28115, 24157, 14010, 14105
2025/11/26, 10:15:00, 25182.50, 25203.75, 25159.25, 25197.50, 20782, 17356, 10135, 10647
2025/11/26, 11:15:00, 25197.75, 25215.25, 25120.75, 25133.75, 44252, 37874, 23080, 21172
2025/11/26, 12:15:00, 25134.00, 25191.75, 25118.75, 25187.50, 42469, 36954, 19916, 22553
2025/11/26, 13:15:00, 25186.75, 25209.00, 25182.50, 25195.75, 11200, 9514, 5511, 5689
2025/11/26, 13:30:00, 25195.50, 25230.00, 25172.75, 25222.00, 82349, 72706, 40620, 41729
2025/11/26, 14:30:00, 25222.00, 25281.50, 25134.75, 25191.00, 412049, 365982, 206582, 205467
2025/11/26, 15:30:00, 25191.00, 25338.50, 25191.00, 25323.00, 221920, 192386, 107071, 114849
2025/11/26, 16:30:00, 25323.50, 25375.50, 25306.25, 25338.25, 151869, 131875, 75700, 76169
2025/11/26, 17:30:00, 25339.00, 25369.75, 25281.25, 25347.50, 140502, 122229, 71387, 69115
2025/11/26, 18:30:00, 25347.75, 25349.00, 25286.25, 25344.50, 122351, 107596, 61179, 61172
2025/11/26, 19:30:00, 25345.50, 25356.00, 25307.75, 25355.00, 71834, 61907, 36348, 35486
2025/11/26, 20:15:00, 25355.25, 25360.25, 25293.50, 25313.25, 102275, 88751, 52868, 49407
2025/11/26, 21:15:00, 25313.75, 25327.25, 25301.25, 25314.50, 13719, 11977, 6811, 6908
2025/11/26, 22:15:00, 25316.75, 25338.00, 25312.00, 25318.50, 4098, 3137, 1874, 2224
2025/11/26, 23:15:00, 25317.25, 25334.50, 25311.50, 25327.75, 12381, 10952, 5756, 6625
2025/11/27, 00:15:00, 25328.00, 25339.25, 25311.50, 25316.75, 10634, 9282, 5317, 5317
2025/11/27, 01:15:00, 25316.50, 25339.50, 25303.25, 25332.75, 14163, 12368, 6725, 7438
2025/11/27, 02:15:00, 25332.75, 25336.50, 25304.75, 25308.75, 8115, 7076, 4408, 3707
2025/11/27, 03:15:00, 25309.25, 25322.50, 25306.50, 25311.50, 6497, 5579, 3171, 3326
2025/11/27, 04:15:00, 25311.50, 25335.00, 25307.25, 25333.25, 7835, 6595, 3679, 4156
2025/11/27, 05:15:00, 25333.00, 25337.00, 25315.25, 25316.50, 6104, 5090, 3437, 2667
2025/11/27, 06:15:00, 25316.50, 25321.25, 25298.75, 25310.50, 9153, 7814, 4980, 4173
2025/11/27, 07:15:00, 25310.50, 25326.25, 25292.75, 25310.75, 13402, 11912, 6552, 6850
2025/11/27, 08:15:00, 25310.50, 25328.75, 25297.00, 25302.25, 15132, 13800, 7294, 7838
2025/11/27, 09:15:00, 25301.25, 25326.50, 25297.25, 25303.75, 11201, 9748, 5643, 5558
2025/11/27, 10:15:00, 25303.50, 25322.00, 25299.75, 25313.50, 7186, 6406, 3653, 3533
2025/11/27, 11:15:00, 25313.50, 25325.25, 25303.00, 25310.50, 8836, 7667, 4369, 4467
2025/11/27, 12:15:00, 25310.75, 25311.25, 25290.50, 25295.00, 9629, 8226, 5193, 4436
2025/11/27, 13:15:00, 25294.50, 25302.00, 25288.00, 25299.25, 3294, 2914, 1814, 1480
2025/11/27, 13:30:00, 25298.75, 25315.25, 25288.75, 25301.00, 19464, 16594, 9795, 9669
2025/11/27, 14:30:00, 25301.50, 25318.00, 25287.00, 25303.25, 25255, 21961, 13231, 12024
2025/11/27, 15:30:00, 25303.50, 25304.50, 25285.75, 25301.50, 17544, 14904, 8883, 8661
2025/11/27, 16:30:00, 25301.75, 25302.50, 25290.75, 25296.50, 7417, 6276, 3801, 3616
2025/11/27, 17:30:00, 25296.00, 25303.00, 25295.25, 25299.75, 2716, 2351, 1238, 1478
2025/11/27, 22:15:00, 25303.50, 25328.50, 25303.00, 25317.00, 6301, 5284, 2781, 3520
2025/11/27, 23:15:00, 25316.00, 25350.00, 25306.25, 25347.00, 12593, 11178, 5846, 6747
2025/11/28, 00:15:00, 25347.25, 25361.00, 25331.00, 25358.00, 10137, 8649, 4843, 5294
2025/11/28, 01:15:00, 25358.00, 25366.00, 25335.75, 25341.00, 5339, 4172, 2919, 2420
2025/11/28, 02:15:00, 25341.00, 25348.75, 25339.25, 25345.00, 1058, 818, 509, 549
2025/11/28, 13:30:00, 25363.25, 25420.00, 25344.00, 25359.00, 17060, 13728, 8758, 8302
2025/11/28, 14:30:00, 25359.50, 25421.50, 25329.50, 25369.75, 93177, 76885, 46258, 46919
2025/11/28, 15:30:00, 25368.50, 25437.00, 25359.25, 25389.00, 77160, 65349, 38442, 38718
2025/11/28, 16:30:00, 25389.25, 25440.00, 25373.25, 25420.00, 66968, 54883, 32467, 34501
2025/11/28, 17:30:00, 25420.00, 25500.25, 25394.25, 25484.75, 68417, 58934, 33460, 34957
2025/11/30, 22:15:00, 25484.00, 25542.25, 25468.00, 25501.25, 16340, 13111, 8272, 8068
2025/11/30, 23:15:00, 25502.00, 25524.00, 25401.25, 25414.50, 47114, 43096, 24661, 22453
2025/12/1, 00:15:00, 25414.75, 25425.50, 25265.75, 25299.25, 78915, 71842, 41848, 37067
2025/12/1, 01:15:00, 25299.00, 25344.50, 25294.50, 25305.75, 47003, 42265, 22961, 24042
2025/12/1, 02:15:00, 25307.00, 25311.75, 25245.25, 25249.50, 42193, 37747, 22394, 19799
2025/12/1, 03:15:00, 25250.25, 25270.25, 25236.75, 25249.75, 33581, 29363, 16793, 16788
2025/12/1, 04:15:00, 25249.75, 25261.75, 25206.25, 25219.75, 30351, 26963, 16098, 14253
2025/12/1, 05:15:00, 25219.25, 25259.25, 25193.50, 25250.50, 32012, 27934, 15454, 16558
2025/12/1, 06:15:00, 25251.00, 25276.50, 25246.25, 25251.50, 25010, 22354, 12300, 12710
2025/12/1, 07:15:00, 25251.50, 25314.00, 25237.75, 25311.50, 30471, 27386, 13893, 16578
2025/12/1, 08:15:00, 25312.00, 25343.00, 25298.00, 25322.50, 32092, 29043, 16018, 16074
2025/12/1, 09:15:00, 25322.50, 25333.25, 25272.25, 25312.50, 28072, 25372, 14584, 13488
2025/12/1, 10:15:00, 25312.50, 25333.75, 25287.75, 25313.75, 23170, 20950, 11601, 11569
2025/12/1, 11:15:00, 25313.50, 25319.75, 25246.50, 25265.50, 28989, 26089, 15337, 13652
2025/12/1, 12:15:00, 25265.25, 25272.25, 25210.75, 25250.25, 44531, 39912, 22266, 22265
2025/12/1, 13:15:00, 25250.25, 25261.75, 25238.00, 25246.50, 11120, 9954, 5606, 5514
2025/12/1, 13:30:00, 25246.25, 25299.75, 25234.75, 25254.75, 57569, 50844, 28645, 28924
2025/12/1, 14:30:00, 25254.75, 25389.75, 25209.00, 25323.75, 346477, 308873, 172114, 174363
2025/12/1, 15:30:00, 25324.00, 25419.75, 25266.25, 25380.75, 256690, 223190, 128452, 128238
2025/12/1, 16:30:00, 25380.75, 25467.25, 25378.25, 25452.50, 150023, 129875, 73862, 76161
2025/12/1, 17:30:00, 25453.00, 25495.75, 25440.50, 25462.75, 101494, 86260, 50431, 51063
2025/12/1, 18:30:00, 25463.00, 25493.00, 25390.75, 25396.00, 111954, 95310, 57290, 54664
2025/12/1, 19:30:00, 25396.25, 25415.00, 25356.75, 25410.00, 112494, 96694, 55949, 56545
2025/12/1, 20:15:00, 25410.50, 25421.25, 25365.25, 25389.25, 124606, 106012, 62867, 61739
2025/12/1, 21:15:00, 25389.25, 25407.50, 25388.00, 25400.25, 11112, 9558, 5175, 5937
2025/12/1, 22:15:00, 25422.75, 25423.00, 25378.75, 25386.50, 10068, 8261, 5245, 4823
2025/12/1, 23:15:00, 25386.75, 25426.00, 25384.00, 25403.50, 24076, 21251, 11683, 12393
2025/12/2, 00:15:00, 25402.75, 25443.75, 25393.75, 25434.75, 21307, 18657, 10084, 11223
2025/12/2, 01:15:00, 25435.25, 25445.75, 25386.00, 25397.75, 23595, 20884, 12284, 11311
2025/12/2, 02:15:00, 25397.25, 25432.50, 25394.75, 25408.00, 15978, 13909, 7886, 8092
2025/12/2, 03:15:00, 25408.25, 25408.25, 25348.25, 25395.25, 32753, 28296, 16664, 16089
2025/12/2, 04:15:00, 25394.75, 25397.50, 25367.25, 25369.00, 13530, 12245, 7250, 6280
2025/12/2, 05:15:00, 25368.25, 25380.00, 25343.25, 25351.25, 14045, 12588, 7198, 6847
2025/12/2, 06:15:00, 25351.25, 25387.25, 25334.50, 25380.00, 18678, 16698, 9102, 9576
2025/12/2, 07:15:00, 25380.00, 25387.75, 25324.00, 25354.50, 22756, 20085, 11363, 11393
2025/12/2, 08:15:00, 25355.00, 25443.25, 25347.25, 25435.25, 31299, 26509, 14483, 16816
2025/12/2, 09:15:00, 25435.75, 25458.75, 25423.25, 25447.25, 22566, 19445, 11051, 11515
2025/12/2, 10:15:00, 25447.50, 25499.75, 25436.25, 25491.25, 25548, 21928, 12321, 13227
2025/12/2, 11:15:00, 25491.75, 25508.75, 25462.75, 25475.50, 25712, 22648, 13003, 12709
2025/12/2, 12:15:00, 25475.75, 25501.50, 25457.75, 25499.50, 31219, 27331, 14944, 16275
2025/12/2, 13:15:00, 25499.50, 25505.75, 25486.50, 25496.50, 8273, 7231, 4239, 4034
2025/12/2, 13:30:00, 25496.50, 25523.00, 25481.00, 25492.25, 56239, 48426, 28493, 27746
2025/12/2, 14:30:00, 25492.25, 25654.25, 25471.25, 25573.00, 357046, 313224, 176173, 180873
2025/12/2, 15:30:00, 25573.25, 25670.00, 25443.00, 25459.75, 357081, 305935, 184815, 172266
2025/12/2, 16:30:00, 25459.50, 25613.75, 25413.75, 25604.00, 245385, 209746, 120562, 124823
2025/12/2, 17:30:00, 25604.25, 25622.50, 25496.50, 25562.75, 162730, 140259, 83199, 79531
2025/12/2, 18:30:00, 25563.25, 25610.25, 25529.75, 25584.75, 129488, 111653, 64887, 64601
2025/12/2, 19:30:00, 25584.75, 25643.25, 25578.50, 25629.25, 79287, 68357, 38750, 40537
2025/12/2, 20:15:00, 25629.50, 25646.75, 25590.00, 25595.75, 92747, 78559, 47192, 45555
2025/12/2, 21:15:00, 25596.25, 25607.75, 25587.00, 25606.75, 8378, 7234, 4077, 4301
2025/12/2, 22:15:00, 25613.50, 25629.50, 25610.75, 25615.00, 5660, 4362, 2765, 2895
2025/12/2, 23:15:00, 25614.00, 25638.75, 25611.00, 25624.75, 13989, 12471, 6795, 7194
2025/12/3, 00:15:00, 25625.25, 25642.50, 25575.25, 25637.75, 33886, 29423, 16937, 16949
2025/12/3, 01:15:00, 25638.50, 25657.50, 25627.25, 25654.50, 17234, 15098, 8199, 9035
2025/12/3, 02:15:00, 25654.75, 25674.00, 25642.50, 25651.00, 19720, 17199, 9727, 9993
2025/12/3, 03:15:00, 25651.25, 25677.25, 25650.25, 25669.75, 12896, 11072, 6274, 6622
2025/12/3, 04:15:00, 25670.25, 25675.00, 25655.75, 25672.50, 9291, 8096, 4628, 4663
2025/12/3, 05:15:00, 25672.50, 25678.50, 25653.25, 25659.00, 10383, 9150, 5573, 4810
2025/12/3, 06:15:00, 25658.75, 25669.00, 25637.75, 25667.00, 14717, 12841, 7368, 7349
2025/12/3, 07:15:00, 25666.75, 25676.75, 25643.75, 25651.50, 16747, 14468, 8476, 8271
2025/12/3, 08:15:00, 25653.25, 25667.25, 25612.50, 25631.50, 29570, 24905, 15210, 14360
2025/12/3, 09:15:00, 25631.75, 25650.25, 25613.25, 25639.50, 21944, 19095, 11241, 10703
2025/12/3, 10:15:00, 25640.00, 25646.50, 25605.50, 25623.75, 16966, 14555, 8930, 8036
2025/12/3, 11:15:00, 25623.75, 25648.25, 25615.00, 25646.25, 19243, 16380, 9487, 9756
2025/12/3, 12:15:00, 25646.25, 25677.00, 25637.25, 25675.50, 20265, 17183, 9567, 10698
2025/12/3, 13:15:00, 25676.25, 25678.25, 25640.00, 25662.00, 15168, 12784, 7660, 7508
2025/12/3, 13:30:00, 25661.25, 25671.00, 25420.75, 25495.00, 179245, 158028, 92118, 87127
2025/12/3, 14:30:00, 25495.00, 25574.25, 25430.00, 25528.50, 364024, 323405, 183637, 180387
2025/12/3, 15:30:00, 25528.00, 25605.25, 25500.50, 25566.75, 247122, 216634, 124124, 122998
2025/12/3, 16:30:00, 25566.50, 25632.00, 25529.00, 25620.00, 180982, 155254, 89636, 91346
2025/12/3, 17:30:00, 25619.50, 25639.00, 25598.25, 25626.75, 87514, 75608, 43925, 43589
2025/12/3, 18:30:00, 25626.75, 25659.00, 25622.75, 25649.00, 77709, 65938, 37764, 39945
2025/12/3, 19:30:00, 25649.25, 25682.00, 25640.50, 25678.00, 52883, 42980, 25482, 27401
2025/12/3, 20:15:00, 25678.25, 25685.75, 25640.50, 25649.50, 93559, 76792, 48189, 45370
2025/12/3, 21:15:00, 25649.00, 25654.50, 25636.00, 25645.75, 10532, 8881, 5525, 5007
2025/12/3, 22:15:00, 25649.75, 25658.75, 25634.25, 25646.50, 6702, 5629, 3474, 3228
2025/12/3, 23:15:00, 25647.00, 25666.00, 25641.50, 25656.75, 13534, 11851, 6470, 7064
2025/12/4, 00:15:00, 25657.25, 25664.00, 25621.25, 25655.25, 18176, 16007, 9211, 8965
2025/12/4, 01:15:00, 25655.75, 25660.00, 25623.00, 25626.25, 16758, 14592, 8875, 7883
2025/12/4, 02:15:00, 25626.00, 25656.75, 25618.75, 25642.25, 14596, 12573, 7256, 7340
2025/12/4, 03:15:00, 25642.00, 25643.00, 25614.00, 25633.00, 14065, 12194, 7193, 6872
2025/12/4, 04:15:00, 25632.75, 25648.00, 25619.25, 25645.75, 11006, 9675, 5419, 5587
2025/12/4, 05:15:00, 25646.00, 25656.00, 25628.75, 25646.75, 11872, 10501, 5827, 6045
2025/12/4, 06:15:00, 25646.75, 25669.75, 25639.50, 25653.00, 13493, 11884, 6353, 7140
2025/12/4, 07:15:00, 25653.50, 25669.50, 25625.25, 25636.00, 16908, 15017, 8749, 8159
2025/12/4, 08:15:00, 25636.00, 25651.50, 25602.75, 25635.25, 25909, 22445, 13231, 12678
2025/12/4, 09:15:00, 25635.25, 25693.50, 25611.75, 25675.00, 26623, 22477, 12161, 14462
2025/12/4, 10:15:00, 25675.50, 25682.00, 25632.50, 25639.25, 21778, 18936, 11620, 10158
2025/12/4, 11:15:00, 25639.00, 25667.50, 25626.50, 25664.50, 21801, 19035, 10447, 11354
2025/12/4, 12:15:00, 25664.50, 25674.75, 25637.50, 25640.00, 23354, 19880, 12360, 10994
2025/12/4, 13:15:00, 25639.50, 25657.25, 25636.00, 25654.75, 5463, 4763, 2345, 3118
2025/12/4, 13:30:00, 25653.25, 25732.50, 25618.50, 25711.50, 91379, 79472, 44248, 47131
2025/12/4, 14:30:00, 25711.75, 25713.25, 25520.00, 25590.00, 368744, 332565, 189122, 179622
2025/12/4, 15:30:00, 25591.00, 25639.00, 25505.25, 25583.00, 245539, 213427, 125024, 120515
2025/12/4, 16:30:00, 25583.00, 25654.25, 25564.25, 25600.50, 159050, 138404, 79122, 79928
2025/12/4, 17:30:00, 25601.00, 25626.50, 25574.25, 25621.50, 107920, 93004, 54239, 53681
2025/12/4, 18:30:00, 25621.00, 25633.50, 25487.00, 25532.00, 140853, 122879, 73796, 67057
2025/12/4, 19:30:00, 25532.50, 25611.25, 25524.00, 25588.00, 120521, 105189, 60130, 60391
2025/12/4, 20:15:00, 25587.75, 25635.00, 25560.25, 25632.00, 109112, 93546, 53599, 55513
2025/12/4, 21:15:00, 25632.50, 25638.00, 25625.25, 25632.25, 9187, 7782, 4529, 4658
2025/12/4, 22:15:00, 25631.00, 25647.75, 25627.50, 25632.00, 6673, 5350, 3381, 3292
2025/12/4, 23:15:00, 25632.00, 25635.75, 25608.50, 25617.50, 14331, 12443, 7604, 6727
2025/12/5, 00:15:00, 25617.50, 25671.50, 25617.00, 25663.50, 19468, 17019, 9017, 10451
2025/12/5, 01:15:00, 25663.25, 25692.25, 25659.50, 25692.25, 17746, 14806, 8384, 9362
2025/12/5, 02:15:00, 25692.00, 25713.25, 25682.00, 25687.25, 19576, 16552, 9916, 9660
2025/12/5, 03:15:00, 25687.00, 25717.00, 25683.75, 25712.00, 14444, 12319, 6865, 7579
2025/12/5, 04:15:00, 25712.50, 25721.25, 25697.75, 25715.25, 12370, 10664, 6131, 6239
2025/12/5, 05:15:00, 25715.00, 25731.00, 25707.75, 25723.75, 10066, 8683, 4938, 5128
2025/12/5, 06:15:00, 25723.75, 25730.00, 25703.25, 25714.25, 14841, 12895, 7393, 7448
2025/12/5, 07:15:00, 25713.75, 25744.75, 25710.00, 25735.25, 16509, 14446, 7680, 8829
2025/12/5, 08:15:00, 25734.00, 25755.50, 25712.00, 25717.50, 22455, 19609, 11448, 11007
2025/12/5, 09:15:00, 25717.50, 25733.25, 25706.25, 25722.75, 14171, 12609, 6774, 7397
2025/12/5, 10:15:00, 25722.75, 25732.00, 25704.50, 25721.00, 12195, 10984, 6411, 5784
2025/12/5, 11:15:00, 25721.00, 25733.00, 25710.50, 25713.25, 14168, 12771, 7120, 7048
2025/12/5, 12:15:00, 25713.50, 25717.75, 25689.25, 25704.50, 21819, 18810, 11193, 10626
2025/12/5, 13:15:00, 25704.50, 25705.00, 25676.50, 25687.00, 9490, 7958, 4928, 4562
2025/12/5, 13:30:00, 25686.50, 25689.00, 25579.00, 25680.00, 102956, 89276, 52244, 50712
2025/12/5, 14:30:00, 25679.75, 25867.75, 25660.50, 25837.00, 330574, 288500, 160062, 170512
2025/12/5, 15:30:00, 25837.00, 25861.75, 25683.25, 25698.00, 285793, 247542, 148381, 137412
2025/12/5, 16:30:00, 25698.25, 25761.50, 25651.00, 25695.25, 186982, 162781, 93895, 93087
2025/12/5, 17:30:00, 25694.75, 25747.75, 25665.00, 25744.00, 121338, 103546, 59971, 61367
2025/12/5, 18:30:00, 25744.25, 25758.50, 25706.50, 25722.00, 93725, 80522, 47837, 45888
2025/12/5, 19:30:00, 25723.00, 25743.75, 25702.75, 25724.00, 60245, 52298, 30291, 29954
2025/12/5, 20:15:00, 25724.00, 25743.75, 25677.75, 25733.75, 102786, 86292, 52771, 50015
2025/12/5, 21:15:00, 25734.00, 25741.25, 25729.75, 25735.00, 9208, 7855, 4580, 4628
2025/12/7, 22:15:00, 25748.50, 25771.00, 25719.00, 25729.50, 10120, 8205, 5058, 5062
2025/12/7, 23:15:00, 25729.00, 25756.50, 25700.00, 25711.75, 21975, 19832, 10986, 10989
2025/12/8, 00:15:00, 25712.50, 25765.00, 25709.75, 25747.25, 19995, 17656, 9574, 10421
2025/12/8, 01:15:00, 25747.50, 25772.75, 25743.50, 25768.50, 14329, 12587, 6933, 7396
2025/12/8, 02:15:00, 25769.25, 25786.75, 25769.00, 25785.75, 14357, 12604, 6736, 7621
2025/12/8, 03:15:00, 25786.00, 25797.75, 25780.75, 25797.00, 10910, 9659, 5315, 5595
2025/12/8, 04:15:00, 25797.00, 25803.25, 25790.50, 25798.75, 9910, 8572, 4867, 5043
2025/12/8, 05:15:00, 25798.75, 25807.00, 25785.25, 25807.00, 9545, 8250, 4588, 4957
2025/12/8, 06:15:00, 25807.00, 25811.50, 25777.50, 25794.00, 13111, 11214, 6444, 6667
2025/12/8, 07:15:00, 25794.25, 25821.00, 25788.75, 25791.75, 16759, 14749, 8537, 8222
2025/12/8, 08:15:00, 25792.00, 25804.00, 25768.25, 25789.25, 16924, 14831, 8568, 8356
2025/12/8, 09:15:00, 25789.00, 25797.75, 25762.00, 25776.75, 16272, 14202, 8315, 7957
2025/12/8, 10:15:00, 25776.75, 25800.00, 25766.50, 25794.00, 15959, 13934, 7758, 8201
2025/12/8, 11:15:00, 25793.50, 25797.50, 25764.75, 25782.25, 17010, 14786, 8518, 8492
2025/12/8, 12:15:00, 25782.00, 25815.00, 25780.25, 25812.75, 20540, 17922, 10045, 10495
2025/12/8, 13:15:00, 25813.00, 25833.00, 25798.00, 25808.50, 13278, 10814, 6268, 7010
2025/12/8, 13:30:00, 25808.75, 25824.00, 25782.00, 25791.25, 42740, 36067, 21742, 20998
2025/12/8, 14:30:00, 25791.50, 25860.75, 25656.75, 25701.00, 306123, 261674, 157986, 148137
2025/12/8, 15:30:00, 25700.25, 25724.25, 25622.25, 25661.50, 195226, 166410, 100144, 95082
2025/12/8, 16:30:00, 25662.00, 25670.50, 25593.75, 25617.50, 132057, 114464, 69875, 62182
2025/12/8, 17:30:00, 25617.50, 25696.50, 25611.75, 25629.75, 147517, 125837, 73435, 74082
2025/12/8, 18:30:00, 25629.50, 25641.50, 25563.75, 25598.50, 134968, 117699, 69034, 65934
2025/12/8, 19:30:00, 25598.00, 25622.50, 25582.50, 25603.25, 67345, 57889, 33851, 33494
2025/12/8, 20:15:00, 25603.25, 25674.75, 25590.00, 25660.75, 98621, 82695, 48489, 50132
2025/12/8, 21:15:00, 25660.75, 25708.25, 25656.50, 25706.50, 25909, 21296, 12112, 13797
2025/12/8, 22:15:00, 25713.00, 25724.75, 25698.00, 25701.00, 10457, 8715, 5159, 5298
2025/12/8, 23:15:00, 25701.50, 25728.75, 25692.50, 25720.00, 16723, 14508, 7986, 8737
2025/12/9, 00:15:00, 25719.75, 25726.00, 25703.00, 25724.75, 15199, 13302, 7874, 7325
2025/12/9, 01:15:00, 25724.00, 25729.50, 25675.25, 25692.00, 22420, 19523, 11905, 10515
2025/12/9, 02:15:00, 25691.75, 25708.75, 25684.25, 25694.00, 13177, 11491, 6622, 6555
2025/12/9, 03:15:00, 25693.75, 25702.00, 25685.50, 25691.75, 10582, 9255, 5551, 5031
2025/12/9, 04:15:00, 25692.50, 25697.00, 25670.50, 25675.25, 8807, 7915, 4851, 3956
2025/12/9, 05:15:00, 25675.25, 25679.25, 25647.50, 25656.75, 13705, 11504, 7344, 6361
2025/12/9, 06:15:00, 25656.50, 25694.75, 25646.75, 25687.75, 14958, 13268, 7029, 7929
2025/12/9, 07:15:00, 25687.50, 25706.25, 25676.25, 25700.00, 14737, 13464, 7013, 7724
2025/12/9, 08:15:00, 25701.00, 25712.50, 25672.25, 25680.75, 16699, 14935, 8479, 8220
2025/12/9, 09:15:00, 25680.75, 25682.75, 25650.00, 25672.00, 15641, 13777, 7784, 7857
2025/12/9, 10:15:00, 25672.25, 25692.50, 25601.00, 25645.25, 40354, 34854, 21500, 18854
2025/12/9, 11:15:00, 25646.00, 25681.50, 25630.50, 25666.75, 20216, 17402, 9842, 10374
2025/12/9, 12:15:00, 25666.75, 25672.75, 25645.25, 25655.75, 20492, 17917, 10719, 9773
2025/12/9, 13:15:00, 25655.75, 25659.25, 25633.50, 25649.25, 8728, 7477, 4536, 4192
2025/12/9, 13:30:00, 25649.75, 25651.75, 25589.00, 25618.25, 52812, 46201, 27078, 25734
2025/12/9, 14:30:00, 25618.75, 25670.00, 25560.00, 25657.00, 276240, 245131, 137776, 138464
2025/12/9, 15:30:00, 25657.00, 25709.75, 25635.50, 25689.75, 159714, 137735, 77762, 81952
2025/12/9, 16:30:00, 25690.00, 25733.00, 25667.00, 25707.50, 130373, 110694, 65007, 65366
2025/12/9, 17:30:00, 25707.50, 25731.75, 25689.00, 25726.00, 87921, 75335, 43257, 44664
2025/12/9, 18:30:00, 25726.25, 25738.50, 25690.50, 25711.00, 87206, 74750, 43746, 43460
2025/12/9, 19:30:00, 25711.25, 25716.75, 25682.75, 25701.25, 51044, 43729, 26309, 24735
2025/12/9, 20:15:00, 25701.00, 25722.00, 25681.00, 25684.25, 81292, 68998, 41016, 40276
2025/12/9, 21:15:00, 25684.25, 25686.50, 25674.75, 25676.50, 11710, 10043, 6147, 5563
2025/12/9, 22:15:00, 25681.00, 25689.25, 25674.00, 25677.50, 4579, 3993, 2380, 2199
2025/12/9, 23:15:00, 25677.00, 25693.75, 25667.00, 25685.50, 12363, 11008, 5977, 6386
2025/12/10, 00:15:00, 25685.00, 25686.25, 25640.00, 25650.00, 19275, 16278, 10257, 9018
2025/12/10, 01:15:00, 25650.25, 25663.00, 25643.50, 25660.75, 11497, 9644, 5493, 6004
2025/12/10, 02:15:00, 25661.00, 25685.00, 25657.75, 25677.50, 11074, 9446, 5137, 5937
2025/12/10, 03:15:00, 25676.75, 25685.50, 25663.25, 25681.25, 10839, 8894, 5383, 5456
2025/12/10, 04:15:00, 25681.75, 25709.50, 25668.50, 25674.25, 12879, 10791, 6197, 6682
2025/12/10, 05:15:00, 25673.75, 25707.75, 25672.75, 25704.75, 9802, 8594, 4741, 5061
2025/12/10, 06:15:00, 25704.75, 25713.75, 25697.50, 25705.00, 9841, 8536, 4649, 5192
2025/12/10, 07:15:00, 25704.75, 25746.25, 25704.00, 25734.25, 17801, 14860, 8379, 9422
2025/12/10, 08:15:00, 25734.00, 25743.25, 25705.25, 25718.50, 20011, 17432, 10274, 9737
2025/12/10, 09:15:00, 25718.25, 25734.00, 25696.50, 25704.00, 19456, 17538, 9886, 9570
2025/12/10, 10:15:00, 25704.00, 25708.00, 25615.75, 25672.25, 39498, 34193, 20394, 19104
2025/12/10, 11:15:00, 25672.25, 25677.25, 25632.25, 25641.75, 19614, 17182, 10581, 9033
2025/12/10, 12:15:00, 25642.25, 25666.75, 25627.50, 25665.00, 19511, 16882, 9628, 9883
2025/12/10, 13:15:00, 25665.25, 25715.00, 25661.75, 25706.00, 13650, 11354, 6309, 7341
2025/12/10, 13:30:00, 25707.50, 25718.00, 25640.00, 25647.25, 48908, 42420, 25544, 23364
2025/12/10, 14:30:00, 25647.25, 25673.00, 25567.00, 25635.75, 284730, 248725, 143816, 140914
2025/12/10, 15:30:00, 25635.75, 25653.00, 25528.25, 25647.25, 229863, 196149, 115278, 114585
2025/12/10, 16:30:00, 25647.25, 25658.50, 25610.25, 25622.75, 103865, 87499, 52354, 51511
2025/12/10, 17:30:00, 25623.25, 25682.00, 25596.25, 25606.75, 88657, 74484, 44273, 44384
2025/12/10, 18:30:00, 25606.75, 25741.00, 25579.00, 25668.00, 192510, 167499, 96085, 96425
2025/12/10, 19:30:00, 25668.00, 25862.25, 25610.00, 25857.75, 324328, 284649, 158401, 165927
2025/12/10, 20:15:00, 25858.25, 25869.75, 25754.25, 25788.00, 159814, 135537, 80196, 79618
2025/12/10, 21:15:00, 25788.00, 25811.50, 25778.25, 25800.25, 17850, 15435, 8793, 9057
2025/12/10, 22:15:00, 25777.75, 25792.50, 25739.00, 25747.25, 9514, 7777, 5245, 4269
2025/12/10, 23:15:00, 25746.75, 25747.00, 25710.00, 25724.25, 21271, 18706, 11032, 10239
2025/12/11, 00:15:00, 25724.50, 25733.50, 25657.75, 25671.25, 26995, 23540, 14636, 12359
2025/12/11, 01:15:00, 25671.75, 25682.50, 25622.50, 25635.50, 25515, 22482, 13271, 12244
2025/12/11, 02:15:00, 25636.00, 25641.25, 25382.00, 25434.00, 92735, 80014, 49083, 43652
2025/12/11, 03:15:00, 25434.00, 25533.00, 25428.25, 25517.25, 50635, 44706, 24919, 25716
2025/12/11, 04:15:00, 25516.75, 25525.00, 25490.75, 25495.00, 24115, 21401, 12485, 11630
2025/12/11, 05:15:00, 25495.00, 25523.75, 25482.75, 25507.50, 17808, 15826, 9039, 8769
2025/12/11, 06:15:00, 25507.75, 25514.50, 25470.50, 25503.75, 20624, 18357, 10521, 10103
2025/12/11, 07:15:00, 25504.25, 25543.00, 25477.25, 25494.75, 28702, 25131, 14017, 14685
2025/12/11, 08:15:00, 25495.00, 25573.00, 25474.00, 25569.00, 33589, 29740, 15957, 17632
2025/12/11, 09:15:00, 25569.00, 25623.50, 25559.50, 25610.75, 31061, 27075, 15151, 15910
2025/12/11, 10:15:00, 25610.00, 25616.75, 25589.00, 25607.00, 17982, 15877, 8922, 9060
2025/12/11, 11:15:00, 25607.50, 25647.00, 25594.25, 25642.25, 21828, 19257, 10294, 11534
2025/12/11, 12:15:00, 25643.00, 25700.75, 25641.50, 25675.75, 39778, 33851, 19752, 20026
2025/12/11, 13:15:00, 25675.75, 25684.50, 25667.50, 25673.25, 5183, 4518, 2601, 2582
2025/12/11, 13:30:00, 25672.50, 25680.75, 25632.25, 25643.25, 61095, 53856, 31034, 30061
2025/12/11, 14:30:00, 25643.00, 25649.75, 25390.25, 25599.00, 487248, 430479, 244775, 242473
2025/12/11, 15:30:00, 25599.25, 25610.50, 25455.75, 25466.75, 293138, 261619, 148707, 144431
2025/12/11, 16:30:00, 25467.25, 25637.50, 25464.00, 25604.25, 204217, 181178, 100658, 103559
2025/12/11, 17:30:00, 25604.25, 25647.25, 25578.25, 25622.75, 127168, 112182, 63011, 64157
2025/12/11, 18:30:00, 25622.50, 25702.00, 25611.75, 25697.50, 107913, 95072, 52116, 55797
2025/12/11, 19:30:00, 25697.75, 25723.00, 25686.50, 25692.50, 59991, 52632, 30015, 29976
2025/12/11, 20:15:00, 25692.00, 25748.25, 25660.00, 25743.50, 99964, 86907, 49111, 50853
2025/12/11, 21:15:00, 25744.00, 25862.50, 25744.00, 25835.00, 41502, 36234, 19581, 21921
2025/12/11, 22:15:00, 25719.50, 25733.75, 25652.00, 25660.75, 17461, 14474, 9306, 8155
2025/12/11, 23:15:00, 25660.75, 25693.25, 25641.25, 25654.25, 28447, 24933, 14619, 13828
2025/12/12, 00:15:00, 25654.00, 25686.25, 25643.00, 25657.75, 22400, 19487, 10882, 11518
2025/12/12, 01:15:00, 25658.50, 25703.25, 25656.75, 25698.50, 16254, 14080, 7588, 8666
2025/12/12, 02:15:00, 25698.25, 25703.75, 25680.00, 25685.25, 11573, 10013, 6386, 5187
2025/12/12, 03:15:00, 25684.00, 25685.25, 25656.50, 25661.25, 12689, 10815, 6780, 5909
2025/12/12, 04:15:00, 25662.00, 25673.50, 25653.50, 25663.25, 11332, 9942, 5364, 5968
2025/12/12, 05:15:00, 25663.25, 25699.25, 25662.75, 25693.50, 12584, 10781, 6127, 6457
2025/12/12, 06:15:00, 25693.50, 25704.50, 25668.50, 25670.75, 12954, 11078, 6676, 6278
2025/12/12, 07:15:00, 25671.00, 25682.50, 25652.50, 25678.50, 15942, 13828, 7676, 8266
2025/12/12, 08:15:00, 25677.75, 25682.75, 25612.75, 25638.25, 23483, 19668, 12518, 10965
2025/12/12, 09:15:00, 25638.50, 25643.00, 25562.25, 25618.50, 35948, 29967, 17939, 18009
2025/12/12, 10:15:00, 25618.75, 25619.50, 25563.00, 25578.25, 21550, 18450, 11298, 10252
2025/12/12, 11:15:00, 25577.75, 25588.25, 25532.25, 25570.50, 30706, 25984, 15592, 15114
2025/12/12, 12:15:00, 25570.50, 25600.00, 25550.50, 25588.50, 35534, 30466, 17474, 18060
2025/12/12, 13:15:00, 25588.25, 25600.50, 25581.75, 25588.00, 6361, 5573, 3245, 3116
2025/12/12, 13:30:00, 25589.25, 25632.50, 25556.50, 25559.75, 63785, 55578, 31894, 31891
2025/12/12, 14:30:00, 25559.75, 25620.50, 25315.00, 25320.00, 439695, 383602, 225913, 213782
2025/12/12, 15:30:00, 25319.75, 25401.50, 25133.75, 25224.25, 483817, 418970, 244617, 239200
2025/12/12, 16:30:00, 25224.50, 25300.00, 25117.75, 25222.00, 279162, 238603, 139823, 139339
2025/12/12, 17:30:00, 25222.25, 25368.25, 25192.75, 25340.00, 194588, 166041, 95727, 98861
2025/12/12, 18:30:00, 25339.75, 25344.50, 25215.00, 25226.75, 149682, 127403, 76214, 73468
2025/12/12, 19:30:00, 25227.50, 25266.00, 25222.75, 25224.50, 90684, 76917, 45428, 45256
2025/12/12, 20:15:00, 25224.75, 25241.00, 25145.50, 25216.50, 160604, 131896, 80575, 80029
2025/12/12, 21:15:00, 25216.75, 25220.75, 25199.50, 25203.00, 14126, 10949, 7346, 6780
2025/12/14, 22:15:00, 25214.50, 25245.25, 25131.25, 25154.25, 12760, 10337, 6838, 5922
2025/12/14, 23:15:00, 25154.25, 25214.50, 25145.75, 25205.75, 19035, 17554, 9406, 9629
2025/12/15, 00:15:00, 25207.50, 25241.00, 25189.75, 25234.25, 15380, 13945, 7486, 7894
2025/12/15, 01:15:00, 25233.75, 25273.50, 25226.25, 25267.25, 13997, 12235, 6590, 7407
2025/12/15, 02:15:00, 25267.75, 25284.00, 25249.00, 25257.00, 16108, 13840, 8380, 7728
2025/12/15, 03:15:00, 25257.00, 25260.75, 25238.25, 25239.25, 9244, 8238, 5160, 4084
2025/12/15, 04:15:00, 25238.75, 25276.25, 25233.00, 25268.00, 9639, 8311, 4306, 5333
2025/12/15, 05:15:00, 25267.75, 25282.75, 25249.25, 25257.00, 9060, 7729, 4535, 4525
2025/12/15, 06:15:00, 25257.50, 25282.25, 25252.25, 25258.00, 8208, 7152, 4198, 4010
2025/12/15, 07:15:00, 25259.00, 25266.00, 25230.25, 25235.00, 11402, 10182, 6164, 5238
2025/12/15, 08:15:00, 25235.25, 25313.25, 25230.75, 25311.00, 14040, 11907, 6181, 7859
2025/12/15, 09:15:00, 25310.25, 25334.25, 25298.00, 25332.25, 9869, 8496, 4776, 5093
2025/12/15, 10:15:00, 25331.75, 25342.50, 25324.00, 25333.00, 8121, 7404, 4272, 3849
2025/12/15, 11:15:00, 25333.75, 25360.00, 25323.00, 25329.50, 11376, 9616, 5776, 5600
2025/12/15, 12:15:00, 25329.50, 25361.50, 25325.50, 25354.25, 12460, 11046, 6029, 6431
2025/12/15, 13:15:00, 25354.75, 25357.00, 25336.25, 25350.50, 4326, 3723, 2383, 1943
2025/12/15, 13:30:00, 25350.50, 25408.75, 25347.50, 25408.00, 30643, 25569, 14979, 15664
2025/12/15, 14:30:00, 25408.00, 25410.00, 25034.50, 25068.00, 232948, 208723, 121605, 111343
2025/12/15, 15:30:00, 25068.50, 25266.75, 25055.00, 25255.25, 142514, 127603, 69347, 73167
2025/12/15, 16:30:00, 25255.00, 25260.75, 25118.75, 25149.50, 91319, 81556, 47064, 44255
2025/12/15, 17:30:00, 25149.25, 25187.25, 25083.50, 25098.00, 75039, 67132, 38503, 36536
2025/12/15, 18:30:00, 25098.50, 25183.50, 25079.00, 25136.50, 57318, 51078, 28358, 28960
2025/12/15, 19:30:00, 25135.25, 25157.50, 25106.75, 25136.00, 33919, 30781, 17036, 16883
2025/12/15, 20:15:00, 25136.25, 25151.75, 25077.50, 25097.75, 50168, 44526, 26113, 24055
2025/12/15, 21:15:00, 25098.25, 25103.75, 25085.50, 25102.50, 5178, 4386, 2755, 2423
2025/12/15, 22:15:00, 25100.00, 25123.00, 25098.00, 25111.00, 2918, 2220, 1540, 1378
2025/12/15, 23:15:00, 25110.50, 25117.25, 25009.75, 25020.25, 13379, 12282, 7226, 6153
2025/12/16, 00:15:00, 25018.50, 25047.00, 24982.00, 24994.50, 16100, 14807, 8274, 7826
2025/12/16, 01:15:00, 24995.75, 25011.25, 24865.00, 24918.75, 25592, 23407, 13741, 11851
2025/12/16, 02:15:00, 24918.00, 24938.75, 24880.50, 24889.50, 11958, 11050, 6094, 5864
2025/12/16, 03:15:00, 24890.00, 24921.25, 24855.75, 24891.00, 11738, 10641, 5382, 6356
2025/12/16, 04:15:00, 24889.50, 24927.75, 24885.25, 24896.75, 5684, 5143, 2810, 2874
2025/12/16, 05:15:00, 24896.50, 24909.25, 24857.75, 24881.25, 8391, 7718, 4503, 3888
2025/12/16, 06:15:00, 24880.75, 24899.00, 24862.00, 24877.75, 5574, 5079, 2690, 2884
2025/12/16, 07:15:00, 24877.75, 24918.50, 24826.00, 24913.00, 11619, 10640, 5673, 5946
2025/12/16, 08:15:00, 24913.25, 24984.50, 24901.25, 24983.50, 9488, 8400, 4154, 5334
2025/12/16, 09:15:00, 24983.00, 24984.25, 24918.50, 24964.00, 8255, 7382, 4549, 3706
2025/12/16, 10:15:00, 24966.00, 25026.00, 24965.25, 25000.00, 7984, 6915, 3919, 4065
2025/12/16, 11:15:00, 24999.50, 25065.75, 24988.50, 25063.00, 7098, 6112, 3222, 3876
2025/12/16, 12:15:00, 25063.00, 25075.75, 25017.00, 25035.25, 9243, 8247, 4844, 4399
2025/12/16, 13:15:00, 25034.50, 25068.25, 25015.25, 25045.75, 3715, 3387, 1921, 1794
2025/12/16, 13:30:00, 25045.50, 25135.00, 24980.50, 24989.25, 36222, 32523, 18640, 17582
2025/12/16, 14:30:00, 24989.25, 25164.50, 24936.50, 24999.25, 115302, 105136, 58647, 56655
2025/12/16, 15:30:00, 24998.75, 25101.00, 24952.00, 24991.50, 60346, 54440, 30520, 29826
2025/12/16, 16:30:00, 24990.25, 25112.50, 24972.50, 25030.25, 43560, 38378, 21198, 22362
2025/12/16, 17:30:00, 25029.25, 25077.00, 24926.25, 24963.00, 36420, 32314, 18611, 17809
2025/12/16, 18:30:00, 24963.25, 25106.00, 24962.75, 25040.75, 31283, 28301, 15702, 15581
2025/12/16, 19:30:00, 25042.00, 25129.00, 25033.25, 25094.75, 17487, 15456, 8662, 8825
2025/12/16, 20:15:00, 25094.75, 25202.25, 25090.25, 25104.75, 30735, 27032, 15052, 15683
2025/12/16, 21:15:00, 25104.75, 25105.50, 25068.50, 25084.75, 3312, 2996, 1848, 1464
2025/12/16, 22:15:00, 25100.00, 25114.75, 25055.75, 25081.25, 2040, 1831, 991, 1049
2025/12/16, 23:15:00, 25081.75, 25120.50, 25025.50, 25048.50, 8618, 7934, 4151, 4467
2025/12/17, 00:15:00, 25047.50, 25112.25, 25037.75, 25099.25, 7596, 7134, 3758, 3838
2025/12/17, 01:15:00, 25099.50, 25117.25, 25070.00, 25097.25, 6476, 5961, 3234, 3242
2025/12/17, 02:15:00, 25099.00, 25133.75, 25090.00, 25127.75, 4406, 4106, 2067, 2339
2025/12/17, 03:15:00, 25127.75, 25138.50, 25100.00, 25119.00, 3035, 2801, 1558, 1477
2025/12/17, 04:15:00, 25116.75, 25121.75, 25053.00, 25079.75, 4422, 4022, 2388, 2034
2025/12/17, 05:15:00, 25080.50, 25161.00, 25062.00, 25160.00, 4489, 4210, 1909, 2580
2025/12/17, 06:15:00, 25161.25, 25192.50, 25142.25, 25183.00, 5087, 4583, 2424, 2663
2025/12/17, 07:15:00, 25183.00, 25189.75, 25148.50, 25168.00, 4354, 4128, 2245, 2109
2025/12/17, 08:15:00, 25169.25, 25195.50, 25154.00, 25178.50, 4254, 3876, 2209, 2045
2025/12/17, 09:15:00, 25181.25, 25241.75, 25180.00, 25236.00, 4845, 4296, 2136, 2709
2025/12/17, 10:15:00, 25235.50, 25255.75, 25220.25, 25231.00, 4383, 3641, 2113, 2270
2025/12/17, 11:15:00, 25231.00, 25258.25, 25223.25, 25253.25, 3784, 3326, 1867, 1917
2025/12/17, 12:15:00, 25253.75, 25266.00, 25197.25, 25214.00, 5421, 4880, 2971, 2450
2025/12/17, 13:15:00, 25215.00, 25233.00, 25154.00, 25204.50, 7097, 6515, 3890, 3207
2025/12/17, 13:30:00, 25204.00, 25252.00, 25175.00, 25180.75, 12331, 11211, 6088, 6243
2025/12/17, 14:30:00, 25181.25, 25205.75, 25010.50, 25084.25, 55725, 51750, 28844, 26881
2025/12/17, 15:30:00, 25084.25, 25098.50, 24780.25, 24838.75, 57251, 52104, 32333, 24918
2025/12/17, 16:30:00, 24838.75, 24850.50, 24756.00, 24814.75, 29266, 26940, 15899, 13367
2025/12/17, 17:30:00, 24816.50, 24856.00, 24756.25, 24784.25, 18757, 17191, 9830, 8927
2025/12/17, 18:30:00, 24783.25, 24790.00, 24708.00, 24716.25, 13358, 12497, 6924, 6434
2025/12/17, 19:30:00, 24714.25, 24759.25, 24695.25, 24729.00, 8740, 8194, 4301, 4439
2025/12/17, 20:15:00, 24726.75, 24764.00, 24658.75, 24760.75, 19403, 17564, 9934, 9469
2025/12/17, 21:15:00, 24761.25, 24765.00, 24710.00, 24732.25, 2925, 2503, 1597, 1328
2025/12/17, 22:15:00, 24740.00, 24769.75, 24728.25, 24735.50, 1390, 1219, 748, 642
2025/12/17, 23:15:00, 24736.50, 24749.25, 24674.50, 24716.75, 5981, 5530, 3147, 2834
2025/12/18, 00:15:00, 24716.25, 24769.75, 24711.25, 24750.25, 6872, 6521, 3362, 3510
2025/12/18, 01:15:00, 24749.50, 24777.00, 24722.50, 24752.00, 5671, 5474, 2819, 2852
2025/12/18, 02:15:00, 24751.50, 24784.75, 24695.25, 24701.00, 4348, 4200, 2282, 2066
2025/12/18, 03:15:00, 24701.50, 24740.50, 24676.50, 24715.75, 4714, 4594, 2296, 2418
2025/12/18, 04:15:00, 24713.50, 24766.50, 24713.50, 24757.75, 2571, 2496, 1084, 1487
2025/12/18, 05:15:00, 24757.75, 24764.50, 24736.50, 24750.00, 2725, 2571, 1411, 1314
2025/12/18, 06:15:00, 24749.00, 24797.25, 24725.75, 24791.25, 3622, 3346, 1681, 1941
2025/12/18, 07:15:00, 24790.00, 24812.00, 24784.50, 24799.75, 3637, 3487, 1745, 1892
2025/12/18, 08:15:00, 24799.50, 24845.00, 24781.00, 24817.00, 4310, 4095, 2031, 2279
2025/12/18, 09:15:00, 24816.50, 24870.75, 24803.25, 24848.00, 2894, 2689, 1334, 1560
2025/12/18, 10:15:00, 24849.25, 24872.25, 24838.25, 24864.75, 1892, 1754, 862, 1030
2025/12/18, 11:15:00, 24866.75, 24888.25, 24847.75, 24870.25, 2714, 2436, 1246, 1468
2025/12/18, 12:15:00, 24871.00, 24884.25, 24834.75, 24879.75, 3697, 3338, 1839, 1858
2025/12/18, 13:15:00, 24855.25, 24890.50, 24850.75, 24879.00, 928, 856, 439, 489
2025/12/18, 13:30:00, 24882.25, 25054.00, 24882.25, 25047.75, 17189, 15946, 8507, 8682
2025/12/18, 14:30:00, 25047.50, 25103.75, 24928.25, 25090.50, 60564, 55515, 27317, 33247
2025/12/18, 15:30:00, 25090.75, 25178.25, 25075.50, 25120.25, 28127, 25206, 11974, 16153
2025/12/18, 16:30:00, 25118.75, 25177.00, 24953.50, 24998.25, 29029, 25622, 14977, 14052
2025/12/18, 17:30:00, 24997.50, 25142.00, 24983.50, 25127.50, 20557, 18761, 9811, 10746
2025/12/18, 18:30:00, 25127.75, 25168.00, 25022.00, 25045.75, 16370, 14748, 8325, 8045
2025/12/18, 19:30:00, 25045.25, 25056.00, 24960.50, 25055.00, 13485, 12496, 7008, 6477
2025/12/18, 20:15:00, 25053.25, 25107.25, 24971.00, 24975.00, 11144, 9710, 5593, 5551
2025/12/18, 21:15:00, 24975.25, 24990.00, 24960.00, 24986.25, 1088, 949, 623, 465
2025/12/18, 22:15:00, 24987.50, 25020.00, 24976.50, 25000.25, 536, 408, 214, 322
2025/12/18, 23:15:00, 24998.25, 25034.25, 24984.25, 25002.00, 1301, 1096, 581, 720
2025/12/19, 00:15:00, 25002.00, 25019.75, 24981.00, 24992.50, 1010, 861, 546, 464
2025/12/19, 01:15:00, 24999.00, 25045.75, 24980.50, 25037.00, 1405, 1183, 598, 807
2025/12/19, 02:15:00, 25035.00, 25053.25, 25008.75, 25031.75, 873, 813, 467, 406
2025/12/19, 03:15:00, 25028.00, 25086.75, 25002.75, 25071.75, 1371, 1167, 669, 702
2025/12/19, 04:15:00, 25075.75, 25076.75, 25049.00, 25049.00, 611, 483, 293, 318
2025/12/19, 05:15:00, 25048.50, 25077.50, 25046.50, 25052.25, 578, 480, 321, 257
2025/12/19, 06:15:00, 25050.75, 25133.25, 25032.25, 25128.75, 1001, 790, 387, 614
2025/12/19, 07:15:00, 25129.25, 25142.25, 25088.25, 25132.75, 1069, 851, 595, 474
2025/12/19, 08:15:00, 25136.00, 25153.50, 25109.50, 25131.75, 868, 566, 335, 533
2025/12/19, 09:15:00, 25133.25, 25161.75, 25123.25, 25142.75, 909, 621, 433, 476
2025/12/19, 10:15:00, 25143.75, 25152.75, 25086.00, 25117.00, 946, 728, 495, 451
2025/12/19, 11:15:00, 25116.25, 25134.00, 25080.50, 25096.75, 880, 684, 469, 411
2025/12/19, 12:15:00, 25104.00, 25114.50, 25041.50, 25077.75, 1144, 961, 590, 554
2025/12/19, 13:15:00, 25077.75, 25085.00, 25067.00, 25079.25, 229, 185, 113, 116
2025/12/19, 13:30:00, 25078.50, 25142.25, 25061.75, 25120.00, 2586, 1932, 1214, 1372
