Date, Time, Open, High, Low, Last, Volume, OpenInterest
2024/9/19, 00:00:00, 20989.00, 20989.00, 20989.00, 20989.00, 750910, 293892
2024/9/20, 00:00:00, 20931.25, 20931.25, 20931.25, 20931.25, 479931, 223720
2024/9/23, 00:00:00, 20982.25, 20982.25, 20982.25, 20982.25, 395371, 225709
2024/9/24, 00:00:00, 21068.25, 21068.25, 21068.25, 21068.25, 457669, 227746
2024/9/25, 00:00:00, 21088.25, 21088.25, 21088.25, 21088.25, 405637, 232456
2024/9/26, 00:00:00, 21248.25, 21248.25, 21248.25, 21248.25, 510499, 235922
2024/9/27, 00:00:00, 21123.25, 21123.25, 21123.25, 21123.25, 436474, 235109
2024/9/30, 00:00:00, 21163.25, 21163.25, 21163.25, 21163.25, 511160, 238261
2024/10/1, 00:00:00, 20876.25, 20876.25, 20876.25, 20876.25, 663780, 234108
2024/10/2, 00:00:00, 20911.25, 20911.25, 20911.25, 20911.25, 476501, 237642
2024/10/3, 00:00:00, 20892.25, 20892.25, 20892.25, 20892.25, 527338, 240743
2024/10/4, 00:00:00, 21142.00, 21142.00, 21142.00, 21142.00, 561452, 245390
2024/10/7, 00:00:00, 20909.50, 20909.50, 20909.50, 20909.50, 451693, 240087
2024/10/8, 00:00:00, 21215.75, 21215.75, 21215.75, 21215.75, 445747, 250139
2024/10/9, 00:00:00, 21384.50, 21384.50, 21384.50, 21384.50, 422124, 253733
2024/10/10, 00:00:00, 21350.00, 21350.00, 21350.00, 21350.00, 451037, 251541
2024/10/11, 00:00:00, 21371.00, 21371.00, 21371.00, 21371.00, 385589, 252485
2024/10/14, 00:00:00, 21562.75, 21562.75, 21562.75, 21562.75, 396161, 255162
2024/10/15, 00:00:00, 21280.00, 21280.00, 21280.00, 21280.00, 523553, 241191
2024/10/16, 00:00:00, 21272.00, 21272.00, 21272.00, 21272.00, 418125, 243433
2024/10/17, 00:00:00, 21292.00, 21292.00, 21292.00, 21292.00, 536307, 249689
2024/10/18, 00:00:00, 21408.00, 21408.00, 21408.00, 21408.00, 386141, 239304
2024/10/21, 00:00:00, 21472.25, 21472.25, 21472.25, 21472.25, 456703, 240681
2024/10/22, 00:00:00, 21494.75, 21494.75, 21494.75, 21494.75, 476952, 245897
2024/10/23, 00:00:00, 21172.00, 21172.00, 21172.00, 21172.00, 619995, 247333
2024/10/24, 00:00:00, 21332.00, 21332.00, 21332.00, 21332.00, 463222, 244489
2024/10/25, 00:00:00, 21450.75, 21450.75, 21450.75, 21450.75, 587364, 249345
2024/10/28, 00:00:00, 21451.25, 21451.25, 21451.25, 21451.25, 430763, 250628
2024/10/29, 00:00:00, 21651.00, 21651.00, 21651.00, 21651.00, 498654, 257382
2024/10/30, 00:00:00, 21489.00, 21489.00, 21489.00, 21489.00, 520156, 258509
2024/10/31, 00:00:00, 20971.00, 20971.00, 20971.00, 20971.00, 688382, 257178
2024/11/1, 00:00:00, 21102.25, 21102.25, 21102.25, 21102.25, 554751, 250834
2024/11/4, 00:00:00, 21034.50, 21034.50, 21034.50, 21034.50, 521151, 254314
2024/11/5, 00:00:00, 21292.00, 21292.00, 21292.00, 21292.00, 451053, 252753
2024/11/6, 00:00:00, 21848.25, 21848.25, 21848.25, 21848.25, 634645, 263178
2024/11/7, 00:00:00, 22185.25, 22185.25, 22185.25, 22185.25, 463751, 271811
2024/11/8, 00:00:00, 22216.50, 22216.50, 22216.50, 22216.50, 402402, 273338
2024/11/11, 00:00:00, 22203.50, 22203.50, 22203.50, 22203.50, 456901, 271091
2024/11/12, 00:00:00, 22177.25, 22177.25, 22177.25, 22177.25, 512161, 277197
2024/11/13, 00:00:00, 22147.25, 22147.25, 22147.25, 22147.25, 534468, 284111
2024/11/14, 00:00:00, 22002.50, 22002.50, 22002.50, 22002.50, 565347, 294878
2024/11/15, 00:00:00, 21492.25, 21492.25, 21492.25, 21492.25, 693964, 281289
2024/11/18, 00:00:00, 21631.50, 21631.50, 21631.50, 21631.50, 526468, 273111
2024/11/19, 00:00:00, 21762.75, 21762.75, 21762.75, 21762.75, 554970, 275071
2024/11/20, 00:00:00, 21743.50, 21743.50, 21743.50, 21743.50, 621497, 282023
2024/11/21, 00:00:00, 21823.00, 21823.00, 21823.00, 21823.00, 700249, 276968
2024/11/22, 00:00:00, 21847.50, 21847.50, 21847.50, 21847.50, 542897, 277851
2024/11/25, 00:00:00, 21877.75, 21877.75, 21877.75, 21877.75, 545867, 274283
2024/11/26, 00:00:00, 21994.00, 21994.00, 21994.00, 21994.00, 506355, 275658
2024/11/27, 00:00:00, 21809.00, 21809.00, 21809.00, 21809.00, 521791, 275645
2024/11/29, 00:00:00, 22000.00, 22000.00, 22000.00, 22000.00, 341103, 279262
2024/12/2, 00:00:00, 22246.75, 22246.75, 22246.75, 22246.75, 478477, 291591
2024/12/3, 00:00:00, 22311.25, 22311.25, 22311.25, 22311.25, 446459, 293572
2024/12/4, 00:00:00, 22566.25, 22566.25, 22566.25, 22566.25, 466318, 305732
2024/12/5, 00:00:00, 22505.25, 22505.25, 22505.25, 22505.25, 424351, 301224
2024/12/6, 00:00:00, 22689.25, 22689.25, 22689.25, 22689.25, 463307, 302458
2024/12/9, 00:00:00, 22517.25, 22517.25, 22517.25, 22517.25, 524321, 294176
2024/12/10, 00:00:00, 22437.25, 22437.25, 22437.25, 22437.25, 549221, 291787
2024/12/11, 00:00:00, 22827.00, 22827.00, 22827.00, 22827.00, 557750, 300216
2024/12/12, 00:00:00, 22683.00, 22683.00, 22683.00, 22683.00, 530500, 287594
2024/12/13, 00:00:00, 22843.00, 22843.00, 22843.00, 22843.00, 757696, 293101
2024/12/16, 00:00:00, 23176.50, 23176.50, 23176.50, 23176.50, 918008, 316422
2024/12/17, 00:00:00, 23086.25, 23086.25, 23086.25, 23086.25, 845941, 324728
2024/12/18, 00:00:00, 22273.50, 22273.50, 22273.50, 22273.50, 943482, 331323
2024/12/19, 00:00:00, 22145.25, 22396.00, 22145.25, 22145.25, 868482, 336564
2024/12/20, 00:00:00, 22338.25, 22497.75, 22338.25, 22338.25, 866032, 237622
2024/12/23, 00:00:00, 22526.25, 22526.25, 22526.25, 22526.25, 509458, 239272
2024/12/24, 00:00:00, 22801.25, 22801.25, 22801.25, 22801.25, 261628, 246014
2024/12/26, 00:00:00, 22783.25, 22805.25, 22783.25, 22783.25, 408648, 243227
2024/12/27, 00:00:00, 22567.00, 22567.00, 22548.50, 22567.00, 573826, 243781
2024/12/30, 00:00:00, 22271.00, 22271.00, 22271.00, 22271.00, 533090, 250183
2024/12/31, 00:00:00, 22084.00, 22084.00, 22084.00, 22084.00, 478582, 252471
2025/1/2, 00:00:00, 22023.00, 22153.25, 22023.00, 22023.00, 666289, 254592
2025/1/3, 00:00:00, 22378.50, 22378.50, 22378.50, 22378.50, 489360, 251859
2025/1/6, 00:00:00, 22646.00, 22646.00, 22646.00, 22646.00, 575393, 244604
2025/1/7, 00:00:00, 22261.00, 22261.00, 22261.00, 22261.00, 646657, 241165
2025/1/8, 00:00:00, 22260.00, 22260.00, 22227.00, 22260.00, 639260, 240951
2025/1/9, 00:00:00, 22260.00, 22260.00, 22227.00, 22260.00, 77325, 241275
2025/1/10, 00:00:00, 21914.75, 21914.75, 21914.75, 21914.75, 705405, 243223
2025/1/13, 00:00:00, 21846.25, 21846.25, 21777.00, 21846.25, 619618, 252868
2025/1/14, 00:00:00, 21818.00, 21859.25, 21818.00, 21818.00, 677797, 253879
2025/1/15, 00:00:00, 22301.75, 22301.75, 22301.75, 22301.75, 552935, 254737
2025/1/16, 00:00:00, 22150.25, 22150.25, 22150.25, 22150.25, 599680, 253918
2025/1/17, 00:00:00, 22495.50, 22495.50, 22495.50, 22495.50, 594886, 258411
2025/1/21, 00:00:00, 22611.25, 22611.25, 22611.25, 22611.25, 663600, 254361
2025/1/22, 00:00:00, 22911.00, 22911.00, 22911.00, 22911.00, 509302, 253370
2025/1/23, 00:00:00, 22948.25, 22948.25, 22948.25, 22948.25, 476576, 254113
2025/1/24, 00:00:00, 22820.75, 22820.75, 22820.75, 22820.75, 523430, 255402
2025/1/27, 00:00:00, 22162.00, 22162.00, 22162.00, 22162.00, 1058625, 269586
2025/1/28, 00:00:00, 22485.25, 22485.25, 22485.25, 22485.25, 664719, 267882
2025/1/29, 00:00:00, 22428.50, 22428.50, 22428.50, 22428.50, 630792, 259523
2025/1/30, 00:00:00, 22530.50, 22530.50, 22530.50, 22530.50, 619023, 259682
2025/1/31, 00:00:00, 22496.50, 22689.25, 22496.50, 22496.50, 657082, 257322
2025/2/3, 00:00:00, 22310.25, 22310.25, 22043.50, 22310.25, 730538, 260957
2025/2/4, 00:00:00, 22578.75, 22578.75, 22578.75, 22578.75, 498304, 259061
2025/2/5, 00:00:00, 22673.00, 22673.00, 22566.75, 22673.00, 498679, 260459
2025/2/6, 00:00:00, 22781.75, 22781.75, 22781.75, 22781.75, 439507, 260875
2025/2/7, 00:00:00, 22500.00, 22500.00, 22500.00, 22500.00, 600170, 258655
2025/2/10, 00:00:00, 22758.00, 22758.00, 22758.00, 22758.00, 392281, 264502
2025/2/11, 00:00:00, 22697.50, 22697.50, 22697.50, 22697.50, 423703, 263509
2025/2/12, 00:00:00, 22715.75, 22715.75, 22585.25, 22715.75, 547061, 268182
2025/2/13, 00:00:00, 23025.75, 23025.75, 23025.75, 23025.75, 537945, 279354
2025/2/14, 00:00:00, 23111.50, 23111.50, 23111.50, 23111.50, 433988, 286098
2025/2/18, 00:00:00, 23147.00, 23147.00, 23147.00, 23147.00, 568222, 289760
2025/2/19, 00:00:00, 23165.75, 23165.75, 23165.75, 23165.75, 497009, 297760
2025/2/20, 00:00:00, 23055.00, 23055.00, 23019.00, 23055.00, 564604, 296276
2025/2/21, 00:00:00, 22586.25, 22586.25, 22586.25, 22586.25, 710533, 284281
2025/2/24, 00:00:00, 22328.00, 22328.00, 22328.00, 22328.00, 673314, 286734
2025/2/25, 00:00:00, 22054.25, 22054.25, 22053.50, 22054.25, 809330, 286114
2025/2/26, 00:00:00, 22091.75, 22138.00, 22091.75, 22091.75, 648777, 284902
2025/2/27, 00:00:00, 21500.25, 22107.00, 21500.25, 21500.25, 858271, 287002
2025/2/28, 00:00:00, 21809.50, 21809.50, 21809.50, 21809.50, 849741, 290705
2025/3/3, 00:00:00, 21353.75, 21353.75, 21353.75, 21353.75, 838506, 287629
2025/3/4, 00:00:00, 21280.00, 21280.00, 21280.00, 21280.00, 966911, 288147
2025/3/5, 00:00:00, 21548.50, 21548.50, 21548.50, 21548.50, 788776, 281550
2025/3/6, 00:00:00, 20960.75, 20960.75, 20960.75, 20960.75, 771592, 283349
2025/3/7, 00:00:00, 21100.75, 21100.75, 20781.75, 21100.75, 774995, 283737
2025/3/10, 00:00:00, 20305.00, 20305.00, 20251.50, 20305.00, 813707, 303104
2025/3/11, 00:00:00, 20279.00, 20331.00, 20119.50, 20253.25, 882424, 303084
2025/3/12, 00:00:00, 20414.50, 20414.50, 20414.50, 20414.50, 724645, 298761
2025/3/13, 00:00:00, 20042.50, 20042.50, 20042.50, 20042.50, 799059, 291464
2025/3/14, 00:00:00, 20512.50, 20512.50, 20512.50, 20512.50, 849711, 292642
2025/3/17, 00:00:00, 20673.50, 20700.75, 20673.50, 20673.50, 1094020, 296806
2025/3/18, 00:00:00, 20332.50, 20332.50, 20316.50, 20332.50, 930036, 301517
2025/3/19, 00:00:00, 20582.25, 20653.00, 20582.25, 20582.25, 785353, 292653
2025/3/20, 00:00:00, 20512.75, 20595.00, 20512.75, 20512.75, 723609, 287969
2025/3/21, 00:00:00, 20592.75, 20592.75, 20421.00, 20592.75, 605795, 225720
2025/3/24, 00:00:00, 21009.25, 21009.25, 21009.25, 21009.25, 555563, 226585
2025/3/25, 00:00:00, 21123.50, 21123.50, 21123.50, 21123.50, 471609, 224189
2025/3/26, 00:00:00, 20751.00, 20751.00, 20751.00, 20751.00, 621604, 227486
2025/3/27, 00:00:00, 20623.00, 20623.00, 20623.00, 20623.00, 635617, 233593
2025/3/28, 00:00:00, 20077.00, 20077.00, 20077.00, 20077.00, 698142, 240148
2025/3/31, 00:00:00, 20063.50, 20063.50, 20063.50, 20063.50, 843821, 245407
2025/4/1, 00:00:00, 20177.00, 20177.00, 20177.00, 20177.00, 792233, 247658
2025/4/2, 00:00:00, 20338.00, 20338.00, 20000.00, 20338.00, 837686, 246414
2025/4/3, 00:00:00, 19242.00, 19242.00, 19242.00, 19242.00, 895831, 263636
2025/4/4, 00:00:00, 18428.00, 18428.00, 18090.00, 18090.00, 1203009, 268585
2025/4/7, 00:00:00, 18116.00, 18116.00, 17151.00, 18116.00, 1143591, 261690
2025/4/8, 00:00:00, 17776.00, 17776.00, 17667.25, 17776.00, 959276, 254563
2025/4/9, 00:00:00, 19428.00, 19858.75, 17438.25, 19858.75, 1090825, 244017
2025/4/10, 00:00:00, 19036.25, 19036.25, 18734.50, 19036.25, 977049, 235271
2025/4/11, 00:00:00, 19364.25, 19364.25, 18761.75, 19364.25, 669057, 234076
2025/4/14, 00:00:00, 19469.00, 19670.75, 19433.50, 19495.50, 571036, 235508
2025/4/15, 00:00:00, 19518.50, 19562.25, 19493.00, 19518.50, 526183, 235406
2025/4/16, 00:00:00, 18968.00, 18968.00, 18803.50, 18937.00, 684026, 241557
2025/4/17, 00:00:00, 18934.50, 18994.50, 18934.50, 18934.50, 629840, 237820
2025/4/21, 00:00:00, 18467.75, 18467.75, 18340.50, 18467.75, 485431, 242476
2025/4/22, 00:00:00, 18932.00, 18932.00, 18932.00, 18932.00, 619876, 242084
2025/4/23, 00:00:00, 19355.50, 19370.00, 19355.50, 19355.50, 734786, 239260
2025/4/24, 00:00:00, 19879.75, 19879.75, 19314.50, 19879.75, 600091, 240870
2025/4/25, 00:00:00, 20092.75, 20092.75, 19866.75, 20092.75, 588335, 244473
2025/4/28, 00:00:00, 20085.75, 20085.75, 19914.00, 20085.75, 515090, 246243
2025/4/29, 00:00:00, 20199.75, 20199.75, 20026.50, 20199.75, 566039, 246874
2025/4/30, 00:00:00, 20210.00, 20270.25, 19804.75, 20210.00, 714646, 251919
2025/5/1, 00:00:00, 20434.00, 20514.00, 20434.00, 20434.00, 589751, 251705
2025/5/2, 00:00:00, 20765.25, 20765.25, 20390.00, 20765.25, 518760, 257914
2025/5/5, 00:00:00, 20625.50, 20625.50, 20625.50, 20625.50, 419419, 257701
2025/5/6, 00:00:00, 20443.50, 20443.50, 20432.00, 20443.50, 515392, 258249
2025/5/7, 00:00:00, 20529.00, 20529.00, 20529.00, 20529.00, 598171, 259114
2025/5/8, 00:00:00, 20720.25, 20722.00, 20720.25, 20720.25, 568655, 262779
2025/5/9, 00:00:00, 20709.25, 20709.25, 20709.25, 20709.25, 454076, 261558
2025/5/12, 00:00:00, 21468.50, 21535.75, 21468.50, 21535.75, 639896, 276586
2025/5/13, 00:00:00, 21870.50, 21870.50, 21870.50, 21870.50, 527626, 283667
2025/5/14, 00:00:00, 22002.75, 22002.75, 22002.75, 22002.75, 514492, 292809
2025/5/15, 00:00:00, 22150.00, 22150.00, 21982.50, 22015.50, 543831, 288341
2025/5/16, 00:00:00, 22126.50, 22126.50, 22126.50, 22126.50, 420847, 285896
2025/5/19, 00:00:00, 22150.00, 22150.00, 21889.75, 22150.00, 521392, 283723
2025/5/20, 00:00:00, 22071.75, 22071.75, 22070.00, 22071.75, 438452, 279368
2025/5/21, 00:00:00, 21980.00, 22019.50, 21777.75, 21777.75, 607056, 281349
2025/5/22, 00:00:00, 21799.75, 21799.75, 21799.75, 21799.75, 513605, 279741
2025/5/23, 00:00:00, 21591.75, 21591.75, 21533.50, 21591.75, 529692, 271735
2025/5/27, 00:00:00, 22082.00, 22082.00, 22082.00, 22082.00, 532576, 275143
2025/5/28, 00:00:00, 22002.00, 22002.00, 22002.00, 22002.00, 422753, 270386
2025/5/29, 00:00:00, 22031.50, 22291.00, 22031.50, 22031.50, 566169, 269756
2025/5/30, 00:00:00, 22020.00, 22020.00, 21999.50, 21999.50, 552998, 268914
2025/6/2, 00:00:00, 22157.00, 22157.00, 22157.00, 22157.00, 436493, 274595
2025/6/3, 00:00:00, 22328.50, 22328.50, 22328.50, 22328.50, 429405, 277034
2025/6/4, 00:00:00, 22389.50, 22389.50, 22389.50, 22389.50, 405253, 275689
2025/6/5, 00:00:00, 22204.25, 22204.25, 22204.25, 22204.25, 595361, 273583
2025/6/6, 00:00:00, 22414.75, 22414.75, 22414.75, 22414.75, 469818, 275499
2025/6/9, 00:00:00, 22446.75, 22446.75, 22446.75, 22446.75, 357820, 273358
2025/6/10, 00:00:00, 22587.75, 22587.75, 22587.75, 22587.75, 444686, 276888
2025/6/11, 00:00:00, 22512.75, 22512.75, 22512.75, 22512.75, 534244, 277748
2025/6/12, 00:00:00, 22558.25, 22558.25, 22558.25, 22558.25, 422394, 289470
2025/6/13, 00:00:00, 22260.00, 22260.00, 22260.00, 22260.00, 675860, 288121
2025/6/16, 00:00:00, 22567.25, 22612.25, 22567.25, 22567.25, 756513, 309655
2025/6/17, 00:00:00, 22356.00, 22356.00, 22356.00, 22356.00, 649544, 311779
2025/6/18, 00:00:00, 22481.00, 22481.00, 22345.50, 22345.50, 598660, 310725
2025/6/20, 00:00:00, 22243.00, 22555.50, 22181.25, 22243.00, 650276, 234148
2025/6/23, 00:00:00, 22473.00, 22478.75, 22057.25, 22473.00, 550371, 240805
2025/6/24, 00:00:00, 22770.25, 22865.50, 22770.25, 22823.00, 448678, 253330
2025/6/25, 00:00:00, 22879.00, 22967.25, 22879.00, 22879.00, 397959, 253031
2025/6/26, 00:00:00, 23094.00, 23113.00, 23094.00, 23094.00, 422812, 260095
2025/6/27, 00:00:00, 23181.25, 23248.75, 23050.25, 23181.25, 488449, 261274
2025/6/30, 00:00:00, 23324.75, 23362.75, 23324.75, 23324.75, 434952, 269290
2025/7/1, 00:00:00, 23121.75, 23344.25, 23046.25, 23121.75, 495772, 265393
2025/7/2, 00:00:00, 23266.50, 23284.75, 23033.00, 23275.00, 409290, 265259
2025/7/3, 00:00:00, 23368.00, 23544.75, 23367.00, 23520.00, 269698, 271474
2025/7/7, 00:00:00, 23340.00, 23340.00, 23340.00, 23340.00, 538641, 269672
2025/7/8, 00:00:00, 23353.00, 23411.50, 23281.00, 23353.00, 421132, 270422
2025/7/9, 00:00:00, 23538.75, 23560.00, 23321.00, 23510.00, 450903, 269764
2025/7/10, 00:00:00, 23480.50, 23534.00, 23377.00, 23480.50, 392049, 267862
2025/7/11, 00:00:00, 23426.50, 23483.00, 23330.50, 23426.50, 461738, 270612
2025/7/14, 00:00:00, 23504.00, 23510.25, 23285.25, 23504.00, 414873, 276603
2025/7/15, 00:00:00, 23614.75, 23670.50, 23477.00, 23528.75, 525104, 271661
2025/7/16, 00:00:00, 23547.75, 23555.25, 23318.50, 23547.75, 549230, 268534
2025/7/17, 00:00:00, 23725.50, 23737.25, 23499.00, 23724.00, 446103, 286688
2025/7/18, 00:00:00, 23783.50, 23783.50, 23648.25, 23697.50, 451427, 274931
2025/7/21, 00:00:00, 23886.50, 23894.50, 23694.00, 23816.00, 399265, 278054
2025/7/22, 00:00:00, 23700.50, 23825.00, 23595.00, 23700.50, 538310, 270972
2025/7/23, 00:00:00, 23752.50, 23877.50, 23634.25, 23785.50, 513726, 271853
2025/7/24, 00:00:00, 23840.50, 23890.25, 23784.75, 23853.50, 435905, 274686
2025/7/25, 00:00:00, 23899.75, 23944.25, 23819.50, 23899.75, 395838, 276172
2025/7/28, 00:00:00, 23976.50, 24056.00, 23928.00, 23970.75, 424662, 281396
2025/7/29, 00:00:00, 24067.00, 24124.25, 23912.50, 23931.50, 538731, 281762
2025/7/30, 00:00:00, 23972.75, 24155.50, 23858.75, 23961.00, 539676, 284469
2025/7/31, 00:00:00, 24254.00, 24322.50, 23799.25, 23853.25, 741046, 281277
2025/8/1, 00:00:00, 23618.00, 23639.00, 23269.50, 23353.00, 805777, 274125
2025/8/4, 00:00:00, 23580.50, 23796.25, 23311.25, 23762.25, 473453, 278978
2025/8/5, 00:00:00, 23671.75, 23853.50, 23580.50, 23602.00, 543488, 277507
2025/8/6, 00:00:00, 23670.00, 23897.25, 23537.75, 23893.00, 528398, 286409
2025/8/7, 00:00:00, 24100.00, 24129.00, 23819.25, 23958.00, 562983, 283788
2025/8/8, 00:00:00, 24185.00, 24219.25, 24185.00, 24189.00, 454964, 292500
2025/8/11, 00:00:00, 24112.50, 24264.50, 24081.00, 24112.50, 444559, 291919
2025/8/12, 00:00:00, 24111.75, 24418.00, 24087.50, 24418.00, 489756, 303576
2025/8/13, 00:00:00, 24495.00, 24528.75, 24374.00, 24426.50, 454736, 299408
2025/8/14, 00:00:00, 24305.00, 24466.50, 24281.75, 24412.75, 493218, 301957
2025/8/15, 00:00:00, 24260.00, 24423.00, 24227.50, 24283.00, 442870, 294187
2025/8/18, 00:00:00, 24227.00, 24343.50, 24214.00, 24276.75, 400033, 295888
2025/8/19, 00:00:00, 23945.00, 24307.00, 23913.50, 23945.00, 558253, 289577
2025/8/20, 00:00:00, 23900.00, 23900.00, 23519.75, 23799.75, 715524, 283497
2025/8/21, 00:00:00, 23694.25, 23826.50, 23602.00, 23694.25, 527989, 283607
2025/8/22, 00:00:00, 24000.00, 24107.25, 23561.00, 24043.50, 492558, 282920
2025/8/25, 00:00:00, 23937.00, 24075.00, 23927.75, 23972.00, 400195, 284630
2025/8/26, 00:00:00, 23975.00, 24075.00, 23855.25, 24065.25, 445121, 284355
2025/8/27, 00:00:00, 24090.00, 24147.25, 23923.00, 24100.50, 437332, 282869
2025/8/28, 00:00:00, 24060.00, 24261.50, 23970.00, 24243.75, 487463, 291229
2025/8/29, 00:00:00, 23940.00, 23940.00, 23873.00, 23932.00, 540693, 283648
2025/9/2, 00:00:00, 24020.00, 24020.25, 23502.75, 23742.50, 747520, 282221
2025/9/3, 00:00:00, 23865.50, 23987.00, 23803.50, 23918.25, 565867, 283253
2025/9/4, 00:00:00, 24065.50, 24159.50, 23890.50, 24140.00, 487593, 289104
2025/9/5, 00:00:00, 24198.75, 24361.75, 23976.50, 24151.25, 679063, 291712
2025/9/8, 00:00:00, 24296.00, 24343.25, 24123.75, 24268.75, 461954, 292409
2025/9/9, 00:00:00, 24268.25, 24363.25, 24202.25, 24343.75, 479005, 296970
2025/9/10, 00:00:00, 24369.25, 24484.50, 24259.25, 24346.50, 530953, 294045
2025/9/11, 00:00:00, 24354.25, 24504.50, 24339.50, 24486.00, 463486, 301191
2025/9/12, 00:00:00, 24506.75, 24621.25, 24442.75, 24586.25, 491658, 315208
2025/9/15, 00:00:00, 24585.00, 24793.00, 24557.00, 24788.25, 726381, 343734
2025/9/16, 00:00:00, 24773.00, 24880.50, 24741.75, 24762.00, 642857, 351421
2025/9/17, 00:00:00, 24784.00, 24786.75, 24488.00, 24701.75, 781811, 343827
2025/9/18, 00:00:00, 24738.50, 25050.00, 24738.50, 24946.25, 664511, 340391
2025/9/19, 00:00:00, 24955.00, 25125.25, 24897.00, 25108.25, 505939, 278226
2025/9/22, 00:00:00, 25094.50, 25275.50, 24993.25, 25253.50, 481393, 277692
2025/9/23, 00:00:00, 25240.00, 25273.50, 25031.50, 25076.25, 564579, 274695
2025/9/24, 00:00:00, 25103.25, 25160.50, 24877.75, 24988.00, 530853, 274312
2025/9/25, 00:00:00, 24991.50, 25038.50, 24670.50, 24879.25, 710863, 276236
2025/9/26, 00:00:00, 24900.00, 24996.75, 24771.75, 24978.25, 549258, 271468
2025/9/29, 00:00:00, 24993.75, 25226.00, 24993.75, 25090.00, 508811, 273122
2025/9/30, 00:00:00, 25074.50, 25164.00, 24975.75, 25152.75, 513704, 278188
2025/10/1, 00:00:00, 25098.00, 25282.00, 24885.50, 25265.50, 475056, 283342
2025/10/2, 00:00:00, 25263.50, 25428.50, 25243.75, 25359.00, 460731, 282871
2025/10/3, 00:00:00, 25331.50, 25436.75, 25176.25, 25239.75, 491230, 279370
2025/10/6, 00:00:00, 25253.25, 25501.50, 25253.00, 25434.50, 415275, 286784
2025/10/7, 00:00:00, 25442.00, 25523.00, 25235.75, 25285.75, 539852, 285401
2025/10/8, 00:00:00, 25318.00, 25614.50, 25274.75, 25581.25, 451748, 289992
2025/10/9, 00:00:00, 25616.00, 25644.00, 25409.75, 25536.75, 501487, 287513
2025/10/10, 00:00:00, 25571.00, 25636.50, 24400.00, 24634.50, 936141, 282457
2025/10/13, 00:00:00, 24809.50, 25203.25, 24809.50, 25164.75, 661356, 277006
2025/10/14, 00:00:00, 25170.00, 25285.00, 24660.00, 25003.25, 730064, 278830
2025/10/15, 00:00:00, 24991.00, 25356.00, 24905.25, 25166.75, 637794, 282174
2025/10/16, 00:00:00, 25199.50, 25422.00, 24883.50, 25070.25, 739709, 282734
2025/10/17, 00:00:00, 25080.00, 25294.50, 24643.50, 25227.25, 744695, 284839
2025/10/20, 00:00:00, 25287.00, 25599.00, 25198.75, 25551.50, 437680, 290571
2025/10/21, 00:00:00, 25567.00, 25612.50, 25451.00, 25542.00, 441891, 289838
2025/10/22, 00:00:00, 25497.75, 25585.25, 25051.25, 25284.75, 695963, 279609
2025/10/23, 00:00:00, 25244.75, 25538.75, 25184.50, 25500.75, 527912, 283565
2025/10/24, 00:00:00, 25540.00, 25815.00, 25540.00, 25757.25, 468501, 292317
2025/10/27, 00:00:00, 25931.25, 26266.00, 25931.25, 26219.25, 435920, 293369
2025/10/28, 00:00:00, 26255.00, 26490.00, 26201.75, 26422.75, 452725, 299186
2025/10/29, 00:00:00, 26432.25, 26635.75, 26312.25, 26525.00, 558826, 299695
2025/10/30, 00:00:00, 26442.00, 26670.00, 26119.00, 26144.50, 667037, 296973
2025/10/31, 00:00:00, 26435.00, 26536.50, 26151.75, 26267.00, 599089, 291812
2025/11/3, 00:00:00, 26265.50, 26530.00, 26265.50, 26366.50, 474289, 293302
2025/11/4, 00:00:00, 26353.75, 26353.75, 25785.00, 25836.00, 670606, 292709
2025/11/5, 00:00:00, 25793.25, 26139.50, 25542.25, 26010.25, 619499, 291975
2025/11/6, 00:00:00, 25990.00, 26084.00, 25457.25, 25501.75, 755759, 298945
2025/11/7, 00:00:00, 25536.00, 25611.75, 24960.75, 25421.75, 766713, 297552
2025/11/10, 00:00:00, 25566.75, 26025.25, 25525.25, 25979.00, 627300, 296639
2025/11/11, 00:00:00, 25985.25, 26029.75, 25742.50, 25903.00, 538705, 295835
2025/11/12, 00:00:00, 25908.50, 26096.00, 25753.00, 25887.00, 607138, 298734
2025/11/13, 00:00:00, 25845.00, 25988.50, 25263.75, 25354.00, 776293, 305182
2025/11/14, 00:00:00, 25372.50, 25551.50, 24882.00, 25352.25, 863807, 294670
2025/11/17, 00:00:00, 25382.75, 25622.25, 24989.75, 25133.00, 740250, 295084
2025/11/18, 00:00:00, 25205.00, 25212.50, 24630.75, 24847.25, 872920, 299587
2025/11/19, 00:00:00, 24802.25, 25241.25, 24701.50, 24975.50, 772139, 295289
2025/11/20, 00:00:00, 25250.00, 25567.75, 24321.50, 24377.50, 998704, 304450
2025/11/21, 00:00:00, 24336.25, 24842.25, 24152.25, 24548.75, 921338, 301739
2025/11/24, 00:00:00, 24718.25, 25241.25, 24611.75, 25197.25, 605592, 300040
2025/11/25, 00:00:00, 25211.00, 25388.25, 24848.00, 25334.25, 632120, 296684
2025/11/26, 00:00:00, 25317.50, 25628.50, 25313.75, 25553.25, 523626, 300491
2025/11/28, 00:00:00, 25564.50, 25750.75, 25550.00, 25735.50, 200268, 303169
2025/12/1, 00:00:00, 25743.50, 25780.00, 25447.75, 25641.75, 576518, 304326
2025/12/2, 00:00:00, 25670.50, 25925.50, 25578.50, 25859.00, 564116, 308211
2025/12/3, 00:00:00, 25873.00, 25934.50, 25674.25, 25908.00, 497224, 312162
2025/12/4, 00:00:00, 25897.00, 25982.50, 25739.75, 25872.50, 511632, 314352
2025/12/5, 00:00:00, 25892.50, 26120.00, 25832.75, 25985.00, 500995, 315813
2025/12/8, 00:00:00, 25997.25, 26113.00, 25818.50, 25916.50, 477756, 320495
2025/12/9, 00:00:00, 25960.00, 25990.00, 25813.50, 25954.00, 412381, 325383
2025/12/10, 00:00:00, 25940.00, 26124.00, 25783.50, 26054.00, 571584, 330174
2025/12/11, 00:00:00, 26047.50, 26119.00, 25640.75, 25971.00, 665712, 324252
2025/12/12, 00:00:00, 25971.00, 25990.75, 25371.50, 25469.50, 849787, 332069
2025/12/15, 00:00:00, 25463.25, 25668.00, 25285.75, 25342.75, 947436, 348405
2025/12/16, 00:00:00, 25345.75, 25444.00, 25073.25, 25380.25, 920062, 378693
2025/12/17, 00:00:00, 25332.00, 25508.50, 24887.75, 24898.75, 834378, 386714
2025/12/18, 00:00:00, 24983.50, 25412.50, 24901.25, 25261.75, 823094, 372388
2025/12/19, 00:00:00, 25240.00, 25600.25, 25209.75, 25574.75, 503393, 269452
2025/12/22, 00:00:00, 25635.25, 25794.75, 25628.00, 25692.25, 367632, 266996
2025/12/23, 00:00:00, 25701.00, 25822.50, 25608.25, 25812.25, 336612, 265616
2025/12/24, 00:00:00, 25815.75, 25892.00, 25777.50, 25880.50, 163149, 264683
2025/12/26, 00:00:00, 25868.00, 25935.25, 25834.25, 25863.25, 240806, 270643
2025/12/29, 00:00:00, 25863.25, 25893.75, 25648.00, 25739.75, 347369, 274823
2025/12/30, 00:00:00, 25740.00, 25793.75, 25668.25, 25675.25, 300712, 276539
2025/12/31, 00:00:00, 25683.25, 25716.75, 25429.00, 25456.75, 329549, 274684
2026/1/2, 00:00:00, 25478.50, 25803.75, 25265.25, 25385.25, 555324, 270747
2026/1/5, 00:00:00, 25431.75, 25708.00, 25406.50, 25577.75, 461669, 270831
2026/1/6, 00:00:00, 25583.00, 25837.75, 25527.50, 25822.00, 445976, 274253
2026/1/7, 00:00:00, 25831.25, 25996.25, 25727.00, 25838.75, 478152, 272119
2026/1/8, 00:00:00, 25838.75, 25849.75, 25569.00, 25687.50, 511165, 267002
2026/1/9, 00:00:00, 25725.00, 25985.50, 25615.50, 25938.25, 510012, 273069
2026/1/12, 00:00:00, 25949.00, 26020.50, 25632.75, 25956.75, 453370, 276479
2026/1/13, 00:00:00, 25953.50, 26045.50, 25803.25, 25906.00, 560843, 278878
2026/1/14, 00:00:00, 25900.75, 25925.75, 25420.75, 25631.00, 648459, 273072
2026/1/15, 00:00:00, 25593.00, 25952.75, 25562.50, 25705.75, 591883, 272588
2026/1/16, 00:00:00, 25720.50, 25891.00, 25591.50, 25689.00, 490973, 269462
2026/1/20, 00:00:00, 25471.00, 25472.00, 25095.25, 25129.25, 865928, 267118
2026/1/21, 00:00:00, 25149.50, 25653.50, 25025.00, 25471.00, 812520, 258495
2026/1/22, 00:00:00, 25529.50, 25739.75, 25483.75, 25658.25, 534274, 256615
2026/1/23, 00:00:00, 25605.00, 25845.75, 25540.25, 25738.25, 505487, 256688
2026/1/26, 00:00:00, 25585.50, 25936.50, 25362.00, 25848.50, 451070, 258042
2026/1/27, 00:00:00, 25861.25, 26118.00, 25838.50, 26073.00, 430657, 260759
2026/1/28, 00:00:00, 26111.25, 26349.00, 25993.25, 26156.25, 513398, 262769
2026/1/29, 00:00:00, 26282.50, 26296.00, 25536.00, 25999.25, 701002, 258855
2026/1/30, 00:00:00, 25998.50, 26020.00, 25568.75, 25670.00, 715279, 260930
2026/2/2, 00:00:00, 25530.00, 25949.50, 25180.25, 25850.00, 580581, 259229
2026/2/3, 00:00:00, 25876.50, 26027.75, 25219.00, 25452.00, 698207, 268823
2026/2/4, 00:00:00, 25387.50, 25514.25, 24783.50, 24999.25, 746133, 274226
2026/2/5, 00:00:00, 25061.75, 25169.00, 24407.25, 24651.00, 777195, 277480
2026/2/6, 00:00:00, 24416.00, 25222.00, 24239.75, 25163.25, 658128, 266104
2026/2/9, 00:00:00, 25153.75, 25428.75, 24955.50, 25354.00, 494503, 261326
2026/2/10, 00:00:00, 25363.00, 25447.25, 25198.25, 25218.25, 478133, 263282
2026/2/11, 00:00:00, 25259.00, 25465.25, 25058.25, 25288.50, 532636, 263148
2026/2/12, 00:00:00, 25289.00, 25419.75, 24721.50, 24768.00, 671556, 271526
2026/2/13, 00:00:00, 24842.25, 24995.50, 24578.75, 24803.25, 690693, 269798
2026/2/17, 00:00:00, 24789.75, 24922.25, 24449.25, 24767.75, 757043, 272951
2026/2/18, 00:00:00, 24773.75, 25128.25, 24700.75, 24956.00, 542140, 267267
2026/2/19, 00:00:00, 24943.50, 25054.00, 24749.00, 24858.75, 516750, 277691
2026/2/20, 00:00:00, 24837.75, 25139.50, 24678.50, 25067.50, 618154, 271454
2026/2/23, 00:00:00, 25033.75, 25059.75, 24668.00, 24762.75, 597236, 273966
2026/2/24, 00:00:00, 24788.00, 25078.75, 24694.50, 25028.75, 521461, 270599
2026/2/25, 00:00:00, 25016.25, 25494.75, 24992.00, 25382.00, 418982, 272895
2026/2/26, 00:00:00, 25388.25, 25418.25, 24861.75, 25081.00, 609616, 275854
2026/2/27, 00:00:00, 25024.25, 25098.75, 24782.00, 25004.75, 566380, 272226
2026/3/2, 00:00:00, 24682.50, 25101.00, 24477.00, 25025.25, 635439, 275812
2026/3/3, 00:00:00, 25002.75, 25011.00, 24352.00, 24755.75, 734660, 273307
2026/3/4, 00:00:00, 24710.75, 25217.75, 24499.00, 25128.25, 611084, 273543
2026/3/5, 00:00:00, 25156.50, 25250.00, 24772.50, 25049.50, 690025, 273257
2026/3/6, 00:00:00, 25019.75, 25141.50, 24601.00, 24670.25, 650970, 273308
2026/3/9, 00:00:00, 24435.25, 25058.00, 24000.00, 24991.00, 719457, 264743
2026/3/10, 00:00:00, 24981.50, 25217.50, 24830.00, 24982.50, 571358, 259842
2026/3/11, 00:00:00, 25010.25, 25180.00, 24873.50, 24983.50, 484426, 262971
2026/3/12, 00:00:00, 24934.50, 24949.25, 24517.75, 24560.00, 585938, 266864
2026/3/13, 00:00:00, 24567.00, 24805.25, 24333.75, 24394.25, 696305, 274636
2026/3/16, 00:00:00, 24285.00, 24816.25, 24278.00, 24675.75, 854036, 295173
2026/3/17, 00:00:00, 24668.75, 24896.00, 24517.00, 24795.50, 686910, 300943
2026/3/18, 00:00:00, 24796.00, 24989.25, 24350.00, 24434.50, 619297, 301928
2026/3/19, 00:00:00, 24399.75, 24505.25, 24300.00, 24495.00, 4360, 0
