Date, Time, Open, High, Low, Last, Volume, NumberOfTrades, BidVolume, AskVolume
2026/2/17, 20:15:00, 24812.00, 24818.25, 24735.75, 24777.50, 59012, 52125, 30667, 28345
2026/2/17, 21:15:00, 24777.75, 24818.50, 24755.25, 24768.25, 9859, 8683, 5223, 4636
2026/2/17, 22:15:00, 24773.75, 24783.25, 24728.00, 24737.00, 1879, 1700, 970, 909
2026/2/17, 23:15:00, 24737.50, 24761.75, 24700.75, 24746.00, 6541, 5828, 3255, 3286
2026/2/18, 00:15:00, 24748.50, 24754.75, 24709.50, 24718.50, 6535, 5929, 3362, 3173
2026/2/18, 01:15:00, 24717.50, 24762.00, 24709.50, 24756.25, 3000, 2884, 1408, 1592
2026/2/18, 02:15:00, 24756.50, 24770.75, 24736.00, 24747.00, 2654, 2528, 1311, 1343
2026/2/18, 03:15:00, 24747.50, 24814.00, 24736.50, 24802.75, 3747, 3481, 1753, 1994
2026/2/18, 04:15:00, 24803.50, 24840.00, 24796.75, 24833.75, 3449, 3249, 1572, 1877
2026/2/18, 05:15:00, 24833.00, 24847.00, 24809.00, 24817.75, 2309, 2174, 1157, 1152
2026/2/18, 06:15:00, 24816.25, 24846.75, 24806.50, 24812.00, 3008, 2849, 1432, 1576
2026/2/18, 07:15:00, 24811.00, 24880.00, 24802.00, 24865.50, 5418, 4828, 2645, 2773
2026/2/18, 08:15:00, 24865.25, 24926.75, 24864.00, 24914.75, 9408, 8397, 4383, 5025
2026/2/18, 09:15:00, 24914.50, 24941.50, 24903.00, 24931.75, 6108, 5521, 2896, 3212
2026/2/18, 10:15:00, 24931.00, 24940.50, 24896.50, 24903.50, 4086, 3739, 2098, 1988
2026/2/18, 11:15:00, 24902.50, 24960.00, 24889.75, 24958.00, 8722, 8051, 4078, 4644
2026/2/18, 12:15:00, 24957.75, 24962.50, 24844.00, 24889.50, 11182, 10263, 6036, 5146
2026/2/18, 13:15:00, 24889.25, 24901.25, 24867.00, 24895.25, 2478, 2303, 1212, 1266
2026/2/18, 13:30:00, 24896.00, 24921.75, 24808.50, 24809.00, 17674, 16276, 9346, 8328
2026/2/18, 14:30:00, 24809.50, 25074.00, 24752.00, 25058.00, 141745, 128712, 68814, 72931
2026/2/18, 15:30:00, 25057.25, 25115.75, 25021.50, 25093.50, 51960, 48209, 25870, 26090
2026/2/18, 16:30:00, 25094.00, 25128.25, 25057.50, 25090.00, 45391, 41859, 22593, 22798
2026/2/18, 17:30:00, 25089.50, 25127.25, 25051.00, 25063.00, 32731, 30361, 16514, 16217
2026/2/18, 18:30:00, 25063.25, 25076.75, 24981.75, 24991.75, 46460, 43725, 23773, 22687
2026/2/18, 19:30:00, 24992.50, 25000.25, 24862.00, 24877.00, 49188, 45863, 25470, 23718
2026/2/18, 20:15:00, 24876.75, 24998.00, 24856.00, 24944.25, 62251, 56902, 31543, 30708
2026/2/18, 21:15:00, 24943.75, 24950.75, 24926.50, 24936.50, 4185, 3731, 2039, 2146
2026/2/18, 22:15:00, 24943.50, 24995.00, 24942.25, 24991.25, 2157, 1931, 1050, 1107
2026/2/18, 23:15:00, 24991.75, 24993.75, 24943.50, 24953.25, 4462, 4231, 2225, 2237
2026/2/19, 00:15:00, 24954.25, 24994.50, 24916.25, 24992.00, 5365, 5004, 2667, 2698
2026/2/19, 01:15:00, 24989.50, 24994.25, 24937.75, 24972.00, 4278, 3982, 2209, 2069
2026/2/19, 02:15:00, 24974.00, 24990.00, 24969.50, 24984.25, 2134, 2039, 1027, 1107
2026/2/19, 03:15:00, 24985.00, 24999.50, 24966.00, 24988.75, 2521, 2395, 1177, 1344
2026/2/19, 04:15:00, 24987.50, 24994.25, 24940.75, 24956.50, 2276, 2154, 1266, 1010
2026/2/19, 05:15:00, 24956.50, 25005.50, 24954.75, 24995.25, 2804, 2583, 1262, 1542
2026/2/19, 06:15:00, 24994.50, 25029.00, 24989.50, 25026.00, 3414, 3180, 1562, 1852
2026/2/19, 07:15:00, 25024.75, 25047.25, 25011.75, 25032.00, 4289, 3945, 2046, 2243
2026/2/19, 08:15:00, 25030.50, 25054.00, 24941.50, 24968.00, 7818, 7064, 3937, 3881
2026/2/19, 09:15:00, 24966.50, 24972.25, 24836.00, 24838.50, 11523, 10642, 5957, 5566
2026/2/19, 10:15:00, 24838.00, 24878.00, 24825.00, 24870.50, 7625, 7187, 3717, 3908
2026/2/19, 11:15:00, 24871.25, 24885.75, 24815.00, 24860.25, 7189, 6659, 3811, 3378
2026/2/19, 12:15:00, 24860.25, 24897.00, 24843.50, 24850.00, 7037, 6608, 3513, 3524
2026/2/19, 13:15:00, 24850.75, 24855.25, 24810.50, 24831.75, 2996, 2792, 1478, 1518
2026/2/19, 13:30:00, 24832.00, 24881.00, 24798.00, 24833.75, 18145, 16782, 9309, 8836
2026/2/19, 14:30:00, 24833.75, 24956.50, 24763.00, 24858.50, 120750, 112981, 60089, 60661
2026/2/19, 15:30:00, 24858.50, 24959.50, 24849.00, 24872.75, 62903, 59323, 31249, 31654
2026/2/19, 16:30:00, 24874.25, 24921.00, 24801.25, 24860.00, 53757, 50505, 26979, 26778
2026/2/19, 17:30:00, 24859.00, 24871.00, 24749.00, 24788.75, 51493, 48691, 26032, 25461
2026/2/19, 18:30:00, 24787.50, 24849.25, 24766.00, 24809.00, 34244, 32029, 17279, 16965
2026/2/19, 19:30:00, 24808.75, 24825.50, 24751.50, 24795.25, 29193, 26799, 14726, 14467
2026/2/19, 20:15:00, 24795.50, 24871.50, 24777.50, 24852.75, 45588, 41665, 23244, 22344
2026/2/19, 21:15:00, 24852.00, 24870.00, 24828.75, 24836.00, 6508, 5979, 3011, 3497
2026/2/19, 22:15:00, 24837.75, 24853.00, 24826.00, 24844.50, 1527, 1460, 711, 816
2026/2/19, 23:15:00, 24845.25, 24894.00, 24845.25, 24889.75, 4542, 4181, 2151, 2391
2026/2/20, 00:15:00, 24887.50, 24936.00, 24859.00, 24933.00, 6861, 6265, 3145, 3716
2026/2/20, 01:15:00, 24931.00, 24934.00, 24891.75, 24893.75, 5828, 5426, 3089, 2739
2026/2/20, 02:15:00, 24894.25, 24908.75, 24878.00, 24904.50, 3624, 3488, 1825, 1799
2026/2/20, 03:15:00, 24905.75, 24912.50, 24885.50, 24912.00, 2296, 2203, 1071, 1225
2026/2/20, 04:15:00, 24912.50, 24916.25, 24893.25, 24907.50, 2135, 2023, 1141, 994
2026/2/20, 05:15:00, 24907.75, 24953.75, 24904.75, 24953.25, 3496, 3084, 1503, 1993
2026/2/20, 06:15:00, 24953.00, 24956.00, 24930.75, 24948.00, 2550, 2397, 1319, 1231
2026/2/20, 07:15:00, 24948.50, 24952.50, 24906.00, 24911.25, 4813, 4323, 2565, 2248
2026/2/20, 08:15:00, 24911.25, 24962.00, 24896.75, 24959.25, 4996, 4580, 2273, 2723
2026/2/20, 09:15:00, 24961.00, 24984.75, 24923.50, 24940.50, 5456, 4907, 2713, 2743
2026/2/20, 10:15:00, 24940.75, 24946.75, 24840.75, 24868.75, 6554, 6085, 3375, 3179
2026/2/20, 11:15:00, 24866.50, 24888.00, 24805.00, 24839.00, 8182, 7617, 4123, 4059
2026/2/20, 12:15:00, 24840.25, 24849.50, 24791.00, 24823.75, 9301, 8752, 4841, 4460
2026/2/20, 13:15:00, 24825.00, 24864.00, 24824.25, 24857.50, 2907, 2739, 1359, 1548
2026/2/20, 13:30:00, 24856.00, 24863.00, 24696.75, 24715.50, 30965, 28844, 15887, 15078
2026/2/20, 14:30:00, 24715.25, 25083.00, 24678.50, 24974.00, 147395, 136471, 72911, 74484
2026/2/20, 15:30:00, 24974.50, 25139.50, 24908.00, 24977.50, 84633, 79021, 42663, 41970
2026/2/20, 16:30:00, 24977.50, 25130.50, 24879.25, 24926.25, 76510, 71908, 38802, 37708
2026/2/20, 17:30:00, 24926.75, 25045.50, 24912.00, 24964.75, 63984, 59758, 31871, 32113
2026/2/20, 18:30:00, 24966.25, 25122.25, 24928.00, 25052.75, 57576, 52591, 28550, 29026
2026/2/20, 19:30:00, 25054.00, 25077.50, 25016.00, 25067.50, 23752, 22051, 11790, 11962
2026/2/20, 20:15:00, 25066.75, 25088.00, 25014.25, 25078.50, 45632, 40016, 23279, 22353
2026/2/20, 21:15:00, 25078.50, 25081.00, 25066.50, 25077.50, 3675, 3446, 1794, 1881
2026/2/22, 22:15:00, 25033.75, 25059.75, 25017.00, 25051.75, 2454, 2262, 1289, 1165
2026/2/22, 23:15:00, 25049.75, 25057.75, 24927.50, 24933.50, 12079, 11343, 6231, 5848
2026/2/23, 00:15:00, 24934.50, 24950.50, 24839.25, 24864.00, 13364, 12514, 6751, 6613
2026/2/23, 01:15:00, 24863.50, 24882.75, 24815.00, 24818.00, 10885, 10455, 5642, 5243
2026/2/23, 02:15:00, 24818.00, 24863.50, 24808.00, 24849.00, 6106, 5854, 2852, 3254
2026/2/23, 03:15:00, 24848.75, 24853.00, 24813.25, 24843.50, 4994, 4735, 2423, 2571
2026/2/23, 04:15:00, 24842.00, 24842.25, 24811.00, 24820.00, 2989, 2781, 1524, 1465
2026/2/23, 05:15:00, 24819.25, 24854.75, 24807.25, 24854.25, 3878, 3536, 1675, 2203
2026/2/23, 06:15:00, 24853.00, 24913.75, 24841.00, 24909.75, 4665, 4202, 2079, 2586
2026/2/23, 07:15:00, 24910.25, 24914.75, 24877.50, 24904.25, 5291, 4982, 2681, 2610
2026/2/23, 08:15:00, 24906.00, 24998.50, 24878.25, 24994.50, 7383, 6565, 3434, 3949
2026/2/23, 09:15:00, 24995.25, 25004.00, 24973.00, 24991.25, 5565, 4974, 2878, 2687
2026/2/23, 10:15:00, 24991.50, 24992.00, 24945.00, 24977.00, 5282, 4892, 2771, 2511
2026/2/23, 11:15:00, 24977.75, 24987.25, 24907.25, 24920.50, 6067, 5593, 3193, 2874
2026/2/23, 12:15:00, 24920.50, 24938.00, 24883.75, 24917.00, 8439, 7814, 4227, 4212
2026/2/23, 13:15:00, 24916.25, 24936.25, 24912.50, 24926.75, 1923, 1834, 957, 966
2026/2/23, 13:30:00, 24927.25, 24982.50, 24910.00, 24981.25, 14086, 13320, 7109, 6977
2026/2/23, 14:30:00, 24981.00, 25040.00, 24840.50, 24871.50, 129225, 120037, 65055, 64170
2026/2/23, 15:30:00, 24871.00, 24900.50, 24668.00, 24778.00, 98620, 91264, 50640, 47980
2026/2/23, 16:30:00, 24777.75, 24789.25, 24725.25, 24743.00, 45901, 43708, 23156, 22745
2026/2/23, 17:30:00, 24742.50, 24820.25, 24677.50, 24810.50, 49747, 46361, 24371, 25376
2026/2/23, 18:30:00, 24810.50, 24819.75, 24708.75, 24714.75, 42812, 39305, 21465, 21347
2026/2/23, 19:30:00, 24714.25, 24730.25, 24678.75, 24685.50, 32100, 30261, 16206, 15894
2026/2/23, 20:15:00, 24685.00, 24786.75, 24684.50, 24781.50, 64948, 59496, 33317, 31631
2026/2/23, 21:15:00, 24781.75, 24796.50, 24770.00, 24786.25, 4549, 4063, 2254, 2295
2026/2/23, 22:15:00, 24788.00, 24815.00, 24767.00, 24795.75, 2541, 2255, 1340, 1201
2026/2/23, 23:15:00, 24798.75, 24826.75, 24782.00, 24800.00, 6653, 6305, 3295, 3358
2026/2/24, 00:15:00, 24799.50, 24823.50, 24773.50, 24804.50, 5735, 5267, 2900, 2835
2026/2/24, 01:15:00, 24805.50, 24840.25, 24795.00, 24836.25, 5095, 4714, 2331, 2764
2026/2/24, 02:15:00, 24836.25, 24879.00, 24832.50, 24873.50, 4870, 4520, 2165, 2705
2026/2/24, 03:15:00, 24872.50, 24884.25, 24868.75, 24874.75, 3207, 2756, 1549, 1658
2026/2/24, 04:15:00, 24874.25, 24888.25, 24865.75, 24882.00, 2573, 2410, 1280, 1293
2026/2/24, 05:15:00, 24882.75, 24883.50, 24825.75, 24837.00, 4028, 3784, 2178, 1850
2026/2/24, 06:15:00, 24836.00, 24860.75, 24822.75, 24857.75, 3098, 2951, 1531, 1567
2026/2/24, 07:15:00, 24858.25, 24868.50, 24783.50, 24793.25, 5262, 4996, 2744, 2518
2026/2/24, 08:15:00, 24792.00, 24838.50, 24761.00, 24837.50, 8063, 7520, 3924, 4139
2026/2/24, 09:15:00, 24837.25, 24865.50, 24794.25, 24842.50, 5963, 5214, 2968, 2995
2026/2/24, 10:15:00, 24842.75, 24853.25, 24822.75, 24824.50, 3825, 3455, 1956, 1869
2026/2/24, 11:15:00, 24825.50, 24902.25, 24808.75, 24872.25, 9468, 8845, 4395, 5073
2026/2/24, 12:15:00, 24871.75, 24873.50, 24795.25, 24827.00, 11867, 11103, 5930, 5937
2026/2/24, 13:15:00, 24826.00, 24858.50, 24823.50, 24857.00, 2495, 2313, 1151, 1344
2026/2/24, 13:30:00, 24857.50, 24892.00, 24797.25, 24804.75, 15275, 14248, 8107, 7168
2026/2/24, 14:30:00, 24805.00, 25014.50, 24694.50, 25011.75, 147194, 136291, 72178, 75016
2026/2/24, 15:30:00, 25011.25, 25047.25, 24967.50, 25014.25, 65100, 59643, 32232, 32868
2026/2/24, 16:30:00, 25015.25, 25076.25, 24969.25, 25060.75, 49759, 45746, 24197, 25562
2026/2/24, 17:30:00, 25060.25, 25078.75, 25015.50, 25019.25, 32828, 29164, 16771, 16057
2026/2/24, 18:30:00, 25019.75, 25051.00, 24988.50, 25002.75, 29310, 26366, 14906, 14404
2026/2/24, 19:30:00, 25003.00, 25060.25, 25000.25, 25004.50, 25081, 21324, 12231, 12850
2026/2/24, 20:15:00, 25004.00, 25072.00, 24994.75, 25019.50, 56179, 49368, 28208, 27971
2026/2/24, 21:15:00, 25019.50, 25028.75, 25012.50, 25016.25, 4596, 4191, 2261, 2335
2026/2/24, 22:15:00, 25016.25, 25030.25, 24992.00, 25020.00, 1627, 1506, 793, 834
2026/2/24, 23:15:00, 25019.00, 25051.00, 25009.25, 25029.00, 3923, 3542, 2002, 1921
2026/2/25, 00:15:00, 25028.75, 25095.00, 25018.50, 25089.75, 7053, 6336, 3206, 3847
2026/2/25, 01:15:00, 25090.00, 25113.25, 25071.50, 25102.00, 6584, 6081, 3352, 3232
2026/2/25, 02:15:00, 25102.75, 25114.50, 25076.75, 25080.00, 5018, 4806, 2555, 2463
2026/2/25, 03:15:00, 25079.00, 25082.50, 24994.00, 25042.00, 7778, 7328, 4185, 3593
2026/2/25, 04:15:00, 25041.25, 25067.50, 25034.50, 25054.50, 2651, 2451, 1332, 1319
2026/2/25, 05:15:00, 25054.25, 25057.25, 25030.75, 25045.50, 2882, 2685, 1535, 1347
2026/2/25, 06:15:00, 25043.75, 25058.75, 25035.00, 25041.25, 2488, 2359, 1228, 1260
2026/2/25, 07:15:00, 25042.25, 25077.50, 25017.50, 25056.75, 4431, 4141, 2201, 2230
2026/2/25, 08:15:00, 25056.75, 25090.00, 25048.75, 25081.00, 4637, 4270, 2319, 2318
2026/2/25, 09:15:00, 25079.50, 25087.75, 25064.00, 25071.00, 3277, 3063, 1692, 1585
2026/2/25, 10:15:00, 25072.25, 25094.75, 25065.50, 25079.75, 3037, 2756, 1455, 1582
2026/2/25, 11:15:00, 25079.50, 25131.50, 25071.25, 25112.00, 5811, 5311, 2802, 3009
2026/2/25, 12:15:00, 25111.75, 25153.00, 25110.00, 25149.25, 7888, 7098, 3815, 4073
2026/2/25, 13:15:00, 25147.75, 25148.75, 25131.50, 25143.00, 1648, 1556, 952, 696
2026/2/25, 13:30:00, 25143.75, 25177.50, 25123.75, 25160.50, 19151, 17569, 9038, 10113
2026/2/25, 14:30:00, 25160.25, 25361.75, 25156.75, 25334.25, 107578, 98920, 51651, 55927
2026/2/25, 15:30:00, 25334.00, 25341.50, 25264.50, 25300.75, 53586, 48449, 26957, 26629
2026/2/25, 16:30:00, 25300.50, 25341.00, 25293.25, 25321.25, 32099, 29112, 15950, 16149
2026/2/25, 17:30:00, 25321.00, 25358.00, 25315.00, 25339.25, 24529, 21892, 11799, 12730
2026/2/25, 18:30:00, 25339.50, 25378.00, 25334.25, 25371.00, 18053, 16366, 8511, 9542
2026/2/25, 19:30:00, 25371.25, 25378.50, 25364.25, 25370.75, 11949, 11025, 6189, 5760
2026/2/25, 20:15:00, 25370.75, 25407.00, 25352.00, 25391.75, 51651, 44900, 25350, 26301
2026/2/25, 21:15:00, 25391.00, 25494.75, 25370.00, 25461.75, 19740, 16869, 9465, 10275
2026/2/25, 22:15:00, 25388.25, 25418.25, 25365.50, 25380.50, 4236, 3809, 2245, 1991
2026/2/25, 23:15:00, 25380.00, 25392.75, 25274.75, 25331.50, 12508, 11505, 6557, 5951
2026/2/26, 00:15:00, 25331.75, 25341.50, 25288.75, 25311.50, 7843, 7358, 4043, 3800
2026/2/26, 01:15:00, 25312.25, 25319.75, 25264.75, 25293.50, 6544, 6187, 3326, 3218
2026/2/26, 02:15:00, 25294.75, 25312.25, 25288.75, 25301.25, 2947, 2806, 1533, 1414
2026/2/26, 03:15:00, 25301.50, 25323.50, 25295.75, 25301.00, 2775, 2658, 1396, 1379
2026/2/26, 04:15:00, 25300.75, 25306.25, 25283.25, 25285.25, 2301, 2210, 1210, 1091
2026/2/26, 05:15:00, 25285.00, 25333.00, 25283.50, 25333.00, 2955, 2773, 1309, 1646
2026/2/26, 06:15:00, 25333.00, 25351.00, 25316.75, 25347.50, 4212, 3928, 2083, 2129
2026/2/26, 07:15:00, 25346.75, 25367.25, 25328.75, 25365.00, 4760, 4425, 2272, 2488
2026/2/26, 08:15:00, 25365.50, 25392.25, 25343.25, 25372.00, 5782, 5377, 2823, 2959
2026/2/26, 09:15:00, 25372.75, 25401.50, 25364.00, 25383.00, 4733, 4161, 2199, 2534
2026/2/26, 10:15:00, 25383.50, 25385.50, 25345.25, 25356.50, 3629, 3309, 1952, 1677
2026/2/26, 11:15:00, 25354.25, 25379.00, 25350.00, 25365.00, 3630, 3443, 1780, 1850
2026/2/26, 12:15:00, 25364.25, 25390.75, 25361.25, 25377.50, 4810, 4530, 2333, 2477
2026/2/26, 13:15:00, 25377.25, 25399.25, 25373.00, 25398.25, 2437, 2201, 1160, 1277
2026/2/26, 13:30:00, 25398.25, 25415.25, 25341.00, 25341.25, 15229, 14292, 7590, 7639
2026/2/26, 14:30:00, 25342.00, 25342.00, 24885.00, 24932.25, 166049, 152689, 85496, 80553
2026/2/26, 15:30:00, 24933.00, 25085.50, 24861.75, 25058.75, 89987, 82767, 44640, 45347
2026/2/26, 16:30:00, 25058.75, 25070.00, 24953.00, 24968.00, 52708, 49212, 27044, 25664
2026/2/26, 17:30:00, 24966.75, 25008.00, 24888.75, 24919.75, 45605, 42107, 23028, 22577
2026/2/26, 18:30:00, 24918.75, 25086.25, 24908.25, 25048.25, 49474, 45786, 24210, 25264
2026/2/26, 19:30:00, 25048.75, 25099.00, 25036.75, 25037.25, 27789, 25612, 13888, 13901
2026/2/26, 20:15:00, 25037.00, 25090.00, 25024.00, 25070.00, 51624, 47108, 26434, 25190
2026/2/26, 21:15:00, 25070.00, 25075.50, 25024.75, 25028.00, 6641, 6024, 3283, 3358
2026/2/26, 22:15:00, 25024.25, 25030.00, 24955.00, 25017.25, 5184, 4693, 2475, 2709
2026/2/26, 23:15:00, 25018.50, 25038.00, 24975.00, 25011.75, 8635, 8009, 4445, 4190
2026/2/27, 00:15:00, 25010.50, 25026.50, 24954.75, 25003.50, 7771, 7048, 4111, 3660
2026/2/27, 01:15:00, 25003.75, 25018.25, 24971.00, 24999.00, 6624, 6036, 3367, 3257
2026/2/27, 02:15:00, 24998.50, 25036.00, 24993.50, 25026.75, 3889, 3674, 1776, 2113
2026/2/27, 03:15:00, 25027.25, 25036.25, 25001.75, 25024.25, 3303, 3130, 1704, 1599
2026/2/27, 04:15:00, 25024.75, 25047.25, 25012.00, 25046.75, 2413, 2305, 1141, 1272
2026/2/27, 05:15:00, 25045.75, 25061.00, 25010.25, 25014.50, 3234, 2960, 1752, 1482
2026/2/27, 06:15:00, 25015.00, 25054.75, 24991.75, 25047.75, 4012, 3726, 1871, 2141
2026/2/27, 07:15:00, 25046.00, 25089.75, 25045.50, 25048.00, 5227, 4876, 2558, 2669
2026/2/27, 08:15:00, 25047.50, 25088.75, 25038.25, 25081.00, 5563, 5207, 2722, 2841
2026/2/27, 09:15:00, 25080.75, 25098.75, 24966.75, 24987.75, 8755, 7970, 4763, 3992
2026/2/27, 10:15:00, 24987.50, 25045.00, 24984.75, 24994.25, 7580, 6688, 3836, 3744
2026/2/27, 11:15:00, 24994.25, 25007.75, 24921.25, 24976.75, 11350, 10417, 5740, 5610
2026/2/27, 12:15:00, 24977.50, 24994.00, 24898.00, 24910.50, 11902, 10988, 6264, 5638
2026/2/27, 13:15:00, 24911.75, 24924.00, 24874.00, 24880.25, 4513, 4052, 2371, 2142
2026/2/27, 13:30:00, 24881.25, 24883.25, 24793.75, 24814.25, 34344, 30565, 17142, 17202
2026/2/27, 14:30:00, 24815.25, 24997.50, 24782.00, 24971.25, 113396, 106014, 55570, 57826
2026/2/27, 15:30:00, 24971.00, 25021.50, 24922.50, 24968.00, 62921, 58746, 31940, 30981
2026/2/27, 16:30:00, 24969.00, 25036.75, 24900.25, 24952.75, 53813, 50094, 26904, 26909
2026/2/27, 17:30:00, 24952.50, 24994.00, 24874.75, 24911.00, 43609, 41657, 22176, 21433
2026/2/27, 18:30:00, 24911.00, 24963.00, 24886.00, 24906.75, 34296, 32078, 17252, 17044
2026/2/27, 19:30:00, 24906.25, 24968.75, 24873.00, 24968.75, 25159, 23746, 12042, 13117
2026/2/27, 20:15:00, 24968.50, 25022.75, 24921.75, 24976.50, 76380, 70701, 38222, 38158
2026/2/27, 21:15:00, 24976.75, 24980.25, 24939.25, 24952.75, 8625, 8048, 4096, 4529
2026/3/1, 22:15:00, 24682.50, 24815.00, 24635.50, 24777.00, 10282, 8423, 5078, 5204
2026/3/1, 23:15:00, 24775.50, 24801.25, 24714.50, 24758.50, 13090, 11660, 6561, 6529
2026/3/2, 00:15:00, 24756.25, 24893.25, 24712.75, 24873.75, 17406, 14788, 7585, 9821
2026/3/2, 01:15:00, 24876.25, 24901.25, 24823.00, 24838.50, 10902, 9892, 5595, 5307
2026/3/2, 02:15:00, 24838.75, 24847.25, 24796.50, 24819.00, 5827, 5487, 2967, 2860
2026/3/2, 03:15:00, 24817.25, 24835.50, 24778.25, 24796.75, 4423, 4218, 2376, 2047
2026/3/2, 04:15:00, 24796.25, 24817.75, 24730.25, 24743.25, 7272, 6725, 3822, 3450
2026/3/2, 05:15:00, 24741.75, 24757.50, 24672.00, 24691.00, 6478, 5957, 3360, 3118
2026/3/2, 06:15:00, 24692.50, 24698.75, 24528.00, 24541.00, 15483, 14445, 8282, 7201
2026/3/2, 07:15:00, 24541.25, 24588.25, 24483.00, 24530.75, 16429, 15032, 8693, 7736
2026/3/2, 08:15:00, 24529.50, 24633.50, 24477.00, 24617.25, 17385, 16392, 8762, 8623
2026/3/2, 09:15:00, 24617.75, 24684.25, 24610.25, 24646.50, 14266, 12407, 6626, 7640
2026/3/2, 10:15:00, 24647.00, 24684.50, 24632.50, 24645.25, 7362, 6963, 3818, 3544
2026/3/2, 11:15:00, 24646.00, 24729.00, 24635.00, 24661.00, 11662, 10416, 5469, 6193
2026/3/2, 12:15:00, 24659.75, 24664.00, 24609.75, 24648.50, 11951, 11084, 6132, 5819
2026/3/2, 13:15:00, 24649.50, 24739.25, 24645.25, 24700.75, 7216, 6050, 3217, 3999
2026/3/2, 13:30:00, 24701.75, 24710.25, 24592.75, 24644.75, 18707, 17558, 9487, 9220
2026/3/2, 14:30:00, 24644.50, 24947.75, 24605.00, 24881.75, 114759, 107013, 58018, 56741
2026/3/2, 15:30:00, 24881.00, 24991.25, 24842.00, 24867.50, 63071, 57695, 31650, 31421
2026/3/2, 16:30:00, 24866.50, 25076.50, 24861.00, 25045.00, 59156, 54398, 29415, 29741
2026/3/2, 17:30:00, 25044.00, 25075.75, 25013.50, 25036.00, 31371, 28852, 15950, 15421
2026/3/2, 18:30:00, 25036.25, 25089.00, 24966.25, 25079.25, 44416, 40323, 23030, 21386
2026/3/2, 19:30:00, 25079.75, 25101.00, 24959.00, 24967.75, 40370, 36459, 21067, 19303
2026/3/2, 20:15:00, 24967.25, 25062.75, 24946.75, 24997.25, 61561, 54659, 32885, 28676
2026/3/2, 21:15:00, 24998.00, 25007.75, 24978.50, 24995.75, 4627, 4343, 2544, 2083
2026/3/2, 22:15:00, 25002.75, 25011.00, 24965.00, 24972.00, 2557, 2406, 1359, 1198
2026/3/2, 23:15:00, 24973.25, 24982.25, 24939.50, 24947.50, 6302, 5989, 3248, 3054
2026/3/3, 00:15:00, 24948.00, 24957.25, 24904.00, 24942.75, 5961, 5618, 2945, 3016
2026/3/3, 01:15:00, 24944.25, 24960.00, 24835.00, 24853.50, 8976, 8503, 4589, 4387
2026/3/3, 02:15:00, 24857.00, 24883.25, 24806.50, 24851.75, 9097, 8621, 4488, 4609
2026/3/3, 03:15:00, 24852.75, 24880.00, 24804.25, 24835.25, 6468, 6183, 3157, 3311
2026/3/3, 04:15:00, 24835.75, 24846.25, 24788.75, 24808.75, 7041, 6526, 3666, 3375
2026/3/3, 05:15:00, 24810.25, 24822.25, 24743.00, 24763.50, 8424, 7870, 4386, 4038
2026/3/3, 06:15:00, 24763.25, 24800.00, 24721.00, 24738.25, 9398, 8903, 4633, 4765
2026/3/3, 07:15:00, 24738.25, 24758.00, 24634.00, 24638.00, 13912, 13057, 7136, 6776
2026/3/3, 08:15:00, 24638.00, 24662.00, 24505.00, 24560.00, 26711, 23255, 14479, 12232
2026/3/3, 09:15:00, 24558.50, 24561.00, 24422.00, 24451.50, 19889, 17919, 10657, 9232
2026/3/3, 10:15:00, 24447.50, 24483.00, 24393.00, 24428.50, 20572, 17702, 10653, 9919
2026/3/3, 11:15:00, 24428.25, 24576.00, 24370.00, 24555.25, 19929, 18503, 9499, 10430
2026/3/3, 12:15:00, 24556.25, 24606.75, 24528.50, 24549.50, 17489, 15915, 8719, 8770
2026/3/3, 13:15:00, 24550.50, 24575.50, 24515.00, 24529.75, 4658, 4338, 2422, 2236
2026/3/3, 13:30:00, 24530.25, 24543.50, 24447.75, 24535.00, 28805, 26563, 14005, 14800
2026/3/3, 14:30:00, 24535.00, 24661.25, 24352.00, 24358.50, 144892, 133909, 72516, 72376
2026/3/3, 15:30:00, 24358.75, 24642.50, 24356.25, 24618.75, 88732, 81741, 42924, 45808
2026/3/3, 16:30:00, 24618.00, 24724.75, 24563.25, 24704.75, 66279, 60451, 33303, 32976
2026/3/3, 17:30:00, 24705.25, 24772.25, 24602.50, 24746.75, 46596, 42544, 23564, 23032
2026/3/3, 18:30:00, 24746.25, 24832.50, 24730.25, 24759.25, 44530, 40376, 22551, 21979
2026/3/3, 19:30:00, 24759.50, 24850.00, 24709.50, 24774.50, 39496, 36516, 19692, 19804
2026/3/3, 20:15:00, 24773.75, 24807.75, 24718.00, 24737.50, 51500, 47267, 26774, 24726
2026/3/3, 21:15:00, 24736.75, 24746.75, 24691.50, 24709.75, 6283, 5825, 3343, 2940
2026/3/3, 22:15:00, 24710.75, 24765.00, 24669.75, 24746.25, 3467, 3148, 1588, 1879
2026/3/3, 23:15:00, 24747.75, 24759.50, 24676.00, 24737.00, 7159, 6443, 3414, 3745
2026/3/4, 00:15:00, 24737.50, 24803.50, 24688.75, 24705.00, 12050, 11378, 5995, 6055
2026/3/4, 01:15:00, 24704.75, 24721.50, 24630.75, 24644.00, 12551, 11992, 6109, 6442
2026/3/4, 02:15:00, 24642.25, 24667.50, 24586.00, 24593.25, 9784, 9281, 4919, 4865
2026/3/4, 03:15:00, 24593.75, 24644.75, 24525.00, 24623.00, 10499, 9937, 5195, 5304
2026/3/4, 04:15:00, 24621.75, 24637.25, 24562.00, 24565.00, 6372, 5981, 3114, 3258
2026/3/4, 05:15:00, 24565.25, 24617.75, 24511.50, 24517.50, 6799, 6396, 3426, 3373
2026/3/4, 06:15:00, 24517.25, 24590.00, 24499.00, 24543.00, 8676, 8125, 4258, 4418
2026/3/4, 07:15:00, 24540.75, 24677.75, 24535.50, 24669.00, 11535, 10505, 5642, 5893
2026/3/4, 08:15:00, 24669.75, 24708.00, 24611.50, 24693.25, 9133, 8585, 4332, 4801
2026/3/4, 09:15:00, 24692.50, 24860.00, 24685.50, 24850.25, 15408, 14199, 7070, 8338
2026/3/4, 10:15:00, 24851.25, 24875.00, 24795.25, 24859.00, 13532, 12414, 6526, 7006
2026/3/4, 11:15:00, 24860.00, 24895.00, 24801.25, 24828.00, 12133, 11084, 6050, 6083
2026/3/4, 12:15:00, 24829.50, 24930.25, 24720.50, 24918.00, 20737, 18824, 9738, 10999
2026/3/4, 13:15:00, 24918.00, 24926.75, 24863.25, 24882.00, 5258, 4656, 2486, 2772
2026/3/4, 13:30:00, 24882.75, 24925.00, 24846.50, 24853.00, 23116, 20819, 11242, 11874
2026/3/4, 14:30:00, 24853.50, 25146.25, 24826.00, 25139.00, 129651, 118255, 63349, 66302
2026/3/4, 15:30:00, 25139.25, 25158.25, 25036.75, 25105.75, 75194, 70047, 37458, 37736
2026/3/4, 16:30:00, 25105.75, 25174.25, 25097.25, 25132.75, 45269, 41876, 22581, 22688
2026/3/4, 17:30:00, 25133.25, 25183.00, 25105.00, 25171.75, 34223, 31646, 17254, 16969
2026/3/4, 18:30:00, 25172.00, 25217.75, 25170.50, 25194.50, 33120, 30407, 16539, 16581
2026/3/4, 19:30:00, 25194.75, 25207.00, 25147.25, 25150.00, 18409, 17055, 9788, 8621
2026/3/4, 20:15:00, 25150.25, 25167.75, 25092.50, 25151.25, 57532, 51990, 29485, 28047
2026/3/4, 21:15:00, 25151.50, 25163.25, 25114.00, 25138.00, 7191, 6440, 3853, 3338
2026/3/4, 22:15:00, 25156.50, 25177.25, 25140.00, 25171.50, 2190, 2010, 1000, 1190
2026/3/4, 23:15:00, 25170.50, 25203.50, 25143.50, 25198.75, 6407, 5731, 3199, 3208
2026/3/5, 00:15:00, 25200.00, 25250.00, 25184.50, 25197.25, 9535, 8789, 4618, 4917
2026/3/5, 01:15:00, 25196.25, 25197.50, 25044.00, 25085.25, 16744, 15363, 8729, 8015
2026/3/5, 02:15:00, 25083.75, 25125.50, 25050.00, 25078.50, 7420, 7099, 3597, 3823
2026/3/5, 03:15:00, 25079.75, 25086.50, 25025.25, 25073.75, 8670, 8033, 4414, 4256
2026/3/5, 04:15:00, 25074.50, 25106.75, 25066.75, 25089.00, 4155, 3895, 2039, 2116
2026/3/5, 05:15:00, 25088.75, 25090.50, 24983.00, 24985.75, 7757, 6685, 4654, 3103
2026/3/5, 06:15:00, 24986.50, 25098.00, 24981.00, 25069.00, 9867, 9022, 4727, 5140
2026/3/5, 07:15:00, 25069.00, 25094.25, 24990.00, 24997.25, 9391, 8821, 4912, 4479
2026/3/5, 08:15:00, 24997.50, 25205.75, 24973.25, 25183.00, 18871, 17418, 8819, 10052
2026/3/5, 09:15:00, 25185.75, 25196.75, 25082.00, 25116.50, 15005, 13879, 7555, 7450
2026/3/5, 10:15:00, 25117.00, 25143.25, 25085.25, 25137.00, 8103, 7371, 4104, 3999
2026/3/5, 11:15:00, 25137.25, 25153.75, 25078.50, 25098.25, 8153, 7576, 4146, 4007
2026/3/5, 12:15:00, 25099.00, 25157.75, 25025.00, 25040.25, 14670, 13570, 7479, 7191
2026/3/5, 13:15:00, 25043.50, 25060.50, 25024.00, 25054.25, 3313, 3056, 1679, 1634
2026/3/5, 13:30:00, 25054.00, 25072.25, 24962.75, 24988.00, 26053, 23920, 13063, 12990
2026/3/5, 14:30:00, 24987.75, 25209.75, 24985.25, 25011.25, 119914, 111488, 59822, 60092
2026/3/5, 15:30:00, 25012.00, 25098.00, 24930.50, 24967.25, 86547, 80559, 42775, 43772
2026/3/5, 16:30:00, 24967.75, 25123.00, 24927.00, 24928.00, 61443, 57344, 31020, 30423
2026/3/5, 17:30:00, 24927.75, 24944.00, 24781.75, 24794.00, 72755, 66488, 36554, 36201
2026/3/5, 18:30:00, 24792.50, 24880.75, 24772.50, 24839.00, 41482, 38910, 20844, 20638
2026/3/5, 19:30:00, 24839.25, 24934.75, 24792.50, 24919.00, 38419, 35959, 19240, 19179
2026/3/5, 20:15:00, 24920.00, 25056.00, 24902.50, 25030.75, 65406, 59074, 32733, 32673
2026/3/5, 21:15:00, 25030.75, 25045.25, 25000.25, 25010.50, 8151, 7493, 4132, 4019
2026/3/5, 22:15:00, 25019.75, 25046.25, 25001.00, 25036.50, 1794, 1612, 862, 932
2026/3/5, 23:15:00, 25036.50, 25098.00, 25028.25, 25092.25, 6210, 5673, 2904, 3306
2026/3/6, 00:15:00, 25092.00, 25095.00, 25065.75, 25075.50, 6365, 5666, 3399, 2966
2026/3/6, 01:15:00, 25076.25, 25103.50, 25038.00, 25103.50, 6802, 6448, 3194, 3608
2026/3/6, 02:15:00, 25102.50, 25116.00, 25067.00, 25085.25, 4738, 4511, 2301, 2437
2026/3/6, 03:15:00, 25085.50, 25115.25, 25074.00, 25105.25, 3707, 3416, 1707, 2000
2026/3/6, 04:15:00, 25106.75, 25137.75, 25093.50, 25127.75, 3620, 3345, 1855, 1765
2026/3/6, 05:15:00, 25127.50, 25141.50, 25106.75, 25123.25, 3459, 3185, 1789, 1670
2026/3/6, 06:15:00, 25122.50, 25125.50, 25091.75, 25098.00, 4258, 4031, 2140, 2118
2026/3/6, 07:15:00, 25098.50, 25140.50, 25088.25, 25093.25, 6479, 6176, 3222, 3257
2026/3/6, 08:15:00, 25092.25, 25112.00, 25009.00, 25027.00, 11724, 10987, 6208, 5516
2026/3/6, 09:15:00, 25026.25, 25029.00, 24882.25, 24946.50, 16423, 15382, 8486, 7937
2026/3/6, 10:15:00, 24948.25, 24981.00, 24887.25, 24941.75, 11857, 11152, 5917, 5940
2026/3/6, 11:15:00, 24942.75, 24962.75, 24835.00, 24872.00, 16203, 14133, 8801, 7402
2026/3/6, 12:15:00, 24874.25, 24884.75, 24805.50, 24849.50, 16935, 15759, 8524, 8411
2026/3/6, 13:15:00, 24850.00, 24878.00, 24836.25, 24863.50, 3112, 2823, 1444, 1668
2026/3/6, 13:30:00, 24873.75, 24908.75, 24612.50, 24685.75, 54910, 49598, 27623, 27287
2026/3/6, 14:30:00, 24685.25, 24829.00, 24608.75, 24822.00, 122237, 115214, 60384, 61853
2026/3/6, 15:30:00, 24821.75, 24899.50, 24752.00, 24844.25, 73530, 67716, 36758, 36772
2026/3/6, 16:30:00, 24845.00, 24926.25, 24793.00, 24813.25, 54311, 50990, 27289, 27022
2026/3/6, 17:30:00, 24812.50, 24898.50, 24744.25, 24830.50, 49518, 46069, 25058, 24460
2026/3/6, 18:30:00, 24830.25, 24861.50, 24783.25, 24820.00, 39423, 36855, 19763, 19660
2026/3/6, 19:30:00, 24818.50, 24853.25, 24726.00, 24750.75, 31623, 29144, 16124, 15499
2026/3/6, 20:15:00, 24750.75, 24773.75, 24601.00, 24658.50, 72537, 65289, 35902, 36635
2026/3/6, 21:15:00, 24658.75, 24682.25, 24630.00, 24661.25, 8202, 7298, 4163, 4039
2026/3/8, 21:15:00, 24435.25, 24473.00, 24223.00, 24234.50, 12559, 9974, 6591, 5968
2026/3/8, 22:15:00, 24232.50, 24326.25, 24226.75, 24279.50, 15576, 12794, 8119, 7457
2026/3/8, 23:15:00, 24279.50, 24295.25, 24168.25, 24202.00, 15754, 14452, 8132, 7622
2026/3/9, 00:15:00, 24201.50, 24208.50, 24062.50, 24085.50, 16993, 16053, 8919, 8074
2026/3/9, 01:15:00, 24087.00, 24118.00, 24004.50, 24026.50, 16370, 15494, 8179, 8191
2026/3/9, 02:15:00, 24027.50, 24111.25, 24000.00, 24108.00, 13588, 12792, 6715, 6873
2026/3/9, 03:15:00, 24108.00, 24133.75, 24077.00, 24111.75, 9266, 8769, 4589, 4677
2026/3/9, 04:15:00, 24109.75, 24151.75, 24086.25, 24142.00, 5100, 4904, 2523, 2577
2026/3/9, 05:15:00, 24141.00, 24305.00, 24115.00, 24288.25, 15728, 14457, 7611, 8117
2026/3/9, 06:15:00, 24290.50, 24315.75, 24210.00, 24266.75, 12518, 11405, 6513, 6005
2026/3/9, 07:15:00, 24265.75, 24315.25, 24245.00, 24260.75, 15092, 14351, 7540, 7552
2026/3/9, 08:15:00, 24257.50, 24350.50, 24233.25, 24346.25, 16305, 15189, 7932, 8373
2026/3/9, 09:15:00, 24346.25, 24495.75, 24342.75, 24381.00, 20142, 18992, 9881, 10261
2026/3/9, 10:15:00, 24381.00, 24417.00, 24340.00, 24378.75, 13833, 13187, 7098, 6735
2026/3/9, 11:15:00, 24380.00, 24440.25, 24348.00, 24439.25, 13048, 12431, 6469, 6579
2026/3/9, 12:15:00, 24438.00, 24459.25, 24350.00, 24434.25, 18194, 17044, 8851, 9343
2026/3/9, 13:15:00, 24434.25, 24442.00, 24384.00, 24432.75, 8080, 7815, 3870, 4210
2026/3/9, 13:30:00, 24432.25, 24525.25, 24313.00, 24401.50, 111227, 104087, 55230, 55997
2026/3/9, 14:30:00, 24401.00, 24650.00, 24398.25, 24642.75, 68620, 62548, 33560, 35060
2026/3/9, 15:30:00, 24643.25, 24727.75, 24590.25, 24691.50, 47302, 43708, 23517, 23785
2026/3/9, 16:30:00, 24690.75, 24749.25, 24606.00, 24613.50, 43127, 39611, 21873, 21254
2026/3/9, 17:30:00, 24612.50, 24683.25, 24575.75, 24650.25, 37472, 35277, 18426, 19046
2026/3/9, 18:30:00, 24650.00, 24959.75, 24640.00, 24952.50, 59212, 53997, 28249, 30963
2026/3/9, 19:30:00, 24952.00, 25058.00, 24894.75, 24963.25, 79728, 71150, 39562, 40166
2026/3/9, 20:15:00, 24963.00, 24978.00, 24907.50, 24958.00, 11710, 10897, 5794, 5916
2026/3/9, 21:15:00, 24981.50, 24981.50, 24884.00, 24932.25, 5033, 4552, 2591, 2442
2026/3/9, 22:15:00, 24934.75, 24946.75, 24870.00, 24924.75, 7598, 7088, 3789, 3809
2026/3/9, 23:15:00, 24925.00, 24933.50, 24830.00, 24841.25, 6762, 6284, 3367, 3395
2026/3/10, 00:15:00, 24841.50, 24975.00, 24841.50, 24962.00, 8306, 7802, 3656, 4650
2026/3/10, 01:15:00, 24963.25, 24999.00, 24935.00, 24977.50, 5595, 5342, 2625, 2970
2026/3/10, 02:15:00, 24977.50, 24980.75, 24907.00, 24930.50, 5361, 5040, 2832, 2529
2026/3/10, 03:15:00, 24929.00, 24963.00, 24854.75, 24889.00, 5779, 5494, 2967, 2812
2026/3/10, 04:15:00, 24890.50, 24957.50, 24879.25, 24939.25, 3905, 3767, 1870, 2035
2026/3/10, 05:15:00, 24942.50, 24967.50, 24918.50, 24961.50, 3060, 2883, 1484, 1576
2026/3/10, 06:15:00, 24961.25, 25019.75, 24939.00, 24990.00, 5833, 5369, 2802, 3031
2026/3/10, 07:15:00, 24988.50, 25150.50, 24987.25, 25114.50, 13661, 12530, 6358, 7303
2026/3/10, 08:15:00, 25113.00, 25146.00, 25078.25, 25121.25, 9750, 9127, 4875, 4875
2026/3/10, 09:15:00, 25122.50, 25128.00, 25054.00, 25064.50, 7510, 6913, 3693, 3817
2026/3/10, 10:15:00, 25062.75, 25109.00, 25005.25, 25008.25, 12119, 11392, 6007, 6112
2026/3/10, 11:15:00, 25009.00, 25028.75, 24900.50, 24931.50, 13227, 12244, 6732, 6495
2026/3/10, 12:15:00, 24932.00, 24999.50, 24892.00, 24970.00, 15213, 14218, 7438, 7775
2026/3/10, 13:15:00, 24970.50, 25008.25, 24965.50, 24990.75, 5299, 4916, 2679, 2620
2026/3/10, 13:30:00, 24991.00, 25081.75, 24892.25, 25003.50, 99039, 92776, 49916, 49123
2026/3/10, 14:30:00, 25003.75, 25182.00, 25001.75, 25143.25, 60465, 56056, 29603, 30862
2026/3/10, 15:30:00, 25143.50, 25172.25, 25080.25, 25131.75, 44824, 41623, 22305, 22519
2026/3/10, 16:30:00, 25131.75, 25217.50, 25117.75, 25212.75, 43245, 40364, 21127, 22118
2026/3/10, 17:30:00, 25212.00, 25212.00, 24987.75, 25068.00, 70907, 65861, 35986, 34921
2026/3/10, 18:30:00, 25067.00, 25107.00, 24985.50, 24987.75, 49908, 44943, 25633, 24275
2026/3/10, 19:30:00, 24988.75, 25039.00, 24940.25, 25032.75, 43931, 39950, 21843, 22088
2026/3/10, 20:15:00, 25034.00, 25034.00, 24993.00, 25010.50, 6058, 5825, 3090, 2968
2026/3/10, 21:15:00, 25010.25, 25016.50, 24980.75, 25013.00, 1652, 1533, 757, 895
2026/3/10, 22:15:00, 25013.25, 25018.50, 24951.50, 24984.00, 4043, 3832, 2109, 1934
2026/3/10, 23:15:00, 24984.00, 25072.50, 24975.00, 25058.00, 5645, 5090, 2620, 3025
2026/3/11, 00:15:00, 25059.00, 25086.00, 25049.00, 25076.50, 4707, 4457, 2396, 2311
2026/3/11, 01:15:00, 25075.50, 25098.00, 25070.75, 25079.25, 3374, 3162, 1731, 1643
2026/3/11, 02:15:00, 25080.25, 25102.75, 25074.00, 25093.00, 2733, 2555, 1292, 1441
2026/3/11, 03:15:00, 25093.00, 25125.00, 25090.75, 25116.25, 2578, 2415, 1198, 1380
2026/3/11, 04:15:00, 25116.50, 25118.75, 25056.25, 25060.75, 2502, 2336, 1347, 1155
2026/3/11, 05:15:00, 25060.75, 25076.25, 25010.00, 25038.50, 3847, 3645, 2038, 1809
2026/3/11, 06:15:00, 25037.50, 25053.25, 25007.00, 25033.00, 4326, 4067, 2192, 2134
2026/3/11, 07:15:00, 25033.50, 25035.00, 24945.00, 25027.00, 9036, 8294, 4586, 4450
2026/3/11, 08:15:00, 25024.75, 25037.50, 24925.50, 24935.50, 9370, 8856, 4617, 4753
2026/3/11, 09:15:00, 24934.50, 24974.25, 24895.75, 24974.25, 7913, 7110, 4077, 3836
2026/3/11, 10:15:00, 24974.25, 25043.50, 24958.00, 25031.50, 7419, 6706, 3588, 3831
2026/3/11, 11:15:00, 25032.50, 25038.50, 24928.25, 24955.75, 11647, 10431, 6045, 5602
2026/3/11, 12:15:00, 24958.00, 25058.00, 24909.25, 24964.00, 16932, 15493, 8448, 8484
2026/3/11, 13:15:00, 24964.50, 25035.25, 24961.50, 25034.50, 5078, 4664, 2440, 2638
2026/3/11, 13:30:00, 25034.75, 25180.00, 24978.75, 25027.75, 99635, 93270, 49842, 49793
2026/3/11, 14:30:00, 25027.75, 25090.00, 24933.00, 24935.25, 62493, 58940, 32136, 30357
2026/3/11, 15:30:00, 24934.50, 24963.25, 24888.00, 24952.50, 53726, 49207, 27494, 26232
2026/3/11, 16:30:00, 24951.00, 25026.50, 24949.25, 25007.50, 35060, 32775, 16527, 18533
2026/3/11, 17:30:00, 25007.50, 25016.75, 24873.50, 24947.00, 48538, 45182, 24246, 24292
2026/3/11, 18:30:00, 24948.25, 24977.00, 24913.50, 24934.75, 32392, 29739, 16519, 15873
2026/3/11, 19:30:00, 24935.00, 25006.75, 24928.50, 24963.75, 29850, 27607, 14688, 15162
2026/3/11, 20:15:00, 24964.50, 24970.00, 24940.00, 24945.50, 3484, 3172, 1657, 1827
2026/3/11, 21:15:00, 24934.50, 24949.25, 24890.50, 24904.75, 2616, 2427, 1369, 1247
2026/3/11, 22:15:00, 24905.00, 24906.50, 24787.25, 24828.75, 11112, 10191, 5910, 5202
2026/3/11, 23:15:00, 24828.00, 24847.75, 24733.25, 24755.25, 12828, 11775, 6606, 6222
2026/3/12, 00:15:00, 24755.75, 24805.00, 24740.00, 24786.00, 7245, 6771, 3491, 3754
2026/3/12, 01:15:00, 24784.00, 24842.25, 24772.00, 24776.75, 6090, 5642, 3093, 2997
2026/3/12, 02:15:00, 24776.25, 24786.00, 24704.25, 24732.00, 7267, 6823, 3753, 3514
2026/3/12, 03:15:00, 24731.25, 24748.25, 24695.50, 24737.75, 4522, 4181, 2186, 2336
2026/3/12, 04:15:00, 24738.50, 24777.75, 24709.50, 24761.50, 4463, 4081, 2143, 2320
2026/3/12, 05:15:00, 24762.25, 24777.50, 24732.50, 24752.25, 4328, 3981, 2181, 2147
2026/3/12, 06:15:00, 24754.25, 24825.75, 24752.25, 24823.75, 5401, 4925, 2570, 2831
2026/3/12, 07:15:00, 24823.00, 24902.50, 24809.00, 24878.75, 8330, 7749, 4052, 4278
2026/3/12, 08:15:00, 24878.75, 24893.00, 24832.50, 24839.50, 6732, 6242, 3548, 3184
2026/3/12, 09:15:00, 24838.25, 24927.00, 24813.00, 24908.75, 8296, 7569, 4081, 4215
2026/3/12, 10:15:00, 24908.75, 24926.50, 24858.50, 24861.50, 5771, 5305, 2947, 2824
2026/3/12, 11:15:00, 24862.00, 24928.00, 24810.25, 24833.50, 11047, 10226, 5697, 5350
2026/3/12, 12:15:00, 24834.25, 24852.75, 24800.00, 24803.00, 10730, 9988, 5545, 5185
2026/3/12, 13:15:00, 24802.50, 24813.25, 24750.50, 24775.75, 10383, 9699, 5444, 4939
2026/3/12, 13:30:00, 24775.75, 24834.50, 24616.75, 24617.50, 101130, 94315, 51086, 50044
2026/3/12, 14:30:00, 24617.25, 24720.00, 24561.00, 24619.75, 75358, 68704, 38346, 37012
2026/3/12, 15:30:00, 24619.50, 24735.25, 24579.00, 24640.75, 74376, 66592, 36076, 38300
2026/3/12, 16:30:00, 24639.75, 24724.00, 24624.00, 24651.25, 43810, 40572, 22004, 21806
2026/3/12, 17:30:00, 24651.00, 24692.50, 24585.25, 24636.25, 35188, 32382, 18319, 16869
2026/3/12, 18:30:00, 24637.25, 24646.50, 24570.00, 24615.75, 34379, 31244, 17964, 16415
2026/3/12, 19:30:00, 24615.50, 24643.00, 24517.75, 24531.50, 45302, 41290, 23039, 22263
2026/3/12, 20:15:00, 24532.50, 24577.50, 24530.75, 24568.50, 6005, 5556, 2859, 3146
2026/3/12, 21:15:00, 24567.00, 24586.75, 24540.00, 24559.25, 2842, 2502, 1404, 1438
2026/3/12, 22:15:00, 24559.50, 24614.00, 24541.75, 24588.00, 5968, 5433, 2807, 3161
2026/3/12, 23:15:00, 24587.50, 24589.75, 24491.25, 24578.25, 7921, 7362, 4030, 3891
2026/3/13, 00:15:00, 24579.00, 24662.25, 24578.75, 24645.75, 9203, 8244, 4183, 5020
2026/3/13, 01:15:00, 24647.00, 24655.50, 24618.25, 24625.00, 4324, 4034, 2209, 2115
2026/3/13, 02:15:00, 24626.50, 24640.00, 24590.00, 24590.25, 4643, 4386, 2257, 2386
2026/3/13, 03:15:00, 24591.25, 24629.00, 24581.75, 24607.25, 3343, 3220, 1556, 1787
2026/3/13, 04:15:00, 24608.25, 24610.25, 24553.50, 24557.75, 4035, 3581, 2273, 1762
2026/3/13, 05:15:00, 24559.00, 24599.50, 24555.00, 24580.00, 3366, 3126, 1616, 1750
2026/3/13, 06:15:00, 24579.25, 24579.75, 24423.25, 24431.00, 9315, 8554, 4872, 4443
2026/3/13, 07:15:00, 24430.00, 24475.50, 24397.00, 24412.50, 10932, 10087, 5371, 5561
2026/3/13, 08:15:00, 24410.00, 24574.25, 24398.00, 24531.00, 12807, 11631, 6320, 6487
2026/3/13, 09:15:00, 24532.50, 24594.00, 24508.50, 24589.75, 7224, 6562, 3504, 3720
2026/3/13, 10:15:00, 24590.50, 24645.75, 24568.75, 24618.75, 11016, 10069, 5169, 5847
2026/3/13, 11:15:00, 24619.00, 24676.50, 24605.50, 24650.50, 11828, 10148, 5302, 6526
2026/3/13, 12:15:00, 24651.25, 24738.00, 24630.50, 24667.75, 18690, 17387, 9010, 9680
2026/3/13, 13:15:00, 24667.75, 24684.25, 24637.75, 24645.50, 4805, 4473, 2430, 2375
2026/3/13, 13:30:00, 24645.00, 24805.25, 24611.00, 24674.25, 99322, 92674, 49966, 49356
2026/3/13, 14:30:00, 24674.75, 24728.25, 24461.75, 24469.75, 82618, 75301, 42874, 39744
2026/3/13, 15:30:00, 24469.00, 24496.00, 24391.75, 24444.25, 62247, 57188, 31938, 30309
2026/3/13, 16:30:00, 24443.50, 24488.50, 24382.00, 24450.25, 45744, 42545, 22813, 22931
2026/3/13, 17:30:00, 24448.75, 24456.25, 24353.00, 24411.50, 38008, 35246, 18882, 19126
2026/3/13, 18:30:00, 24411.50, 24472.50, 24367.75, 24376.75, 35192, 32351, 17254, 17938
2026/3/13, 19:30:00, 24376.50, 24404.00, 24350.50, 24364.25, 37624, 34601, 19260, 18364
2026/3/13, 20:15:00, 24363.25, 24383.75, 24333.75, 24335.25, 6264, 5706, 3230, 3034
2026/3/15, 21:15:00, 24285.00, 24405.00, 24278.00, 24309.00, 3632, 2843, 1941, 1691
2026/3/15, 22:15:00, 24309.25, 24496.75, 24295.25, 24452.00, 6930, 6136, 3391, 3539
2026/3/15, 23:15:00, 24450.25, 24520.25, 24408.50, 24507.25, 5443, 4896, 2665, 2778
2026/3/16, 00:15:00, 24509.00, 24525.50, 24485.25, 24500.25, 4874, 4269, 2338, 2536
2026/3/16, 01:15:00, 24502.50, 24523.75, 24468.75, 24502.25, 4680, 4139, 2429, 2251
2026/3/16, 02:15:00, 24504.50, 24507.75, 24474.25, 24494.00, 2284, 1963, 1213, 1071
2026/3/16, 03:15:00, 24496.00, 24540.25, 24492.50, 24532.75, 1837, 1614, 662, 1175
2026/3/16, 04:15:00, 24536.00, 24550.00, 24506.00, 24523.50, 2034, 1843, 1024, 1010
2026/3/16, 05:15:00, 24523.50, 24564.25, 24509.25, 24552.50, 2387, 1984, 1073, 1314
2026/3/16, 06:15:00, 24555.00, 24583.25, 24536.25, 24546.50, 2937, 2530, 1427, 1510
2026/3/16, 07:15:00, 24544.25, 24570.00, 24503.75, 24531.00, 4351, 3886, 2239, 2112
2026/3/16, 08:15:00, 24530.50, 24550.25, 24486.50, 24524.25, 4653, 4227, 2392, 2261
2026/3/16, 09:15:00, 24524.00, 24532.75, 24478.00, 24525.25, 3397, 3185, 1640, 1757
2026/3/16, 10:15:00, 24527.75, 24614.00, 24522.50, 24590.50, 5958, 4702, 2765, 3193
2026/3/16, 11:15:00, 24591.50, 24675.75, 24576.25, 24669.00, 6349, 5509, 2942, 3407
2026/3/16, 12:15:00, 24669.00, 24688.75, 24647.00, 24658.25, 8263, 7526, 4360, 3903
2026/3/16, 13:15:00, 24658.25, 24669.75, 24649.25, 24655.75, 3112, 2640, 1535, 1577
2026/3/16, 13:30:00, 24655.75, 24764.50, 24623.00, 24718.25, 47204, 43235, 23565, 23639
2026/3/16, 14:30:00, 24717.50, 24736.50, 24610.75, 24716.25, 31993, 29301, 16255, 15738
2026/3/16, 15:30:00, 24715.75, 24739.00, 24619.25, 24633.00, 21015, 19021, 10941, 10074
2026/3/16, 16:30:00, 24632.75, 24725.00, 24617.50, 24697.00, 18812, 17515, 9283, 9529
2026/3/16, 17:30:00, 24697.00, 24728.00, 24652.75, 24719.50, 15071, 13738, 7162, 7909
2026/3/16, 18:30:00, 24719.25, 24816.25, 24659.50, 24683.50, 20754, 19166, 9770, 10984
2026/3/16, 19:30:00, 24683.25, 24693.00, 24637.25, 24681.00, 18065, 16543, 8948, 9117
2026/3/16, 20:15:00, 24681.00, 24681.25, 24643.50, 24654.75, 3306, 3053, 1706, 1600
2026/3/16, 21:15:00, 24668.75, 24668.75, 24630.00, 24640.50, 421, 359, 219, 202
2026/3/16, 22:15:00, 24640.00, 24660.50, 24620.00, 24634.00, 1514, 1187, 758, 756
2026/3/16, 23:15:00, 24633.75, 24669.00, 24622.50, 24644.50, 952, 878, 462, 490
2026/3/17, 00:15:00, 24643.75, 24647.25, 24590.00, 24617.50, 1797, 1518, 1055, 742
2026/3/17, 01:15:00, 24616.75, 24632.50, 24596.50, 24609.50, 1290, 1101, 722, 568
2026/3/17, 02:15:00, 24609.50, 24617.25, 24572.25, 24583.75, 1281, 1092, 764, 517
2026/3/17, 03:15:00, 24584.00, 24598.00, 24567.50, 24586.75, 934, 772, 483, 451
2026/3/17, 04:15:00, 24587.75, 24638.25, 24587.00, 24636.00, 780, 717, 342, 438
2026/3/17, 05:15:00, 24635.00, 24640.50, 24517.00, 24532.75, 1453, 1334, 862, 591
2026/3/17, 06:15:00, 24531.00, 24562.50, 24525.75, 24550.75, 1336, 1239, 699, 637
2026/3/17, 07:15:00, 24550.25, 24604.50, 24546.25, 24553.75, 2011, 1595, 1051, 960
2026/3/17, 08:15:00, 24552.00, 24586.00, 24526.00, 24576.00, 1389, 1251, 685, 704
2026/3/17, 09:15:00, 24576.25, 24635.75, 24567.00, 24609.50, 1638, 1417, 780, 858
2026/3/17, 10:15:00, 24609.50, 24635.25, 24579.25, 24608.50, 1062, 955, 569, 493
2026/3/17, 11:15:00, 24608.50, 24682.00, 24598.00, 24675.25, 1316, 1148, 593, 723
2026/3/17, 12:15:00, 24672.00, 24758.50, 24666.00, 24758.50, 2621, 2232, 1214, 1407
2026/3/17, 13:15:00, 24758.25, 24808.25, 24749.25, 24783.25, 1869, 1686, 835, 1034
2026/3/17, 13:30:00, 24783.25, 24896.00, 24745.25, 24843.00, 18827, 16275, 9222, 9605
2026/3/17, 14:30:00, 24844.50, 24872.50, 24791.25, 24791.75, 8394, 7694, 4289, 4105
2026/3/17, 15:30:00, 24793.75, 24814.50, 24730.75, 24794.00, 8373, 7316, 4108, 4265
2026/3/17, 16:30:00, 24794.00, 24820.00, 24771.75, 24800.00, 4264, 3785, 2187, 2077
2026/3/17, 17:30:00, 24799.25, 24840.75, 24778.50, 24785.50, 3957, 3484, 2098, 1859
2026/3/17, 18:30:00, 24784.00, 24806.50, 24763.00, 24788.00, 3390, 2955, 1660, 1730
2026/3/17, 19:30:00, 24789.25, 24809.00, 24776.25, 24807.50, 5640, 5130, 2689, 2951
2026/3/17, 20:15:00, 24808.25, 24809.50, 24800.75, 24807.75, 872, 840, 442, 430
2026/3/17, 21:15:00, 24796.00, 24804.25, 24785.50, 24795.50, 94, 92, 45, 49
2026/3/17, 22:15:00, 24797.75, 24797.75, 24772.00, 24786.50, 441, 413, 205, 236
2026/3/17, 23:15:00, 24787.50, 24833.00, 24779.25, 24832.50, 363, 348, 156, 207
2026/3/18, 00:15:00, 24832.25, 24878.50, 24818.25, 24870.25, 767, 715, 389, 378
2026/3/18, 01:15:00, 24871.75, 24890.75, 24861.50, 24885.50, 683, 544, 320, 363
2026/3/18, 02:15:00, 24887.50, 24909.75, 24884.25, 24904.00, 835, 692, 478, 357
2026/3/18, 03:15:00, 24903.00, 24926.25, 24896.75, 24924.50, 617, 530, 249, 368
2026/3/18, 04:15:00, 24924.25, 24932.25, 24910.50, 24931.00, 561, 518, 293, 268
2026/3/18, 05:15:00, 24930.00, 24963.75, 24928.75, 24955.50, 582, 524, 265, 317
2026/3/18, 06:15:00, 24955.50, 24989.00, 24950.50, 24959.00, 1019, 859, 481, 538
2026/3/18, 07:15:00, 24958.50, 24966.00, 24937.75, 24960.25, 1061, 696, 438, 623
2026/3/18, 08:15:00, 24958.50, 24964.00, 24933.25, 24939.50, 697, 630, 369, 328
2026/3/18, 09:15:00, 24940.50, 24970.00, 24938.50, 24961.50, 779, 645, 354, 425
2026/3/18, 10:15:00, 24963.00, 24977.50, 24926.75, 24947.25, 1099, 769, 394, 705
2026/3/18, 11:15:00, 24946.50, 24956.25, 24812.50, 24829.00, 2801, 2508, 1510, 1291
2026/3/18, 12:15:00, 24830.75, 24831.50, 24647.00, 24681.75, 6178, 5593, 3125, 3053
2026/3/18, 13:15:00, 24682.25, 24719.00, 24660.25, 24711.25, 1858, 1785, 903, 955
2026/3/18, 13:30:00, 24712.25, 24780.00, 24595.75, 24605.00, 12132, 11297, 6204, 5928
2026/3/18, 14:30:00, 24604.50, 24713.25, 24599.00, 24671.00, 7486, 6106, 3868, 3618
2026/3/18, 15:30:00, 24669.00, 24697.75, 24647.50, 24668.75, 4481, 4145, 2309, 2172
2026/3/18, 16:30:00, 24668.25, 24674.75, 24578.00, 24612.50, 3877, 3495, 1990, 1887
2026/3/18, 17:30:00, 24614.00, 24696.75, 24594.25, 24636.75, 4797, 4343, 2257, 2540
2026/3/18, 18:30:00, 24636.75, 24644.50, 24492.25, 24502.00, 6616, 5892, 3430, 3186
2026/3/18, 19:30:00, 24504.00, 24525.25, 24401.75, 24406.75, 7741, 6645, 4722, 3019
2026/3/18, 20:15:00, 24408.00, 24414.25, 24350.00, 24394.75, 1315, 1266, 646, 669
2026/3/18, 21:15:00, 24399.75, 24404.00, 24300.00, 24378.25, 281, 185, 185, 96
2026/3/18, 22:15:00, 24377.00, 24402.75, 24347.75, 24396.00, 543, 476, 279, 264
2026/3/18, 23:15:00, 24396.75, 24428.00, 24378.75, 24413.25, 563, 503, 276, 287
2026/3/19, 00:15:00, 24411.50, 24419.00, 24371.00, 24404.50, 374, 328, 216, 158
2026/3/19, 01:15:00, 24403.00, 24469.00, 24385.50, 24462.00, 534, 477, 227, 307
2026/3/19, 02:15:00, 24462.00, 24505.25, 24460.00, 24495.25, 172, 159, 50, 122
