Date, Time, Open, High, Low, Last, Volume, NumberOfTrades, BidVolume, AskVolume
2026/2/17, 20:15:00, 25018.50, 25024.50, 24958.75, 25001.50, 339, 198, 188, 151
2026/2/17, 21:15:00, 25012.50, 25012.50, 24977.50, 24984.25, 10, 10, 2, 8
2026/2/17, 22:15:00, 24960.00, 24960.00, 24946.50, 24951.25, 3, 3, 2, 1
2026/2/17, 23:15:00, 24948.00, 24957.00, 24940.75, 24953.75, 7, 6, 5, 2
2026/2/18, 00:15:00, 24950.00, 24960.50, 24930.00, 24930.00, 9, 9, 5, 4
2026/2/18, 02:15:00, 24977.75, 24977.75, 24965.25, 24965.25, 4, 4, 3, 1
2026/2/18, 03:15:00, 24959.50, 25019.00, 24959.50, 25019.00, 8, 6, 4, 4
2026/2/18, 04:15:00, 25023.75, 25052.00, 25023.75, 25050.25, 13, 10, 5, 8
2026/2/18, 05:15:00, 25043.25, 25043.25, 25036.75, 25036.75, 3, 2, 3, 0
2026/2/18, 06:15:00, 25055.25, 25055.25, 25028.00, 25028.00, 2, 2, 1, 1
2026/2/18, 07:15:00, 25048.25, 25083.25, 25048.25, 25083.25, 3, 2, 3, 0
2026/2/18, 08:15:00, 25094.00, 25145.00, 25094.00, 25137.75, 30, 26, 14, 16
2026/2/18, 09:15:00, 25126.00, 25152.75, 25126.00, 25133.00, 5, 5, 1, 4
2026/2/18, 10:15:00, 25151.50, 25151.50, 25127.50, 25134.75, 7, 6, 6, 1
2026/2/18, 11:15:00, 25127.00, 25172.00, 25106.50, 25169.50, 19, 16, 10, 9
2026/2/18, 12:15:00, 25162.00, 25162.00, 25081.00, 25109.00, 12, 11, 9, 3
2026/2/18, 13:15:00, 25087.50, 25104.50, 25087.50, 25104.50, 2, 2, 2, 0
2026/2/18, 13:30:00, 25118.00, 25129.25, 25032.50, 25032.50, 26, 20, 17, 9
2026/2/18, 14:30:00, 25011.25, 25294.00, 24976.50, 25280.00, 357, 319, 172, 185
2026/2/18, 15:30:00, 25274.75, 25332.75, 25242.75, 25311.00, 187, 71, 124, 63
2026/2/18, 16:30:00, 25311.00, 25335.75, 25280.00, 25329.00, 59, 43, 18, 41
2026/2/18, 17:30:00, 25292.75, 25327.75, 25272.75, 25272.75, 12, 11, 6, 6
2026/2/18, 18:30:00, 25269.50, 25269.50, 25205.25, 25209.00, 50, 47, 27, 23
2026/2/18, 19:30:00, 25204.75, 25204.75, 25079.25, 25094.25, 98, 75, 56, 42
2026/2/18, 20:15:00, 25079.00, 25214.75, 25079.00, 25162.00, 70, 69, 36, 34
2026/2/18, 21:15:00, 25149.25, 25153.00, 25149.25, 25153.00, 3, 2, 0, 3
2026/2/18, 22:15:00, 25159.50, 25200.00, 25159.50, 25200.00, 2, 2, 2, 0
2026/2/18, 23:15:00, 25189.00, 25200.00, 25189.00, 25200.00, 9, 5, 1, 8
2026/2/19, 00:15:00, 25150.00, 25162.00, 25150.00, 25162.00, 2, 2, 2, 0
2026/2/19, 01:15:00, 25189.75, 25189.75, 25189.75, 25189.75, 1, 1, 0, 1
2026/2/19, 02:15:00, 25204.75, 25204.75, 25204.75, 25204.75, 1, 1, 0, 1
2026/2/19, 03:15:00, 25215.00, 25215.00, 25187.75, 25206.00, 4, 4, 2, 2
2026/2/19, 04:15:00, 25209.50, 25209.50, 25164.25, 25164.25, 7, 7, 4, 3
2026/2/19, 05:15:00, 25193.75, 25218.75, 25193.75, 25218.75, 2, 2, 1, 1
2026/2/19, 06:15:00, 25225.00, 25235.50, 25215.75, 25235.50, 7, 7, 2, 5
2026/2/19, 07:15:00, 25253.50, 25254.00, 25232.00, 25232.00, 3, 3, 1, 2
2026/2/19, 08:15:00, 25265.75, 25265.75, 25173.00, 25173.00, 8, 7, 7, 1
2026/2/19, 09:15:00, 25170.25, 25170.25, 25061.50, 25061.50, 33, 28, 18, 15
2026/2/19, 10:15:00, 25076.50, 25079.50, 25046.00, 25079.50, 118, 61, 73, 45
2026/2/19, 11:15:00, 25090.00, 25095.75, 25035.50, 25075.00, 41, 25, 13, 28
2026/2/19, 12:15:00, 25080.75, 25108.75, 25072.75, 25074.75, 10, 7, 2, 8
2026/2/19, 13:15:00, 25056.75, 25056.75, 25036.00, 25041.00, 6, 5, 6, 0
2026/2/19, 13:30:00, 25034.00, 25086.00, 25032.50, 25086.00, 24, 14, 14, 10
2026/2/19, 14:30:00, 25050.50, 25167.00, 24991.00, 25077.25, 176, 133, 96, 80
2026/2/19, 15:30:00, 25072.75, 25171.00, 25070.00, 25096.00, 34, 33, 19, 15
2026/2/19, 16:30:00, 25116.75, 25116.75, 25030.25, 25084.75, 85, 62, 24, 61
2026/2/19, 17:30:00, 25065.00, 25073.00, 24963.75, 25006.25, 409, 187, 186, 223
2026/2/19, 18:30:00, 25015.50, 25059.00, 24984.00, 25054.50, 174, 76, 102, 72
2026/2/19, 19:30:00, 25035.75, 25041.00, 24974.25, 24995.00, 173, 71, 114, 59
2026/2/19, 20:15:00, 25012.00, 25088.00, 25010.50, 25084.50, 71, 64, 41, 30
2026/2/19, 21:15:00, 25066.25, 25076.00, 25056.50, 25056.50, 5, 5, 1, 4
2026/2/19, 22:15:00, 25052.00, 25063.00, 25052.00, 25059.50, 5, 3, 5, 0
2026/2/19, 23:15:00, 25075.00, 25103.00, 25075.00, 25098.00, 15, 7, 1, 14
2026/2/20, 00:15:00, 25100.00, 25150.00, 25082.50, 25150.00, 10, 10, 6, 4
2026/2/20, 01:15:00, 25142.00, 25147.25, 25113.75, 25114.00, 25, 17, 5, 20
2026/2/20, 02:15:00, 25112.75, 25112.75, 25105.50, 25105.50, 3, 3, 3, 0
2026/2/20, 03:15:00, 25120.50, 25120.50, 25107.50, 25107.50, 6, 4, 5, 1
2026/2/20, 04:15:00, 25111.00, 25111.00, 25111.00, 25111.00, 1, 1, 1, 0
2026/2/20, 05:15:00, 25144.50, 25170.00, 25144.50, 25167.00, 5, 5, 1, 4
2026/2/20, 06:15:00, 25153.00, 25168.50, 25153.00, 25168.50, 4, 4, 3, 1
2026/2/20, 07:15:00, 25157.00, 25157.00, 25131.00, 25131.00, 4, 4, 2, 2
2026/2/20, 08:15:00, 25123.75, 25174.75, 25117.75, 25174.00, 17, 11, 12, 5
2026/2/20, 09:15:00, 25182.25, 25203.50, 25182.25, 25202.75, 6, 6, 0, 6
2026/2/20, 10:15:00, 25145.00, 25145.00, 25071.75, 25084.25, 9, 9, 8, 1
2026/2/20, 11:15:00, 25079.00, 25087.00, 25023.50, 25050.00, 28, 18, 10, 18
2026/2/20, 12:15:00, 25022.75, 25039.50, 25010.00, 25039.50, 26, 20, 4, 22
2026/2/20, 13:15:00, 25046.00, 25046.00, 25046.00, 25046.00, 1, 1, 1, 0
2026/2/20, 13:30:00, 25028.50, 25032.00, 24916.75, 24919.00, 638, 317, 229, 409
2026/2/20, 14:30:00, 24929.25, 25297.00, 24894.00, 25189.50, 418, 384, 207, 211
2026/2/20, 15:30:00, 25189.75, 25354.25, 25139.25, 25221.75, 154, 142, 75, 79
2026/2/20, 16:30:00, 25189.75, 25343.50, 25103.00, 25138.25, 120, 114, 66, 54
2026/2/20, 17:30:00, 25150.00, 25259.00, 25141.50, 25183.75, 140, 137, 83, 57
2026/2/20, 18:30:00, 25150.00, 25336.00, 25150.00, 25276.50, 306, 195, 241, 65
2026/2/20, 19:30:00, 25276.50, 25288.00, 25258.00, 25280.75, 12, 12, 5, 7
2026/2/20, 20:15:00, 25285.00, 25304.00, 25246.00, 25294.00, 38, 37, 23, 15
2026/2/20, 21:15:00, 25302.00, 25302.00, 25302.00, 25302.00, 1, 1, 0, 1
2026/2/22, 22:15:00, 25225.00, 25272.25, 25210.00, 25272.25, 26, 21, 20, 6
2026/2/22, 23:15:00, 25190.00, 25199.00, 25144.50, 25150.50, 60, 50, 37, 23
2026/2/23, 00:15:00, 25156.00, 25156.00, 25073.25, 25073.25, 36, 31, 27, 9
2026/2/23, 01:15:00, 25095.00, 25095.00, 25040.00, 25042.25, 33, 29, 19, 14
2026/2/23, 02:15:00, 25032.25, 25075.00, 25032.25, 25075.00, 30, 19, 16, 14
2026/2/23, 03:15:00, 25067.75, 25067.75, 25038.00, 25062.50, 23, 19, 14, 9
2026/2/23, 04:15:00, 25058.50, 25058.50, 25040.00, 25049.00, 12, 8, 11, 1
2026/2/23, 05:15:00, 25045.25, 25059.00, 25045.25, 25059.00, 7, 6, 2, 5
2026/2/23, 06:15:00, 25066.50, 25126.00, 25062.00, 25125.50, 11, 9, 3, 8
2026/2/23, 07:15:00, 25132.00, 25132.00, 25100.00, 25101.00, 32, 18, 25, 7
2026/2/23, 08:15:00, 25121.00, 25209.25, 25121.00, 25209.25, 10, 8, 5, 5
2026/2/23, 09:15:00, 25218.25, 25219.25, 25203.75, 25203.75, 6, 4, 0, 6
2026/2/23, 10:15:00, 25203.50, 25206.75, 25182.25, 25187.00, 12, 9, 4, 8
2026/2/23, 11:15:00, 25206.00, 25206.00, 25131.50, 25144.75, 6, 6, 4, 2
2026/2/23, 12:15:00, 25125.50, 25125.50, 25107.25, 25107.75, 9, 9, 7, 2
2026/2/23, 13:15:00, 25141.00, 25141.00, 25141.00, 25141.00, 1, 1, 1, 0
2026/2/23, 13:30:00, 25149.25, 25191.25, 25142.25, 25191.25, 19, 14, 6, 13
2026/2/23, 14:30:00, 25209.25, 25260.00, 25071.25, 25098.50, 189, 159, 95, 94
2026/2/23, 15:30:00, 25093.25, 25110.00, 24887.25, 24997.25, 921, 525, 474, 447
2026/2/23, 16:30:00, 24983.75, 24999.50, 24949.25, 24965.50, 92, 81, 50, 42
2026/2/23, 17:30:00, 24950.00, 25036.50, 24901.50, 25024.75, 114, 76, 51, 63
2026/2/23, 18:30:00, 25020.50, 25038.25, 24930.00, 24932.75, 69, 64, 30, 39
2026/2/23, 19:30:00, 24935.00, 24936.25, 24900.00, 24902.25, 258, 134, 163, 95
2026/2/23, 20:15:00, 24920.00, 24995.50, 24906.75, 24987.00, 102, 89, 52, 50
2026/2/23, 21:15:00, 24993.75, 25008.25, 24993.75, 25008.25, 5, 5, 1, 4
2026/2/23, 22:15:00, 25015.25, 25015.25, 25015.25, 25015.25, 1, 1, 0, 1
2026/2/23, 23:15:00, 25005.00, 25038.00, 25002.00, 25002.00, 10, 10, 4, 6
2026/2/24, 00:15:00, 25000.00, 25028.00, 25000.00, 25019.25, 5, 5, 2, 3
2026/2/24, 01:15:00, 25023.25, 25050.75, 25020.00, 25050.75, 10, 7, 2, 8
2026/2/24, 02:15:00, 25064.25, 25097.00, 25064.25, 25089.50, 23, 16, 3, 20
2026/2/24, 03:15:00, 25097.00, 25099.00, 25090.50, 25096.00, 15, 9, 0, 15
2026/2/24, 04:15:00, 25098.00, 25098.00, 25086.00, 25095.75, 4, 4, 2, 2
2026/2/24, 05:15:00, 25075.00, 25079.75, 25049.25, 25049.25, 7, 7, 6, 1
2026/2/24, 06:15:00, 25045.75, 25074.25, 25040.00, 25071.25, 11, 11, 5, 6
2026/2/24, 07:15:00, 25067.50, 25081.75, 25010.25, 25021.00, 20, 18, 14, 6
2026/2/24, 08:15:00, 25000.00, 25049.25, 24980.00, 25049.25, 28, 22, 13, 15
2026/2/24, 09:15:00, 25015.50, 25065.25, 25015.50, 25065.25, 6, 6, 1, 5
2026/2/24, 10:15:00, 25062.25, 25062.25, 25060.25, 25060.25, 2, 2, 0, 2
2026/2/24, 11:15:00, 25034.50, 25111.75, 25029.75, 25095.00, 26, 24, 15, 11
2026/2/24, 12:15:00, 25080.00, 25080.00, 25018.75, 25041.75, 32, 30, 11, 21
2026/2/24, 13:15:00, 25044.00, 25058.75, 25044.00, 25057.00, 3, 3, 0, 3
2026/2/24, 13:30:00, 25066.50, 25101.00, 25034.00, 25034.00, 11, 11, 6, 5
2026/2/24, 14:30:00, 25011.75, 25229.00, 24904.50, 25229.00, 348, 321, 154, 194
2026/2/24, 15:30:00, 25228.25, 25261.75, 25189.75, 25234.50, 88, 78, 48, 40
2026/2/24, 16:30:00, 25211.25, 25295.75, 25192.75, 25279.50, 82, 73, 48, 34
2026/2/24, 17:30:00, 25269.75, 25297.75, 25240.50, 25241.75, 42, 41, 33, 9
2026/2/24, 18:30:00, 25231.25, 25265.00, 25210.75, 25230.00, 22, 21, 9, 13
2026/2/24, 19:30:00, 25242.75, 25270.00, 25219.75, 25219.75, 36, 30, 14, 22
2026/2/24, 20:15:00, 25226.50, 25285.25, 25217.75, 25239.00, 91, 77, 53, 38
2026/2/24, 21:15:00, 25240.25, 25243.75, 25239.25, 25239.25, 11, 10, 2, 9
2026/2/24, 22:15:00, 25225.25, 25229.25, 25225.25, 25229.25, 2, 2, 1, 1
2026/2/24, 23:15:00, 25238.50, 25251.75, 25238.25, 25251.75, 4, 3, 1, 3
2026/2/25, 00:15:00, 25255.25, 25308.50, 25235.00, 25308.50, 61, 38, 32, 29
2026/2/25, 01:15:00, 25313.25, 25330.00, 25295.75, 25315.50, 42, 28, 15, 27
2026/2/25, 02:15:00, 25306.50, 25330.75, 25302.00, 25302.00, 26, 18, 16, 10
2026/2/25, 03:15:00, 25286.00, 25286.00, 25223.00, 25275.00, 10, 10, 8, 2
2026/2/25, 04:15:00, 25276.50, 25280.00, 25276.50, 25280.00, 4, 3, 0, 4
2026/2/25, 05:15:00, 25260.00, 25263.00, 25253.00, 25253.00, 4, 4, 2, 2
2026/2/25, 06:15:00, 25275.50, 25275.50, 25270.25, 25272.75, 4, 4, 0, 4
2026/2/25, 07:15:00, 25254.50, 25275.75, 25254.50, 25275.75, 3, 3, 0, 3
2026/2/25, 08:15:00, 25295.00, 25309.00, 25278.75, 25293.75, 8, 8, 3, 5
2026/2/25, 09:15:00, 25291.25, 25303.00, 25291.00, 25291.00, 13, 12, 1, 12
2026/2/25, 10:15:00, 25292.00, 25299.25, 25292.00, 25297.75, 7, 7, 1, 6
2026/2/25, 11:15:00, 25307.75, 25345.25, 25307.75, 25341.00, 14, 13, 2, 12
2026/2/25, 12:15:00, 25359.00, 25370.00, 25347.25, 25365.75, 17, 14, 11, 6
2026/2/25, 13:15:00, 25363.00, 25367.00, 25362.75, 25367.00, 4, 4, 1, 3
2026/2/25, 13:30:00, 25362.25, 25400.00, 25351.75, 25367.75, 95, 76, 45, 50
2026/2/25, 14:30:00, 25391.75, 25581.25, 25391.75, 25556.25, 232, 222, 103, 129
2026/2/25, 15:30:00, 25550.00, 25562.25, 25489.50, 25525.50, 56, 56, 25, 31
2026/2/25, 16:30:00, 25528.75, 25558.25, 25524.00, 25545.00, 34, 32, 20, 14
2026/2/25, 17:30:00, 25539.75, 25579.00, 25539.75, 25553.25, 26, 23, 15, 11
2026/2/25, 18:30:00, 25560.50, 25598.00, 25560.50, 25589.75, 16, 15, 6, 10
2026/2/25, 19:30:00, 25592.50, 25598.00, 25588.25, 25591.75, 19, 18, 12, 7
2026/2/25, 20:15:00, 25591.75, 25628.00, 25581.75, 25614.75, 118, 98, 74, 44
2026/2/25, 21:15:00, 25607.00, 25705.00, 25607.00, 25682.00, 48, 46, 13, 35
2026/2/25, 22:15:00, 25604.50, 25630.00, 25588.75, 25602.00, 8, 8, 6, 2
2026/2/25, 23:15:00, 25611.75, 25611.75, 25500.00, 25550.00, 42, 34, 26, 16
2026/2/26, 00:15:00, 25552.50, 25552.50, 25532.00, 25540.00, 4, 4, 3, 1
2026/2/26, 01:15:00, 25512.50, 25539.00, 25505.00, 25523.00, 9, 7, 5, 4
2026/2/26, 02:15:00, 25521.25, 25532.75, 25511.50, 25525.00, 12, 10, 7, 5
2026/2/26, 03:15:00, 25536.50, 25537.00, 25535.00, 25537.00, 5, 4, 2, 3
2026/2/26, 04:15:00, 25524.00, 25527.50, 25510.00, 25510.00, 12, 9, 7, 5
2026/2/26, 05:15:00, 25519.50, 25551.75, 25519.50, 25551.75, 10, 7, 6, 4
2026/2/26, 06:15:00, 25546.50, 25569.00, 25540.00, 25563.00, 19, 12, 12, 7
2026/2/26, 07:15:00, 25568.50, 25577.00, 25556.50, 25577.00, 13, 9, 5, 8
2026/2/26, 08:15:00, 25604.25, 25604.25, 25579.50, 25593.50, 12, 10, 6, 6
2026/2/26, 09:15:00, 25591.00, 25623.75, 25591.00, 25602.50, 8, 8, 2, 6
2026/2/26, 10:15:00, 25586.25, 25590.00, 25570.50, 25570.50, 12, 10, 3, 9
2026/2/26, 11:15:00, 25576.25, 25601.00, 25576.25, 25588.00, 8, 7, 4, 4
2026/2/26, 12:15:00, 25588.25, 25605.00, 25588.25, 25602.00, 9, 8, 4, 5
2026/2/26, 13:15:00, 25612.00, 25612.00, 25608.00, 25611.75, 5, 5, 1, 4
2026/2/26, 13:30:00, 25622.75, 25628.00, 25588.25, 25588.25, 25, 20, 14, 11
2026/2/26, 14:30:00, 25554.75, 25559.25, 25107.00, 25151.25, 1137, 810, 600, 537
2026/2/26, 15:30:00, 25151.25, 25304.50, 25084.00, 25280.75, 533, 355, 276, 257
2026/2/26, 16:30:00, 25275.50, 25287.00, 25176.25, 25190.25, 119, 106, 60, 59
2026/2/26, 17:30:00, 25200.00, 25213.00, 25112.00, 25146.25, 642, 364, 305, 337
2026/2/26, 18:30:00, 25146.75, 25304.75, 25129.00, 25270.75, 158, 144, 86, 72
2026/2/26, 19:30:00, 25268.00, 25314.00, 25258.00, 25258.00, 35, 35, 16, 19
2026/2/26, 20:15:00, 25250.00, 25309.75, 25245.00, 25285.25, 129, 105, 69, 60
2026/2/26, 21:15:00, 25291.00, 25291.00, 25250.25, 25261.25, 29, 28, 15, 14
2026/2/26, 22:15:00, 25190.00, 25237.00, 25177.00, 25237.00, 43, 26, 13, 30
2026/2/26, 23:15:00, 25243.25, 25254.75, 25208.25, 25234.25, 107, 67, 66, 41
2026/2/27, 00:15:00, 25234.00, 25234.00, 25179.75, 25199.00, 55, 39, 21, 34
2026/2/27, 01:15:00, 25223.25, 25233.50, 25194.00, 25211.50, 71, 30, 31, 40
2026/2/27, 02:15:00, 25218.00, 25249.00, 25211.50, 25249.00, 9, 9, 6, 3
2026/2/27, 03:15:00, 25240.00, 25240.00, 25224.50, 25238.50, 13, 9, 8, 5
2026/2/27, 04:15:00, 25252.75, 25264.50, 25240.00, 25264.50, 4, 4, 1, 3
2026/2/27, 05:15:00, 25270.00, 25277.75, 25247.75, 25247.75, 23, 11, 15, 8
2026/2/27, 06:15:00, 25231.00, 25254.25, 25220.25, 25249.25, 16, 9, 8, 8
2026/2/27, 07:15:00, 25277.75, 25310.00, 25277.75, 25295.75, 72, 45, 58, 14
2026/2/27, 08:15:00, 25278.00, 25290.50, 25274.00, 25289.00, 15, 15, 8, 7
2026/2/27, 09:15:00, 25317.50, 25317.50, 25186.50, 25206.75, 52, 39, 44, 8
2026/2/27, 10:15:00, 25213.75, 25244.75, 25209.50, 25226.00, 123, 101, 53, 70
2026/2/27, 11:15:00, 25212.50, 25218.25, 25145.25, 25160.00, 26, 25, 15, 11
2026/2/27, 12:15:00, 25191.25, 25208.25, 25118.25, 25143.75, 272, 135, 137, 135
2026/2/27, 13:15:00, 25125.00, 25141.75, 25088.00, 25088.00, 234, 118, 100, 134
2026/2/27, 13:30:00, 25060.25, 25089.00, 25015.00, 25034.25, 1094, 494, 518, 576
2026/2/27, 14:30:00, 25032.00, 25208.75, 25009.50, 25179.00, 776, 603, 389, 387
2026/2/27, 15:30:00, 25192.25, 25236.50, 25146.75, 25187.25, 263, 243, 139, 124
2026/2/27, 16:30:00, 25195.25, 25251.25, 25121.25, 25169.00, 131, 121, 79, 52
2026/2/27, 17:30:00, 25181.25, 25212.50, 25100.75, 25135.00, 156, 147, 80, 76
2026/2/27, 18:30:00, 25127.50, 25176.75, 25103.25, 25132.50, 141, 113, 47, 94
2026/2/27, 19:30:00, 25113.00, 25172.75, 25095.00, 25169.25, 32, 30, 19, 13
2026/2/27, 20:15:00, 25192.00, 25231.50, 25148.50, 25188.25, 198, 184, 117, 81
2026/2/27, 21:15:00, 25170.00, 25190.00, 25163.25, 25190.00, 13, 13, 10, 3
2026/3/1, 22:15:00, 24931.00, 25027.00, 24872.00, 25002.25, 113, 90, 51, 62
2026/3/1, 23:15:00, 25005.75, 25018.00, 24940.00, 24981.50, 411, 292, 204, 207
2026/3/2, 00:15:00, 24972.50, 25105.25, 24923.75, 25094.25, 284, 255, 153, 131
2026/3/2, 01:15:00, 25085.00, 25117.50, 25051.00, 25051.00, 122, 106, 99, 23
2026/3/2, 02:15:00, 25056.25, 25059.25, 25018.50, 25036.00, 40, 39, 24, 16
2026/3/2, 03:15:00, 25032.25, 25038.00, 24995.00, 24995.00, 31, 31, 20, 11
2026/3/2, 04:15:00, 25020.25, 25028.00, 24947.75, 24952.50, 126, 102, 59, 67
2026/3/2, 05:15:00, 24973.25, 24973.25, 24889.00, 24913.75, 597, 439, 305, 292
2026/3/2, 06:15:00, 24909.25, 24910.25, 24751.25, 24753.75, 769, 575, 415, 354
2026/3/2, 07:15:00, 24757.25, 24806.00, 24694.50, 24731.75, 514, 392, 288, 226
2026/3/2, 08:15:00, 24729.00, 24848.75, 24690.75, 24836.50, 231, 188, 77, 154
2026/3/2, 09:15:00, 24839.25, 24899.00, 24830.00, 24854.75, 97, 94, 55, 42
2026/3/2, 10:15:00, 24850.00, 24900.00, 24847.50, 24861.00, 61, 51, 20, 41
2026/3/2, 11:15:00, 24850.50, 24941.75, 24850.50, 24878.00, 51, 48, 27, 24
2026/3/2, 12:15:00, 24859.50, 24875.25, 24830.50, 24864.50, 135, 123, 69, 66
2026/3/2, 13:15:00, 24865.25, 24949.00, 24865.25, 24916.75, 49, 47, 27, 22
2026/3/2, 13:30:00, 24917.25, 24921.00, 24818.00, 24850.25, 111, 107, 54, 57
2026/3/2, 14:30:00, 24865.50, 25163.00, 24824.75, 25091.75, 879, 788, 509, 370
2026/3/2, 15:30:00, 25108.50, 25203.00, 25062.25, 25083.75, 343, 307, 175, 168
2026/3/2, 16:30:00, 25091.50, 25292.00, 25083.75, 25271.50, 176, 167, 58, 118
2026/3/2, 17:30:00, 25263.75, 25292.00, 25243.00, 25248.25, 78, 70, 35, 43
2026/3/2, 18:30:00, 25239.75, 25306.25, 25189.00, 25297.25, 189, 155, 125, 64
2026/3/2, 19:30:00, 25306.00, 25316.75, 25181.50, 25185.50, 172, 147, 92, 80
2026/3/2, 20:15:00, 25176.50, 25269.00, 25167.25, 25206.75, 180, 167, 89, 91
2026/3/2, 21:15:00, 25210.00, 25224.00, 25205.75, 25217.25, 20, 14, 14, 6
2026/3/2, 22:15:00, 25194.25, 25217.75, 25185.75, 25187.25, 25, 22, 21, 4
2026/3/2, 23:15:00, 25195.00, 25195.00, 25160.00, 25160.00, 21, 18, 16, 5
2026/3/3, 00:15:00, 25160.00, 25168.00, 25129.75, 25165.00, 39, 32, 16, 23
2026/3/3, 01:15:00, 25162.50, 25162.50, 25059.00, 25068.75, 54, 47, 34, 20
2026/3/3, 02:15:00, 25061.00, 25100.75, 25025.75, 25063.75, 113, 98, 51, 62
2026/3/3, 03:15:00, 25064.00, 25092.25, 25027.00, 25060.00, 35, 33, 19, 16
2026/3/3, 04:15:00, 25041.50, 25042.75, 25014.50, 25042.75, 27, 26, 19, 8
2026/3/3, 05:15:00, 25016.75, 25018.00, 24964.00, 24980.00, 115, 99, 53, 62
2026/3/3, 06:15:00, 24979.75, 25016.75, 24940.00, 24955.00, 122, 114, 49, 73
2026/3/3, 07:15:00, 24952.50, 24971.50, 24849.75, 24854.50, 919, 672, 484, 435
2026/3/3, 08:15:00, 24857.00, 24877.75, 24717.25, 24780.50, 2110, 1372, 1074, 1036
2026/3/3, 09:15:00, 24753.00, 24771.75, 24637.75, 24668.50, 956, 612, 503, 453
2026/3/3, 10:15:00, 24657.25, 24696.00, 24610.00, 24639.25, 167, 157, 84, 83
2026/3/3, 11:15:00, 24646.75, 24788.75, 24586.00, 24769.00, 280, 259, 123, 157
2026/3/3, 12:15:00, 24769.25, 24818.75, 24745.50, 24763.25, 335, 301, 162, 173
2026/3/3, 13:15:00, 24767.00, 24786.00, 24731.25, 24741.75, 123, 118, 71, 52
2026/3/3, 13:30:00, 24743.50, 24753.75, 24662.00, 24745.75, 923, 692, 457, 466
2026/3/3, 14:30:00, 24746.25, 24874.00, 24562.25, 24571.50, 1815, 1564, 898, 917
2026/3/3, 15:30:00, 24582.25, 24855.00, 24575.50, 24835.00, 1187, 958, 534, 653
2026/3/3, 16:30:00, 24825.50, 24937.75, 24780.00, 24919.00, 632, 596, 302, 330
2026/3/3, 17:30:00, 24909.00, 24982.50, 24820.50, 24961.75, 291, 276, 148, 143
2026/3/3, 18:30:00, 24964.25, 25048.75, 24946.25, 24979.00, 317, 300, 177, 140
2026/3/3, 19:30:00, 24967.75, 25064.50, 24928.00, 24988.75, 347, 338, 144, 203
2026/3/3, 20:15:00, 24991.00, 25015.00, 24934.75, 24946.50, 336, 315, 180, 156
2026/3/3, 21:15:00, 24941.25, 24944.00, 24909.25, 24921.50, 25, 19, 22, 3
2026/3/3, 22:15:00, 24921.50, 24964.00, 24889.50, 24948.00, 26, 25, 7, 19
2026/3/3, 23:15:00, 24960.75, 24962.75, 24897.25, 24954.00, 56, 51, 14, 42
2026/3/4, 00:15:00, 24954.75, 25014.75, 24913.75, 24978.00, 51, 44, 27, 24
2026/3/4, 01:15:00, 24916.50, 24927.50, 24855.00, 24870.00, 87, 76, 58, 29
2026/3/4, 02:15:00, 24838.50, 24876.50, 24799.75, 24810.50, 82, 56, 28, 54
2026/3/4, 03:15:00, 24800.00, 24844.25, 24735.00, 24836.75, 80, 71, 35, 45
2026/3/4, 04:15:00, 24820.00, 24822.25, 24784.00, 24784.00, 45, 38, 18, 27
2026/3/4, 05:15:00, 24801.00, 24827.00, 24732.25, 24734.25, 43, 40, 22, 21
2026/3/4, 06:15:00, 24721.00, 24804.50, 24712.50, 24756.25, 60, 58, 23, 37
2026/3/4, 07:15:00, 24752.75, 24887.00, 24752.75, 24881.25, 116, 112, 45, 71
2026/3/4, 08:15:00, 24880.00, 24920.00, 24827.75, 24914.50, 106, 105, 55, 51
2026/3/4, 09:15:00, 24907.00, 25065.50, 24907.00, 25062.00, 345, 329, 147, 198
2026/3/4, 10:15:00, 25065.50, 25084.50, 25011.75, 25073.25, 245, 231, 103, 142
2026/3/4, 11:15:00, 25078.50, 25104.25, 25018.00, 25042.75, 218, 206, 96, 122
2026/3/4, 12:15:00, 25034.50, 25135.50, 24935.00, 25116.00, 538, 450, 284, 254
2026/3/4, 13:15:00, 25138.50, 25138.50, 25077.25, 25099.00, 112, 110, 56, 56
2026/3/4, 13:30:00, 25094.50, 25131.75, 25068.50, 25073.00, 277, 257, 143, 134
2026/3/4, 14:30:00, 25069.50, 25358.50, 25040.00, 25357.75, 1433, 1172, 540, 893
2026/3/4, 15:30:00, 25358.00, 25375.75, 25258.50, 25325.50, 335, 310, 161, 174
2026/3/4, 16:30:00, 25322.50, 25392.25, 25320.25, 25356.25, 186, 155, 95, 91
2026/3/4, 17:30:00, 25356.25, 25402.25, 25325.00, 25392.00, 173, 154, 83, 90
2026/3/4, 18:30:00, 25398.25, 25435.50, 25398.25, 25415.75, 86, 84, 43, 43
2026/3/4, 19:30:00, 25416.50, 25420.75, 25369.00, 25369.00, 31, 29, 19, 12
2026/3/4, 20:15:00, 25365.25, 25386.75, 25314.00, 25375.50, 147, 109, 78, 69
2026/3/4, 21:15:00, 25366.50, 25366.50, 25345.00, 25352.75, 18, 16, 15, 3
2026/3/4, 22:15:00, 25367.75, 25396.50, 25367.75, 25391.50, 15, 15, 8, 7
2026/3/4, 23:15:00, 25387.00, 25418.75, 25366.00, 25418.75, 39, 29, 16, 23
2026/3/5, 00:15:00, 25429.00, 25460.50, 25425.50, 25425.75, 40, 38, 6, 34
2026/3/5, 01:15:00, 25416.25, 25416.25, 25281.50, 25308.00, 82, 66, 63, 19
2026/3/5, 02:15:00, 25301.00, 25335.75, 25275.50, 25295.25, 19, 19, 12, 7
2026/3/5, 03:15:00, 25283.00, 25290.50, 25247.00, 25290.50, 35, 34, 20, 15
2026/3/5, 04:15:00, 25294.75, 25318.75, 25294.25, 25318.75, 12, 11, 4, 8
2026/3/5, 05:15:00, 25290.50, 25290.50, 25204.50, 25214.25, 16, 15, 15, 1
2026/3/5, 06:15:00, 25200.00, 25310.50, 25199.50, 25290.00, 106, 94, 39, 67
2026/3/5, 07:15:00, 25288.75, 25309.75, 25212.25, 25224.00, 75, 71, 44, 31
2026/3/5, 08:15:00, 25221.25, 25421.50, 25189.50, 25408.25, 134, 130, 56, 78
2026/3/5, 09:15:00, 25408.25, 25408.25, 25305.25, 25348.25, 100, 96, 42, 58
2026/3/5, 10:15:00, 25347.25, 25360.75, 25305.50, 25351.50, 42, 32, 19, 23
2026/3/5, 11:15:00, 25364.50, 25365.25, 25325.00, 25325.00, 10, 9, 7, 3
2026/3/5, 12:15:00, 25355.50, 25361.50, 25258.75, 25258.75, 56, 34, 36, 20
2026/3/5, 13:15:00, 25245.50, 25259.75, 25245.50, 25259.75, 2, 2, 2, 0
2026/3/5, 13:30:00, 25250.00, 25259.50, 25189.25, 25208.50, 48, 41, 24, 24
2026/3/5, 14:30:00, 25216.00, 25426.00, 25211.25, 25227.50, 1084, 787, 335, 749
2026/3/5, 15:30:00, 25229.25, 25310.00, 25147.75, 25188.50, 429, 389, 196, 233
2026/3/5, 16:30:00, 25188.50, 25332.75, 25147.50, 25147.75, 168, 147, 80, 88
2026/3/5, 17:30:00, 25152.00, 25152.00, 24999.00, 25009.25, 380, 326, 197, 183
2026/3/5, 18:30:00, 25026.00, 25089.75, 24995.00, 25034.50, 166, 130, 91, 75
2026/3/5, 19:30:00, 25033.00, 25149.50, 25012.50, 25132.75, 159, 134, 51, 108
2026/3/5, 20:15:00, 25151.00, 25270.25, 25124.50, 25239.50, 337, 251, 165, 172
2026/3/5, 21:15:00, 25247.75, 25258.25, 25218.75, 25226.00, 54, 43, 31, 23
2026/3/5, 22:15:00, 25240.00, 25240.00, 25240.00, 25240.00, 4, 3, 4, 0
2026/3/5, 23:15:00, 25253.00, 25313.00, 25253.00, 25313.00, 19, 19, 10, 9
2026/3/6, 00:15:00, 25295.00, 25310.00, 25287.50, 25295.00, 24, 22, 5, 19
2026/3/6, 01:15:00, 25303.75, 25321.75, 25255.75, 25321.75, 25, 24, 12, 13
2026/3/6, 02:15:00, 25322.00, 25334.25, 25290.00, 25304.75, 21, 20, 8, 13
2026/3/6, 03:15:00, 25305.00, 25329.00, 25300.00, 25328.50, 15, 14, 9, 6
2026/3/6, 04:15:00, 25344.75, 25356.25, 25331.75, 25331.75, 15, 14, 4, 11
2026/3/6, 05:15:00, 25347.00, 25355.50, 25332.50, 25343.50, 12, 12, 6, 6
2026/3/6, 06:15:00, 25336.25, 25336.25, 25315.75, 25318.75, 34, 27, 31, 3
2026/3/6, 07:15:00, 25338.00, 25353.50, 25318.00, 25323.00, 10, 10, 7, 3
2026/3/6, 08:15:00, 25306.75, 25315.25, 25236.00, 25242.75, 60, 46, 49, 11
2026/3/6, 09:15:00, 25240.00, 25240.00, 25100.00, 25163.75, 128, 120, 79, 49
2026/3/6, 10:15:00, 25163.75, 25194.25, 25109.25, 25160.75, 232, 178, 61, 171
2026/3/6, 11:15:00, 25152.25, 25175.00, 25055.50, 25087.50, 254, 189, 102, 152
2026/3/6, 12:15:00, 25091.00, 25094.00, 25024.25, 25067.75, 203, 190, 119, 84
2026/3/6, 13:15:00, 25061.75, 25077.25, 25054.00, 25074.00, 18, 17, 10, 8
2026/3/6, 13:30:00, 25098.00, 25113.00, 24830.00, 24888.00, 581, 500, 294, 287
2026/3/6, 14:30:00, 24925.00, 25037.00, 24830.00, 25029.25, 917, 720, 620, 297
2026/3/6, 15:30:00, 25037.75, 25110.25, 24966.00, 25044.25, 333, 282, 171, 162
2026/3/6, 16:30:00, 25061.75, 25132.50, 25007.75, 25039.50, 201, 175, 92, 109
2026/3/6, 17:30:00, 25017.00, 25109.75, 24970.00, 25048.25, 176, 158, 100, 76
2026/3/6, 18:30:00, 25050.75, 25073.50, 25002.00, 25030.75, 108, 102, 51, 57
2026/3/6, 19:30:00, 25034.00, 25062.00, 24940.75, 24960.00, 96, 84, 57, 39
2026/3/6, 20:15:00, 24948.25, 24986.75, 24814.75, 24875.00, 345, 288, 147, 198
2026/3/6, 21:15:00, 24863.25, 24891.50, 24849.00, 24875.25, 23, 21, 11, 12
2026/3/8, 21:15:00, 24764.75, 24764.75, 24434.25, 24443.50, 225, 183, 168, 57
2026/3/8, 22:15:00, 24441.50, 24528.00, 24440.00, 24484.75, 317, 282, 136, 181
2026/3/8, 23:15:00, 24485.25, 24502.00, 24383.25, 24405.00, 249, 230, 139, 110
2026/3/9, 00:15:00, 24410.25, 24413.50, 24276.00, 24289.50, 170, 156, 111, 59
2026/3/9, 01:15:00, 24292.75, 24315.00, 24214.50, 24229.50, 266, 204, 156, 110
2026/3/9, 02:15:00, 24220.75, 24315.50, 24212.25, 24305.75, 121, 77, 65, 56
2026/3/9, 03:15:00, 24325.00, 24340.50, 24300.00, 24320.50, 133, 86, 87, 46
2026/3/9, 04:15:00, 24313.50, 24352.50, 24313.50, 24344.00, 39, 33, 16, 23
2026/3/9, 05:15:00, 24335.00, 24511.00, 24328.50, 24505.50, 194, 150, 99, 95
2026/3/9, 06:15:00, 24503.25, 24525.00, 24425.75, 24469.00, 112, 100, 43, 69
2026/3/9, 07:15:00, 24485.50, 24515.75, 24458.00, 24468.50, 87, 85, 50, 37
2026/3/9, 08:15:00, 24465.00, 24550.00, 24443.75, 24550.00, 313, 296, 162, 151
2026/3/9, 09:15:00, 24552.75, 24705.00, 24552.75, 24590.00, 316, 287, 146, 170
2026/3/9, 10:15:00, 24588.00, 24624.25, 24557.00, 24591.00, 150, 136, 89, 61
2026/3/9, 11:15:00, 24583.25, 24646.00, 24560.50, 24646.00, 115, 114, 58, 57
2026/3/9, 12:15:00, 24652.75, 24667.25, 24560.75, 24647.50, 308, 254, 170, 138
2026/3/9, 13:15:00, 24647.00, 24649.50, 24599.25, 24636.75, 47, 38, 16, 31
2026/3/9, 13:30:00, 24644.75, 24725.00, 24527.75, 24608.50, 1307, 1230, 583, 724
2026/3/9, 14:30:00, 24615.50, 24858.50, 24615.50, 24854.00, 742, 651, 360, 382
2026/3/9, 15:30:00, 24840.00, 24934.25, 24808.00, 24898.50, 445, 375, 187, 258
2026/3/9, 16:30:00, 24903.00, 24957.75, 24820.50, 24824.75, 204, 184, 121, 83
2026/3/9, 17:30:00, 24824.50, 24892.50, 24787.75, 24863.50, 154, 148, 84, 70
2026/3/9, 18:30:00, 24861.50, 25172.75, 24858.50, 25165.50, 859, 795, 408, 451
2026/3/9, 19:30:00, 25168.75, 25271.25, 25109.75, 25178.00, 1489, 1188, 831, 658
2026/3/9, 20:15:00, 25173.25, 25188.25, 25127.25, 25182.75, 80, 73, 38, 42
2026/3/9, 21:15:00, 25197.25, 25197.25, 25108.00, 25150.50, 35, 28, 17, 18
2026/3/9, 22:15:00, 25129.50, 25150.00, 25093.75, 25143.75, 64, 50, 26, 38
2026/3/9, 23:15:00, 25136.00, 25136.00, 25062.00, 25062.00, 31, 23, 17, 14
2026/3/10, 00:15:00, 25060.75, 25186.00, 25060.75, 25186.00, 36, 35, 11, 25
2026/3/10, 01:15:00, 25170.00, 25212.50, 25155.00, 25186.50, 50, 36, 16, 34
2026/3/10, 02:15:00, 25190.25, 25190.50, 25131.50, 25148.00, 40, 31, 14, 26
2026/3/10, 03:15:00, 25145.00, 25172.25, 25078.25, 25093.75, 19, 19, 13, 6
2026/3/10, 04:15:00, 25123.25, 25164.00, 25100.00, 25164.00, 12, 12, 3, 9
2026/3/10, 05:15:00, 25165.00, 25176.25, 25148.50, 25176.25, 13, 13, 9, 4
2026/3/10, 06:15:00, 25174.00, 25232.25, 25159.50, 25203.75, 60, 51, 18, 42
2026/3/10, 07:15:00, 25211.25, 25361.00, 25211.25, 25330.50, 182, 149, 44, 138
2026/3/10, 08:15:00, 25334.50, 25364.00, 25307.00, 25345.00, 91, 85, 31, 60
2026/3/10, 09:15:00, 25329.00, 25342.25, 25275.50, 25285.25, 72, 57, 44, 28
2026/3/10, 10:15:00, 25282.75, 25323.50, 25236.00, 25236.00, 120, 106, 51, 69
2026/3/10, 11:15:00, 25234.00, 25245.00, 25122.75, 25148.75, 160, 142, 90, 70
2026/3/10, 12:15:00, 25141.25, 25212.00, 25116.00, 25184.75, 78, 78, 38, 40
2026/3/10, 13:15:00, 25192.25, 25220.00, 25186.50, 25216.00, 15, 14, 7, 8
2026/3/10, 13:30:00, 25212.00, 25298.00, 25114.25, 25237.25, 688, 615, 359, 329
2026/3/10, 14:30:00, 25233.00, 25402.25, 25233.00, 25359.50, 1072, 650, 145, 927
2026/3/10, 15:30:00, 25364.25, 25383.75, 25302.00, 25360.00, 326, 259, 128, 198
2026/3/10, 16:30:00, 25351.00, 25433.50, 25341.75, 25433.50, 219, 197, 90, 129
2026/3/10, 17:30:00, 25428.25, 25428.25, 25206.00, 25297.00, 625, 572, 353, 272
2026/3/10, 18:30:00, 25291.50, 25325.50, 25204.00, 25204.75, 311, 279, 168, 143
2026/3/10, 19:30:00, 25200.00, 25250.00, 25158.25, 25250.00, 244, 230, 92, 152
2026/3/10, 20:15:00, 25238.25, 25242.25, 25220.00, 25225.50, 16, 16, 8, 8
2026/3/10, 21:15:00, 25220.00, 25229.00, 25202.75, 25229.00, 49, 49, 22, 27
2026/3/10, 22:15:00, 25206.25, 25206.25, 25170.75, 25202.25, 22, 20, 7, 15
2026/3/10, 23:15:00, 25208.25, 25275.00, 25193.00, 25271.00, 15, 15, 4, 11
2026/3/11, 00:15:00, 25273.25, 25298.00, 25269.00, 25290.00, 42, 32, 15, 27
2026/3/11, 01:15:00, 25296.25, 25311.50, 25295.25, 25302.50, 54, 50, 9, 45
2026/3/11, 02:15:00, 25313.25, 25318.75, 25295.00, 25313.50, 39, 39, 4, 35
2026/3/11, 03:15:00, 25313.00, 25338.00, 25308.00, 25331.00, 25, 18, 21, 4
2026/3/11, 04:15:00, 25329.75, 25335.00, 25276.00, 25276.50, 21, 17, 19, 2
2026/3/11, 05:15:00, 25279.25, 25286.75, 25235.25, 25252.25, 43, 33, 35, 8
2026/3/11, 06:15:00, 25245.25, 25267.25, 25228.00, 25249.50, 73, 48, 58, 15
2026/3/11, 07:15:00, 25251.75, 25251.75, 25172.50, 25240.50, 72, 64, 31, 41
2026/3/11, 08:15:00, 25239.75, 25253.00, 25145.50, 25155.75, 84, 83, 39, 45
2026/3/11, 09:15:00, 25153.50, 25188.25, 25114.25, 25188.25, 194, 134, 53, 141
2026/3/11, 10:15:00, 25195.75, 25255.50, 25175.25, 25242.50, 72, 64, 41, 31
2026/3/11, 11:15:00, 25245.50, 25247.75, 25155.00, 25173.50, 187, 149, 82, 105
2026/3/11, 12:15:00, 25176.75, 25255.25, 25135.75, 25194.50, 110, 98, 66, 44
2026/3/11, 13:15:00, 25182.00, 25248.00, 25181.25, 25248.00, 45, 42, 25, 20
2026/3/11, 13:30:00, 25269.25, 25394.50, 25200.00, 25245.00, 1091, 915, 575, 516
2026/3/11, 14:30:00, 25243.75, 25299.50, 25149.50, 25150.00, 576, 518, 335, 241
2026/3/11, 15:30:00, 25152.00, 25178.00, 25108.00, 25163.00, 576, 384, 224, 352
2026/3/11, 16:30:00, 25165.50, 25242.50, 25165.50, 25222.00, 205, 167, 117, 88
2026/3/11, 17:30:00, 25225.75, 25229.00, 25091.50, 25162.25, 415, 372, 266, 149
2026/3/11, 18:30:00, 25172.25, 25190.50, 25132.25, 25147.00, 160, 152, 79, 81
2026/3/11, 19:30:00, 25158.00, 25213.50, 25158.00, 25187.50, 304, 288, 100, 204
2026/3/11, 20:15:00, 25180.50, 25184.50, 25154.75, 25154.75, 18, 18, 9, 9
2026/3/11, 21:15:00, 25149.50, 25149.75, 25108.50, 25117.75, 24, 19, 16, 8
2026/3/11, 22:15:00, 25122.75, 25122.75, 25010.00, 25050.50, 193, 147, 108, 85
2026/3/11, 23:15:00, 25044.00, 25056.75, 24943.75, 24971.25, 459, 329, 207, 252
2026/3/12, 00:15:00, 24965.00, 25017.50, 24965.00, 24994.50, 91, 78, 42, 49
2026/3/12, 01:15:00, 25010.00, 25051.00, 24990.00, 24997.25, 28, 27, 8, 20
2026/3/12, 02:15:00, 24994.25, 24994.25, 24914.25, 24950.00, 395, 291, 208, 187
2026/3/12, 03:15:00, 24952.25, 24955.00, 24910.25, 24943.00, 371, 242, 187, 184
2026/3/12, 04:15:00, 24949.75, 24988.00, 24935.75, 24967.00, 47, 27, 15, 32
2026/3/12, 05:15:00, 24976.75, 24992.50, 24960.50, 24967.50, 58, 51, 28, 30
2026/3/12, 06:15:00, 24977.25, 25043.50, 24972.00, 25039.25, 99, 94, 41, 58
2026/3/12, 07:15:00, 25035.75, 25111.50, 25027.75, 25096.75, 100, 98, 44, 56
2026/3/12, 08:15:00, 25090.75, 25104.00, 25053.00, 25058.50, 88, 75, 45, 43
2026/3/12, 09:15:00, 25050.00, 25138.50, 25031.50, 25119.00, 144, 136, 67, 77
2026/3/12, 10:15:00, 25111.00, 25140.00, 25076.00, 25079.00, 89, 78, 40, 49
2026/3/12, 11:15:00, 25074.75, 25140.75, 25026.75, 25048.25, 135, 123, 75, 60
2026/3/12, 12:15:00, 25053.00, 25065.50, 25018.75, 25019.00, 129, 129, 53, 76
2026/3/12, 13:15:00, 25016.75, 25024.50, 24968.25, 24994.75, 137, 135, 73, 64
2026/3/12, 13:30:00, 24989.50, 25050.00, 24830.00, 24830.00, 1488, 1374, 804, 684
2026/3/12, 14:30:00, 24829.50, 24933.25, 24776.50, 24832.00, 1397, 1318, 724, 673
2026/3/12, 15:30:00, 24828.25, 24947.00, 24794.25, 24851.00, 1324, 1246, 664, 660
2026/3/12, 16:30:00, 24852.25, 24936.25, 24837.75, 24864.00, 612, 582, 279, 333
2026/3/12, 17:30:00, 24870.25, 24902.25, 24800.00, 24851.50, 351, 338, 168, 183
2026/3/12, 18:30:00, 24847.00, 24854.00, 24785.50, 24824.00, 458, 438, 175, 283
2026/3/12, 19:30:00, 24841.50, 24857.50, 24731.00, 24745.00, 659, 617, 363, 296
2026/3/12, 20:15:00, 24751.75, 24789.25, 24745.50, 24778.50, 166, 147, 106, 60
2026/3/12, 21:15:00, 24783.50, 24793.25, 24747.75, 24767.50, 102, 92, 40, 62
2026/3/12, 22:15:00, 24771.75, 24826.00, 24755.00, 24797.25, 133, 123, 49, 84
2026/3/12, 23:15:00, 24799.00, 24799.00, 24705.50, 24788.00, 161, 155, 74, 87
2026/3/13, 00:15:00, 24795.50, 24875.75, 24795.50, 24858.50, 194, 174, 93, 101
2026/3/13, 01:15:00, 24864.00, 24867.50, 24834.00, 24840.50, 118, 118, 63, 55
2026/3/13, 02:15:00, 24842.25, 24850.50, 24809.00, 24809.00, 96, 96, 58, 38
2026/3/13, 03:15:00, 24800.00, 24842.75, 24798.75, 24818.00, 100, 82, 53, 47
2026/3/13, 04:15:00, 24823.25, 24823.25, 24774.25, 24774.25, 59, 59, 38, 21
2026/3/13, 05:15:00, 24772.00, 24814.50, 24772.00, 24790.25, 99, 92, 41, 58
2026/3/13, 06:15:00, 24784.00, 24788.00, 24637.00, 24640.25, 477, 465, 273, 204
2026/3/13, 07:15:00, 24643.25, 24687.25, 24612.50, 24622.75, 572, 549, 282, 290
2026/3/13, 08:15:00, 24622.75, 24784.25, 24610.75, 24737.00, 717, 671, 339, 378
2026/3/13, 09:15:00, 24738.25, 24804.50, 24722.75, 24799.00, 336, 311, 180, 156
2026/3/13, 10:15:00, 24800.00, 24855.00, 24779.50, 24825.50, 495, 468, 241, 254
2026/3/13, 11:15:00, 24818.75, 24886.25, 24818.25, 24860.75, 462, 440, 238, 224
2026/3/13, 12:15:00, 24857.50, 24945.25, 24842.25, 24878.75, 955, 930, 437, 518
2026/3/13, 13:15:00, 24878.50, 24894.75, 24850.75, 24857.75, 479, 478, 265, 214
2026/3/13, 13:30:00, 24856.25, 25017.50, 24826.00, 24886.50, 6766, 6646, 3342, 3424
2026/3/13, 14:30:00, 24888.00, 24941.00, 24671.75, 24678.25, 3569, 3476, 1808, 1761
2026/3/13, 15:30:00, 24679.00, 24705.75, 24601.50, 24654.75, 2250, 2106, 1159, 1091
2026/3/13, 16:30:00, 24651.00, 24698.25, 24597.25, 24659.75, 1710, 1559, 931, 779
2026/3/13, 17:30:00, 24660.50, 24664.50, 24563.75, 24617.50, 1982, 1854, 1099, 883
2026/3/13, 18:30:00, 24618.75, 24681.50, 24579.50, 24587.00, 1833, 1658, 1054, 779
2026/3/13, 19:30:00, 24587.25, 24614.25, 24561.25, 24575.75, 2216, 1954, 1082, 1134
2026/3/13, 20:15:00, 24574.25, 24594.75, 24544.00, 24544.00, 672, 620, 432, 240
2026/3/15, 21:15:00, 24500.00, 24615.25, 24491.50, 24524.25, 1714, 1553, 933, 781
2026/3/15, 22:15:00, 24522.50, 24708.00, 24509.50, 24660.00, 5253, 5053, 2516, 2737
2026/3/15, 23:15:00, 24658.50, 24730.00, 24616.75, 24717.75, 4581, 4424, 2186, 2395
2026/3/16, 00:15:00, 24719.25, 24737.00, 24696.25, 24709.75, 3735, 3627, 1867, 1868
2026/3/16, 01:15:00, 24711.50, 24734.75, 24677.75, 24710.00, 4061, 3895, 1989, 2072
2026/3/16, 02:15:00, 24712.50, 24716.75, 24684.75, 24706.00, 1797, 1719, 863, 934
2026/3/16, 03:15:00, 24707.50, 24754.75, 24705.50, 24746.00, 1874, 1695, 820, 1054
2026/3/16, 04:15:00, 24746.25, 24764.25, 24718.25, 24737.25, 1473, 1408, 684, 789
2026/3/16, 05:15:00, 24736.50, 24779.25, 24722.25, 24768.50, 2191, 2068, 1076, 1115
2026/3/16, 06:15:00, 24770.00, 24799.00, 24749.75, 24760.75, 2712, 2560, 1290, 1422
2026/3/16, 07:15:00, 24756.50, 24782.50, 24716.00, 24743.50, 4285, 4163, 2065, 2220
2026/3/16, 08:15:00, 24741.50, 24761.75, 24697.50, 24736.50, 5091, 4888, 2444, 2647
2026/3/16, 09:15:00, 24736.50, 24745.75, 24689.75, 24738.50, 4274, 4167, 2059, 2215
2026/3/16, 10:15:00, 24740.50, 24827.75, 24736.25, 24803.25, 7231, 6897, 3471, 3760
2026/3/16, 11:15:00, 24804.25, 24889.75, 24789.50, 24883.75, 7533, 7210, 3770, 3763
2026/3/16, 12:15:00, 24883.50, 24903.00, 24861.00, 24871.75, 11393, 10658, 5738, 5655
2026/3/16, 13:15:00, 24872.00, 24884.00, 24862.75, 24868.75, 2843, 2768, 1332, 1511
2026/3/16, 13:30:00, 24869.25, 24980.00, 24836.50, 24933.25, 52417, 49564, 27101, 25316
2026/3/16, 14:30:00, 24933.25, 24951.50, 24833.25, 24931.50, 32947, 31725, 16786, 16161
2026/3/16, 15:30:00, 24931.00, 24954.00, 24834.25, 24846.75, 22870, 21844, 11548, 11322
2026/3/16, 16:30:00, 24846.75, 24939.50, 24832.25, 24912.50, 22033, 21130, 10822, 11211
2026/3/16, 17:30:00, 24912.25, 24942.50, 24867.00, 24934.75, 17483, 16573, 8159, 9324
2026/3/16, 18:30:00, 24933.75, 25035.00, 24873.75, 24898.75, 31755, 29157, 15406, 16349
2026/3/16, 19:30:00, 24899.50, 24909.50, 24850.00, 24897.50, 25560, 23281, 12934, 12626
2026/3/16, 20:15:00, 24896.50, 24897.25, 24861.50, 24872.25, 3588, 3373, 1816, 1772
2026/3/16, 21:15:00, 24870.00, 24880.25, 24842.00, 24855.00, 1290, 1198, 710, 580
2026/3/16, 22:15:00, 24855.00, 24875.50, 24833.75, 24847.75, 3990, 3717, 2032, 1958
2026/3/16, 23:15:00, 24847.50, 24882.00, 24836.25, 24857.75, 3520, 3286, 1685, 1835
2026/3/17, 00:15:00, 24855.25, 24862.25, 24805.00, 24829.50, 5613, 5236, 2724, 2889
2026/3/17, 01:15:00, 24830.50, 24848.00, 24810.25, 24823.50, 3992, 3767, 1919, 2073
2026/3/17, 02:15:00, 24824.75, 24832.50, 24785.25, 24796.25, 3489, 3216, 1752, 1737
2026/3/17, 03:15:00, 24796.50, 24811.50, 24780.50, 24801.00, 3063, 2758, 1398, 1665
2026/3/17, 04:15:00, 24801.25, 24850.50, 24798.75, 24847.50, 2609, 2404, 1111, 1498
2026/3/17, 05:15:00, 24847.75, 24852.50, 24728.25, 24742.50, 5419, 5106, 2868, 2551
2026/3/17, 06:15:00, 24743.50, 24774.00, 24737.50, 24762.50, 3791, 3586, 1737, 2054
2026/3/17, 07:15:00, 24761.00, 24816.00, 24758.25, 24766.25, 5936, 5576, 2954, 2982
2026/3/17, 08:15:00, 24765.00, 24798.75, 24739.75, 24789.00, 5611, 5285, 2860, 2751
2026/3/17, 09:15:00, 24789.50, 24850.00, 24778.50, 24822.50, 5697, 5223, 2887, 2810
2026/3/17, 10:15:00, 24823.25, 24849.25, 24793.50, 24822.75, 5001, 4653, 2592, 2409
2026/3/17, 11:15:00, 24824.25, 24895.25, 24812.50, 24889.00, 8782, 8251, 4111, 4671
2026/3/17, 12:15:00, 24889.00, 24975.25, 24881.50, 24974.50, 13665, 12416, 6555, 7110
2026/3/17, 13:15:00, 24974.25, 25025.75, 24967.00, 25000.50, 8064, 7453, 3948, 4116
2026/3/17, 13:30:00, 25000.75, 25117.00, 24964.00, 25062.25, 75247, 70278, 37311, 37936
2026/3/17, 14:30:00, 25062.25, 25092.00, 25008.75, 25009.75, 44463, 41521, 23003, 21460
2026/3/17, 15:30:00, 25009.00, 25032.25, 24946.25, 25012.25, 47483, 44662, 23944, 23539
2026/3/17, 16:30:00, 25012.25, 25037.00, 24988.25, 25016.75, 23122, 21885, 11591, 11531
2026/3/17, 17:30:00, 25015.75, 25057.75, 24994.50, 25001.50, 24400, 22962, 12321, 12079
2026/3/17, 18:30:00, 25001.75, 25025.00, 24982.00, 25007.25, 22281, 20964, 11283, 10998
2026/3/17, 19:30:00, 25006.50, 25029.50, 24994.75, 25027.00, 25386, 23613, 12308, 13078
2026/3/17, 20:15:00, 25027.75, 25030.00, 25019.50, 25027.50, 2983, 2793, 1494, 1489
2026/3/17, 21:15:00, 25019.75, 25028.25, 25004.75, 25015.50, 1100, 997, 511, 589
2026/3/17, 22:15:00, 25016.50, 25017.00, 24990.75, 25008.00, 3140, 2988, 1581, 1559
2026/3/17, 23:15:00, 25007.25, 25053.50, 24997.75, 25052.00, 4213, 3899, 1897, 2316
2026/3/18, 00:15:00, 25051.75, 25098.50, 25036.00, 25089.75, 5357, 4943, 2404, 2953
2026/3/18, 01:15:00, 25090.25, 25111.25, 25080.75, 25107.00, 3634, 3416, 1677, 1957
2026/3/18, 02:15:00, 25106.25, 25130.00, 25102.75, 25121.75, 3736, 3504, 1745, 1991
2026/3/18, 03:15:00, 25123.00, 25146.25, 25116.50, 25143.50, 3043, 2818, 1434, 1609
2026/3/18, 04:15:00, 25144.25, 25153.75, 25130.50, 25150.75, 2433, 2272, 1229, 1204
2026/3/18, 05:15:00, 25150.50, 25185.50, 25148.25, 25176.00, 3303, 3072, 1674, 1629
2026/3/18, 06:15:00, 25175.75, 25210.50, 25171.25, 25179.75, 5535, 5183, 2880, 2655
2026/3/18, 07:15:00, 25179.50, 25187.50, 25157.50, 25179.25, 4699, 4446, 2417, 2282
2026/3/18, 08:15:00, 25179.50, 25184.50, 25153.50, 25159.25, 4511, 4255, 2186, 2325
2026/3/18, 09:15:00, 25160.00, 25190.50, 25158.50, 25183.25, 4230, 3936, 1985, 2245
2026/3/18, 10:15:00, 25183.25, 25198.25, 25146.25, 25166.00, 5591, 5072, 2740, 2851
2026/3/18, 11:15:00, 25165.75, 25177.25, 25030.25, 25048.00, 15834, 14769, 8050, 7784
2026/3/18, 12:15:00, 25048.25, 25050.75, 24864.00, 24899.25, 37214, 34298, 18540, 18674
2026/3/18, 13:15:00, 24900.00, 24937.00, 24877.25, 24928.50, 8358, 7615, 4348, 4010
2026/3/18, 13:30:00, 24928.25, 24998.25, 24811.75, 24821.75, 77744, 72869, 38885, 38859
2026/3/18, 14:30:00, 24822.50, 24931.75, 24817.50, 24888.00, 48613, 44898, 23454, 25159
2026/3/18, 15:30:00, 24888.00, 24916.75, 24866.00, 24888.00, 30570, 28544, 15262, 15308
2026/3/18, 16:30:00, 24887.50, 24895.25, 24795.50, 24831.50, 28927, 26891, 14820, 14107
2026/3/18, 17:30:00, 24831.75, 24916.50, 24811.75, 24857.00, 30285, 28453, 14624, 15661
2026/3/18, 18:30:00, 24855.50, 24864.00, 24709.25, 24722.00, 50953, 47673, 25501, 25452
2026/3/18, 19:30:00, 24720.75, 24742.25, 24616.50, 24624.00, 49321, 44033, 24770, 24551
2026/3/18, 20:15:00, 24624.25, 24630.25, 24565.50, 24606.25, 11733, 10853, 5985, 5748
2026/3/18, 21:15:00, 24622.00, 24628.50, 24590.25, 24592.25, 2619, 2366, 1353, 1266
2026/3/18, 22:15:00, 24593.50, 24619.00, 24562.25, 24610.25, 6681, 6281, 3196, 3485
2026/3/18, 23:15:00, 24610.50, 24644.25, 24586.75, 24628.75, 8556, 8120, 4267, 4289
2026/3/19, 00:15:00, 24628.25, 24634.25, 24586.50, 24618.25, 6162, 5918, 3052, 3110
2026/3/19, 01:15:00, 24619.75, 24686.50, 24600.50, 24678.75, 8777, 8294, 4149, 4628
2026/3/19, 02:15:00, 24678.75, 24725.25, 24672.75, 24705.75, 4438, 4149, 2108, 2330
