Date, Time, Open, High, Low, Last, Volume, OpenInterest
2024/12/19, 00:00:00, 22341.00, 22341.00, 22341.00, 22341.00, 868482, 336564
2024/12/20, 00:00:00, 22534.00, 22534.00, 22534.00, 22534.00, 866032, 237622
2024/12/23, 00:00:00, 22722.00, 22722.00, 22722.00, 22722.00, 509458, 239272
2024/12/24, 00:00:00, 22997.00, 22997.00, 22997.00, 22997.00, 261628, 246014
2024/12/26, 00:00:00, 22979.00, 22979.00, 22979.00, 22979.00, 408648, 243227
2024/12/27, 00:00:00, 22762.75, 22762.75, 22762.75, 22762.75, 573826, 243781
2024/12/30, 00:00:00, 22466.75, 22466.75, 22466.75, 22466.75, 533090, 250183
2024/12/31, 00:00:00, 22279.75, 22279.75, 22279.75, 22279.75, 478582, 252471
2025/1/2, 00:00:00, 22218.75, 22218.75, 22218.75, 22218.75, 666289, 254592
2025/1/3, 00:00:00, 22574.25, 22574.25, 22574.25, 22574.25, 489360, 251859
2025/1/6, 00:00:00, 22841.75, 22841.75, 22841.75, 22841.75, 575393, 244604
2025/1/7, 00:00:00, 22456.75, 22456.75, 22456.75, 22456.75, 646657, 241165
2025/1/8, 00:00:00, 22455.75, 22455.75, 22455.75, 22455.75, 639260, 240951
2025/1/9, 00:00:00, 22455.75, 22455.75, 22455.75, 22455.75, 77325, 241275
2025/1/10, 00:00:00, 22110.50, 22110.50, 22110.50, 22110.50, 705405, 243223
2025/1/13, 00:00:00, 22042.00, 22042.00, 22042.00, 22042.00, 619618, 252868
2025/1/14, 00:00:00, 22013.75, 22013.75, 22013.75, 22013.75, 677797, 253879
2025/1/15, 00:00:00, 22497.50, 22497.50, 22497.50, 22497.50, 552935, 254737
2025/1/16, 00:00:00, 22346.00, 22346.00, 22346.00, 22346.00, 599680, 253918
2025/1/17, 00:00:00, 22691.25, 22691.25, 22691.25, 22691.25, 594886, 258411
2025/1/21, 00:00:00, 22807.00, 22807.00, 22807.00, 22807.00, 663600, 254361
2025/1/22, 00:00:00, 23106.75, 23106.75, 23106.75, 23106.75, 509302, 253370
2025/1/23, 00:00:00, 23144.00, 23144.00, 23144.00, 23144.00, 476576, 254113
2025/1/24, 00:00:00, 23016.50, 23016.50, 23016.50, 23016.50, 523430, 255402
2025/1/27, 00:00:00, 22357.75, 22357.75, 22357.75, 22357.75, 1058625, 269586
2025/1/28, 00:00:00, 22681.00, 22681.00, 22681.00, 22681.00, 664719, 267882
2025/1/29, 00:00:00, 22624.25, 22624.25, 22624.25, 22624.25, 630792, 259523
2025/1/30, 00:00:00, 22726.25, 22726.25, 22726.25, 22726.25, 619023, 259682
2025/1/31, 00:00:00, 22692.25, 22692.25, 22692.25, 22692.25, 657082, 257322
2025/2/3, 00:00:00, 22506.00, 22506.00, 22506.00, 22506.00, 730538, 260957
2025/2/4, 00:00:00, 22774.50, 22774.50, 22774.50, 22774.50, 498304, 259061
2025/2/5, 00:00:00, 22868.75, 22868.75, 22868.75, 22868.75, 498679, 260459
2025/2/6, 00:00:00, 22977.50, 22977.50, 22977.50, 22977.50, 439507, 260875
2025/2/7, 00:00:00, 22695.75, 22695.75, 22695.75, 22695.75, 600170, 258655
2025/2/10, 00:00:00, 22953.75, 22953.75, 22953.75, 22953.75, 392281, 264502
2025/2/11, 00:00:00, 22893.25, 22893.25, 22893.25, 22893.25, 423703, 263509
2025/2/12, 00:00:00, 22911.50, 22911.50, 22911.50, 22911.50, 547061, 268182
2025/2/13, 00:00:00, 23221.50, 23221.50, 23221.50, 23221.50, 537945, 279354
2025/2/14, 00:00:00, 23307.25, 23307.25, 23307.25, 23307.25, 433988, 286098
2025/2/18, 00:00:00, 23342.75, 23342.75, 23342.75, 23342.75, 568222, 289760
2025/2/19, 00:00:00, 23361.50, 23361.50, 23361.50, 23361.50, 497009, 297760
2025/2/20, 00:00:00, 23250.75, 23250.75, 23250.75, 23250.75, 564604, 296276
2025/2/21, 00:00:00, 22782.00, 22782.00, 22782.00, 22782.00, 710533, 284281
2025/2/24, 00:00:00, 22523.75, 22523.75, 22523.75, 22523.75, 673314, 286734
2025/2/25, 00:00:00, 22250.00, 22250.00, 22250.00, 22250.00, 809330, 286114
2025/2/26, 00:00:00, 22287.50, 22287.50, 22287.50, 22287.50, 648777, 284902
2025/2/27, 00:00:00, 21696.00, 21696.00, 21696.00, 21696.00, 858271, 287002
2025/2/28, 00:00:00, 22005.25, 22005.25, 22005.25, 22005.25, 849741, 290705
2025/3/3, 00:00:00, 21549.50, 21549.50, 21549.50, 21549.50, 838506, 287629
2025/3/4, 00:00:00, 21475.75, 21475.75, 21475.75, 21475.75, 966911, 288147
2025/3/5, 00:00:00, 21744.25, 21744.25, 21744.25, 21744.25, 788776, 281550
2025/3/6, 00:00:00, 21156.50, 21156.50, 21156.50, 21156.50, 771592, 283349
2025/3/7, 00:00:00, 21296.50, 21296.50, 21296.50, 21296.50, 774995, 283737
2025/3/10, 00:00:00, 20500.75, 20500.75, 20500.75, 20500.75, 813707, 303104
2025/3/11, 00:00:00, 20449.00, 20449.00, 20449.00, 20449.00, 882424, 303084
2025/3/12, 00:00:00, 20610.25, 20610.25, 20610.25, 20610.25, 724645, 298761
2025/3/13, 00:00:00, 20238.25, 20238.25, 20238.25, 20238.25, 799059, 291464
2025/3/14, 00:00:00, 20708.25, 20708.25, 20708.25, 20708.25, 849711, 292642
2025/3/17, 00:00:00, 20869.25, 20869.25, 20869.25, 20869.25, 1094020, 296806
2025/3/18, 00:00:00, 20528.25, 20528.25, 20528.25, 20528.25, 930036, 301517
2025/3/19, 00:00:00, 20778.00, 20853.00, 20778.00, 20778.00, 785353, 292653
2025/3/20, 00:00:00, 20708.50, 20795.00, 20708.50, 20708.50, 723609, 287969
2025/3/21, 00:00:00, 20788.50, 20788.50, 20673.00, 20788.50, 605795, 225720
2025/3/24, 00:00:00, 21205.00, 21205.00, 21205.00, 21205.00, 555563, 226585
2025/3/25, 00:00:00, 21319.25, 21319.25, 21319.25, 21319.25, 471609, 224189
2025/3/26, 00:00:00, 20946.75, 20946.75, 20946.75, 20946.75, 621604, 227486
2025/3/27, 00:00:00, 20818.75, 20818.75, 20818.75, 20818.75, 635617, 233593
2025/3/28, 00:00:00, 20272.75, 20272.75, 20272.75, 20272.75, 698142, 240148
2025/3/31, 00:00:00, 20259.25, 20259.25, 20259.25, 20259.25, 843821, 245407
2025/4/1, 00:00:00, 20372.75, 20372.75, 20372.75, 20372.75, 792233, 247658
2025/4/2, 00:00:00, 20538.00, 20538.00, 20538.00, 20538.00, 837686, 246414
2025/4/3, 00:00:00, 19442.00, 19442.00, 19442.00, 19442.00, 895831, 263636
2025/4/4, 00:00:00, 18290.00, 18290.00, 18290.00, 18290.00, 1203009, 268585
2025/4/7, 00:00:00, 18316.00, 18316.00, 17584.50, 18316.00, 1143591, 261690
2025/4/8, 00:00:00, 17976.00, 17976.00, 17901.00, 17976.00, 959276, 254563
2025/4/9, 00:00:00, 20058.75, 20058.75, 17676.25, 20058.75, 1090825, 244017
2025/4/10, 00:00:00, 19236.25, 19236.25, 18904.75, 19236.25, 977049, 235271
2025/4/11, 00:00:00, 19500.00, 19564.25, 18933.50, 19564.25, 669057, 234076
2025/4/14, 00:00:00, 19635.75, 19838.75, 19635.75, 19695.50, 571036, 235508
2025/4/15, 00:00:00, 19718.50, 19730.00, 19664.50, 19718.50, 526183, 235406
2025/4/16, 00:00:00, 19140.00, 19140.00, 18975.25, 19140.00, 684026, 241557
2025/4/17, 00:00:00, 19137.50, 19162.75, 19109.00, 19137.50, 629840, 237820
2025/4/21, 00:00:00, 18671.00, 18671.00, 18538.50, 18671.00, 485431, 242476
2025/4/22, 00:00:00, 19135.25, 19135.25, 19135.25, 19135.25, 619876, 242084
2025/4/23, 00:00:00, 19558.75, 19558.75, 19558.75, 19558.75, 734786, 239260
2025/4/24, 00:00:00, 20083.00, 20083.00, 19514.00, 20083.00, 600091, 240870
2025/4/25, 00:00:00, 20296.00, 20296.00, 20066.75, 20296.00, 588335, 244473
2025/4/28, 00:00:00, 20289.00, 20289.00, 20113.00, 20289.00, 515090, 246243
2025/4/29, 00:00:00, 20403.00, 20403.00, 20227.50, 20403.00, 566039, 246874
2025/4/30, 00:00:00, 20413.25, 20454.25, 20005.00, 20413.25, 714646, 251919
2025/5/1, 00:00:00, 20637.25, 20698.00, 20637.25, 20637.25, 589751, 251705
2025/5/2, 00:00:00, 20969.00, 20969.00, 20590.25, 20969.00, 518760, 257914
2025/5/5, 00:00:00, 20829.25, 20829.25, 20829.25, 20829.25, 419419, 257701
2025/5/6, 00:00:00, 20647.25, 20647.25, 20612.00, 20647.25, 515392, 258249
2025/5/7, 00:00:00, 20732.75, 20732.75, 20626.00, 20732.75, 598171, 259114
2025/5/8, 00:00:00, 20924.00, 20924.00, 20924.00, 20924.00, 568655, 262779
2025/5/9, 00:00:00, 20913.00, 20913.00, 20913.00, 20913.00, 454076, 261558
2025/5/12, 00:00:00, 21739.50, 21739.50, 21739.50, 21739.50, 639896, 276586
2025/5/13, 00:00:00, 22074.25, 22074.25, 22074.25, 22074.25, 527626, 283667
2025/5/14, 00:00:00, 22206.50, 22206.50, 22206.50, 22206.50, 514492, 292809
2025/5/15, 00:00:00, 22219.25, 22219.25, 22196.00, 22219.25, 543831, 288341
2025/5/16, 00:00:00, 22330.25, 22330.25, 22330.25, 22330.25, 420847, 285896
2025/5/19, 00:00:00, 22353.75, 22353.75, 22103.50, 22353.75, 521392, 283723
2025/5/20, 00:00:00, 22275.50, 22275.50, 22275.50, 22275.50, 438452, 279368
2025/5/21, 00:00:00, 21981.50, 21981.50, 21981.50, 21981.50, 607056, 281349
2025/5/22, 00:00:00, 22003.50, 22003.50, 22003.50, 22003.50, 513605, 279741
2025/5/23, 00:00:00, 21795.50, 21795.50, 21733.50, 21795.50, 529692, 271735
2025/5/27, 00:00:00, 22285.75, 22285.75, 22285.75, 22285.75, 532576, 275143
2025/5/28, 00:00:00, 22205.75, 22205.75, 22205.75, 22205.75, 422753, 270386
2025/5/29, 00:00:00, 22235.25, 22492.25, 22235.25, 22235.25, 566169, 269756
2025/5/30, 00:00:00, 22203.25, 22203.25, 22203.25, 22203.25, 552998, 268914
2025/6/2, 00:00:00, 22360.75, 22360.75, 22360.75, 22360.75, 436493, 274595
2025/6/3, 00:00:00, 22532.25, 22532.25, 22532.25, 22532.25, 429405, 277034
2025/6/4, 00:00:00, 22593.25, 22593.25, 22593.25, 22593.25, 405253, 275689
2025/6/5, 00:00:00, 22408.00, 22408.00, 22408.00, 22408.00, 595361, 273583
2025/6/6, 00:00:00, 22618.50, 22618.50, 22618.50, 22618.50, 469818, 275499
2025/6/9, 00:00:00, 22650.50, 22650.50, 22650.50, 22650.50, 357820, 273358
2025/6/10, 00:00:00, 22791.50, 22791.50, 22791.50, 22791.50, 444686, 276888
2025/6/11, 00:00:00, 22716.50, 22716.50, 22716.50, 22716.50, 534244, 277748
2025/6/12, 00:00:00, 22762.00, 22762.00, 22762.00, 22762.00, 422394, 289470
2025/6/13, 00:00:00, 22463.75, 22463.75, 22463.75, 22463.75, 675860, 288121
2025/6/16, 00:00:00, 22771.00, 22835.50, 22771.00, 22771.00, 756513, 309655
2025/6/17, 00:00:00, 22559.75, 22559.75, 22559.75, 22559.75, 649544, 311779
2025/6/18, 00:00:00, 22640.00, 22640.00, 22549.25, 22549.25, 598660, 310725
2025/6/20, 00:00:00, 22446.75, 22446.75, 22396.50, 22446.75, 650276, 234148
2025/6/23, 00:00:00, 22676.75, 22676.75, 22395.25, 22676.75, 550371, 240805
2025/6/24, 00:00:00, 23026.75, 23026.75, 23026.75, 23026.75, 448678, 253330
2025/6/25, 00:00:00, 23082.75, 23082.75, 23082.75, 23082.75, 397959, 253031
2025/6/26, 00:00:00, 23297.75, 23297.75, 23297.75, 23297.75, 422812, 260095
2025/6/27, 00:00:00, 23385.00, 23385.00, 23385.00, 23385.00, 488449, 261274
2025/6/30, 00:00:00, 23528.50, 23528.50, 23528.50, 23528.50, 434952, 269290
2025/7/1, 00:00:00, 23325.50, 23325.50, 23325.50, 23325.50, 495772, 265393
2025/7/2, 00:00:00, 23478.75, 23478.75, 23478.75, 23478.75, 409290, 265259
2025/7/3, 00:00:00, 23723.75, 23723.75, 23723.75, 23723.75, 269698, 271474
2025/7/7, 00:00:00, 23543.75, 23543.75, 23543.75, 23543.75, 538641, 269672
2025/7/8, 00:00:00, 23556.75, 23556.75, 23556.75, 23556.75, 421132, 270422
2025/7/9, 00:00:00, 23713.75, 23713.75, 23713.75, 23713.75, 450903, 269764
2025/7/10, 00:00:00, 23713.00, 23713.00, 23713.00, 23713.00, 392049, 267862
2025/7/11, 00:00:00, 23659.00, 23659.00, 23659.00, 23659.00, 461738, 270612
2025/7/14, 00:00:00, 23736.75, 23736.75, 23645.00, 23736.75, 414873, 276603
2025/7/15, 00:00:00, 23761.75, 23764.50, 23761.75, 23761.75, 525104, 271661
2025/7/16, 00:00:00, 23780.75, 23780.75, 23780.75, 23780.75, 549230, 268534
2025/7/17, 00:00:00, 23957.00, 23957.00, 23957.00, 23957.00, 446103, 286688
2025/7/18, 00:00:00, 23930.50, 23930.50, 23930.50, 23930.50, 451427, 274931
2025/7/21, 00:00:00, 24049.00, 24049.00, 24049.00, 24049.00, 399265, 278054
2025/7/22, 00:00:00, 23933.50, 23933.50, 23933.50, 23933.50, 538310, 270972
2025/7/23, 00:00:00, 24018.50, 24018.50, 24018.50, 24018.50, 513726, 271853
2025/7/24, 00:00:00, 24086.25, 24086.25, 24086.25, 24086.25, 435905, 274686
2025/7/25, 00:00:00, 24132.75, 24132.75, 24132.75, 24132.75, 395838, 276172
2025/7/28, 00:00:00, 24203.75, 24203.75, 24203.75, 24203.75, 424662, 281396
2025/7/29, 00:00:00, 24164.50, 24252.75, 24164.50, 24164.50, 538731, 281762
2025/7/30, 00:00:00, 24194.50, 24246.25, 24194.50, 24194.50, 539676, 284469
2025/7/31, 00:00:00, 24086.75, 24406.50, 24086.75, 24086.75, 741046, 281277
2025/8/1, 00:00:00, 23585.00, 23585.00, 23585.00, 23585.00, 805777, 274125
2025/8/4, 00:00:00, 23994.25, 23994.25, 23994.25, 23994.25, 473453, 278978
2025/8/5, 00:00:00, 23834.00, 23834.00, 23834.00, 23834.00, 543488, 277507
2025/8/6, 00:00:00, 24125.00, 24125.00, 24125.00, 24125.00, 528398, 286409
2025/8/7, 00:00:00, 24190.00, 24190.00, 24190.00, 24190.00, 562983, 283788
2025/8/8, 00:00:00, 24421.00, 24421.00, 24421.00, 24421.00, 454964, 292500
2025/8/11, 00:00:00, 24344.50, 24344.50, 24344.50, 24344.50, 444559, 291919
2025/8/12, 00:00:00, 24649.50, 24649.50, 24649.50, 24649.50, 489756, 303576
2025/8/13, 00:00:00, 24657.50, 24657.50, 24657.50, 24657.50, 454736, 299408
2025/8/14, 00:00:00, 24644.00, 24644.00, 24644.00, 24644.00, 493218, 301957
2025/8/15, 00:00:00, 24490.00, 24514.25, 24490.00, 24514.25, 442870, 294187
2025/8/18, 00:00:00, 24508.00, 24508.00, 24508.00, 24508.00, 400033, 295888
2025/8/19, 00:00:00, 24176.25, 24176.25, 24176.25, 24176.25, 558253, 289577
2025/8/20, 00:00:00, 24031.00, 24031.00, 23853.00, 24031.00, 715524, 283497
2025/8/21, 00:00:00, 23926.00, 23926.00, 23926.00, 23926.00, 527989, 283607
2025/8/22, 00:00:00, 24276.25, 24276.25, 23886.00, 24276.25, 492558, 282920
2025/8/25, 00:00:00, 24204.75, 24204.75, 24204.75, 24204.75, 400195, 284630
2025/8/26, 00:00:00, 24298.00, 24298.00, 24190.25, 24298.00, 445121, 284355
2025/8/27, 00:00:00, 24334.50, 24334.50, 24264.75, 24334.50, 437332, 282869
2025/8/28, 00:00:00, 24477.75, 24477.75, 24311.50, 24477.75, 487463, 291229
2025/8/29, 00:00:00, 24164.00, 24164.00, 24164.00, 24164.00, 540693, 283648
2025/9/2, 00:00:00, 23974.50, 23974.50, 23886.00, 23974.50, 747520, 282221
2025/9/3, 00:00:00, 24150.25, 24150.25, 24150.25, 24150.25, 565867, 283253
2025/9/4, 00:00:00, 24372.00, 24372.00, 24372.00, 24372.00, 487593, 289104
2025/9/5, 00:00:00, 24383.25, 24383.25, 24383.25, 24383.25, 679063, 291712
2025/9/8, 00:00:00, 24500.75, 24500.75, 24500.75, 24500.75, 461954, 292409
2025/9/9, 00:00:00, 24575.75, 24575.75, 24575.75, 24575.75, 479005, 296970
2025/9/10, 00:00:00, 24578.50, 24578.50, 24578.50, 24578.50, 530953, 294045
2025/9/11, 00:00:00, 24702.00, 24702.00, 24702.00, 24702.00, 463486, 301191
2025/9/12, 00:00:00, 24802.25, 24802.25, 24802.25, 24802.25, 491658, 315208
2025/9/15, 00:00:00, 25002.00, 25002.00, 25002.00, 25002.00, 726381, 343734
2025/9/16, 00:00:00, 24975.75, 24975.75, 24975.75, 24975.75, 642857, 351421
2025/9/17, 00:00:00, 24915.75, 24915.75, 24915.75, 24915.75, 781811, 343827
2025/9/18, 00:00:00, 25156.00, 25156.00, 25156.00, 25156.00, 664511, 340391
2025/9/19, 00:00:00, 25258.75, 25319.50, 25258.75, 25317.25, 505939, 278226
2025/9/22, 00:00:00, 25462.50, 25462.50, 25217.00, 25462.50, 481393, 277692
2025/9/23, 00:00:00, 25285.25, 25285.25, 25256.00, 25285.25, 564579, 274695
2025/9/24, 00:00:00, 25197.25, 25327.50, 25102.00, 25197.25, 530853, 274312
2025/9/25, 00:00:00, 25087.50, 25232.25, 24904.50, 25087.50, 710863, 276236
2025/9/26, 00:00:00, 25186.50, 25199.50, 25015.00, 25186.50, 549258, 271468
2025/9/29, 00:00:00, 25298.00, 25427.50, 25298.00, 25298.00, 508811, 273122
2025/9/30, 00:00:00, 25361.00, 25363.00, 25221.75, 25361.00, 513704, 278188
2025/10/1, 00:00:00, 25474.25, 25485.25, 25133.75, 25474.25, 475056, 283342
2025/10/2, 00:00:00, 25567.75, 25632.50, 25567.75, 25567.75, 460731, 282871
2025/10/3, 00:00:00, 25449.00, 25449.00, 25444.00, 25449.00, 491230, 279370
2025/10/6, 00:00:00, 25642.75, 25704.75, 25642.75, 25642.75, 415275, 286784
2025/10/7, 00:00:00, 25506.75, 25734.75, 25475.00, 25506.75, 539852, 285401
2025/10/8, 00:00:00, 25530.25, 25817.25, 25500.00, 25799.75, 451748, 289992
2025/10/9, 00:00:00, 25757.00, 25859.75, 25648.25, 25757.00, 501487, 287513
2025/10/10, 00:00:00, 25749.25, 25852.25, 24650.00, 24854.75, 936141, 282457
2025/10/13, 00:00:00, 25147.00, 25412.75, 25147.00, 25381.75, 661356, 277006
2025/10/14, 00:00:00, 25000.00, 25491.25, 24898.75, 25231.00, 730064, 278830
2025/10/15, 00:00:00, 25200.00, 25562.50, 25143.50, 25394.00, 637794, 282174
2025/10/16, 00:00:00, 25500.00, 25630.25, 25111.50, 25293.25, 739709, 282734
2025/10/17, 00:00:00, 24892.25, 25499.00, 24879.00, 25449.00, 744695, 284839
2025/10/20, 00:00:00, 25500.00, 25805.50, 25425.50, 25770.00, 437680, 290571
2025/10/21, 00:00:00, 25690.00, 25819.75, 25674.50, 25759.00, 441891, 289838
2025/10/22, 00:00:00, 25715.00, 25795.00, 25273.00, 25501.50, 695963, 279609
2025/10/23, 00:00:00, 25559.00, 25738.00, 25406.50, 25716.50, 527912, 283565
2025/10/24, 00:00:00, 25840.00, 26019.75, 25840.00, 25971.75, 468501, 292317
2025/10/27, 00:00:00, 26195.00, 26461.50, 26179.75, 26430.50, 435920, 293369
2025/10/28, 00:00:00, 26578.00, 26698.75, 26422.00, 26633.50, 452725, 299186
2025/10/29, 00:00:00, 26732.00, 26795.50, 26544.75, 26736.50, 558826, 299695
2025/10/30, 00:00:00, 26680.50, 26874.75, 26351.25, 26358.50, 667037, 296973
2025/10/31, 00:00:00, 26650.00, 26752.25, 26393.75, 26505.75, 599089, 291812
2025/11/3, 00:00:00, 26528.00, 26754.75, 26524.00, 26605.00, 474289, 293302
2025/11/4, 00:00:00, 26460.00, 26460.00, 26020.00, 26075.25, 670606, 292709
2025/11/5, 00:00:00, 26000.00, 26362.75, 25773.25, 26245.00, 619499, 291975
2025/11/6, 00:00:00, 26190.50, 26306.00, 25692.75, 25736.25, 755759, 298945
2025/11/7, 00:00:00, 25770.00, 25829.50, 25198.50, 25655.50, 766713, 297552
2025/11/10, 00:00:00, 25834.00, 26237.25, 25764.75, 26206.00, 627300, 296639
2025/11/11, 00:00:00, 26224.25, 26244.25, 25977.50, 26129.75, 538705, 295835
2025/11/12, 00:00:00, 26216.50, 26309.00, 25988.50, 26113.50, 607138, 298734
2025/11/13, 00:00:00, 26000.00, 26201.50, 25500.00, 25580.50, 776293, 305182
2025/11/14, 00:00:00, 25412.00, 25777.00, 25117.75, 25579.00, 863807, 294670
2025/11/17, 00:00:00, 25650.00, 25836.25, 25221.50, 25359.75, 740250, 295084
2025/11/18, 00:00:00, 25000.00, 25425.75, 24867.00, 25074.50, 872920, 299587
2025/11/19, 00:00:00, 25115.00, 25456.25, 24937.75, 25202.75, 772139, 295289
2025/11/20, 00:00:00, 25535.00, 25782.50, 24567.50, 24604.75, 998704, 304450
2025/11/21, 00:00:00, 24486.00, 25044.75, 24388.00, 24773.75, 921338, 301739
2025/11/24, 00:00:00, 24962.75, 25456.25, 24837.25, 25412.50, 605592, 300040
2025/11/25, 00:00:00, 25354.25, 25587.25, 25075.00, 25553.00, 632120, 296684
2025/11/26, 00:00:00, 25585.00, 25837.25, 25539.25, 25776.00, 523626, 300491
2025/11/28, 00:00:00, 25954.75, 25954.75, 25948.75, 25954.75, 200268, 303169
2025/12/1, 00:00:00, 25928.25, 25975.25, 25674.75, 25860.50, 576518, 304326
2025/12/2, 00:00:00, 25819.00, 26133.75, 25800.75, 26075.50, 564116, 308211
2025/12/3, 00:00:00, 26113.00, 26147.25, 25899.00, 26124.50, 497224, 312162
2025/12/4, 00:00:00, 26110.00, 26196.75, 25966.25, 26090.00, 511632, 314352
2025/12/5, 00:00:00, 26183.00, 26331.50, 26058.25, 26205.00, 500995, 315813
2025/12/8, 00:00:00, 26223.00, 26329.50, 26040.00, 26136.50, 477756, 320495
2025/12/9, 00:00:00, 26198.00, 26204.75, 26039.25, 26172.50, 412381, 325383
2025/12/10, 00:00:00, 26118.00, 26342.50, 26013.25, 26274.50, 571584, 330174
2025/12/11, 00:00:00, 26194.25, 26324.25, 25868.75, 26192.25, 665712, 324252
2025/12/12, 00:00:00, 26199.00, 26210.00, 25603.25, 25691.25, 849787, 332069
2025/12/15, 00:00:00, 25682.50, 25889.50, 25516.25, 25564.50, 947436, 348405
2025/12/16, 00:00:00, 25505.75, 25663.75, 25302.75, 25603.75, 920062, 378693
2025/12/17, 00:00:00, 25568.00, 25727.00, 25111.00, 25117.25, 834378, 386714
2025/12/18, 00:00:00, 25201.00, 25618.50, 25124.75, 25477.75, 823094, 372388
2025/12/19, 00:00:00, 25446.00, 25817.00, 25430.25, 25797.75, 503393, 269452
2025/12/22, 00:00:00, 25860.00, 26014.75, 25854.00, 25915.00, 367632, 266996
2025/12/23, 00:00:00, 25945.00, 26045.00, 25833.00, 26036.75, 336612, 265616
2025/12/24, 00:00:00, 26034.50, 26116.00, 26005.00, 26106.25, 163149, 264683
2025/12/26, 00:00:00, 26105.00, 26157.75, 26060.00, 26086.00, 240806, 270643
2025/12/29, 00:00:00, 26103.00, 26118.25, 25871.00, 25960.75, 347369, 274823
2025/12/30, 00:00:00, 25959.50, 26014.50, 25892.00, 25897.50, 300712, 276539
2025/12/31, 00:00:00, 25891.75, 25938.00, 25664.75, 25679.25, 329549, 274684
2026/1/2, 00:00:00, 25705.00, 26023.75, 25487.25, 25605.50, 555324, 270747
2026/1/5, 00:00:00, 25636.25, 25928.50, 25628.25, 25799.50, 461669, 270831
2026/1/6, 00:00:00, 25815.00, 26061.50, 25750.25, 26046.75, 445976, 274253
2026/1/7, 00:00:00, 26048.50, 26220.25, 25953.25, 26063.75, 478152, 272119
2026/1/8, 00:00:00, 26053.00, 26070.50, 25796.25, 25911.25, 511165, 267002
2026/1/9, 00:00:00, 25943.00, 26212.25, 25845.75, 26166.25, 510012, 273069
2026/1/12, 00:00:00, 26113.00, 26248.50, 25863.75, 26186.25, 453370, 276479
2026/1/13, 00:00:00, 26160.00, 26272.50, 26033.25, 26134.75, 560843, 278878
2026/1/14, 00:00:00, 26135.00, 26152.75, 25648.00, 25857.00, 648459, 273072
2026/1/15, 00:00:00, 25828.00, 26182.00, 25790.75, 25935.75, 591883, 272588
2026/1/16, 00:00:00, 25942.50, 26119.75, 25821.50, 25918.25, 490973, 269462
2026/1/20, 00:00:00, 25802.75, 25802.75, 25320.00, 25352.75, 865928, 267118
2026/1/21, 00:00:00, 25394.50, 25878.00, 25252.50, 25700.25, 812520, 258495
2026/1/22, 00:00:00, 25798.00, 25968.50, 25713.50, 25889.75, 534274, 256615
2026/1/23, 00:00:00, 25825.00, 26076.75, 25773.00, 25969.50, 505487, 256688
2026/1/26, 00:00:00, 25773.50, 26162.00, 25639.00, 26079.50, 451070, 258042
2026/1/27, 00:00:00, 26073.00, 26344.50, 26072.00, 26304.75, 430657, 260759
2026/1/28, 00:00:00, 26350.00, 26580.50, 26242.25, 26391.75, 513398, 262769
2026/1/29, 00:00:00, 26525.00, 26525.00, 25769.50, 26232.50, 701002, 258855
2026/1/30, 00:00:00, 26231.00, 26250.00, 25799.50, 25899.25, 715279, 260930
2026/2/2, 00:00:00, 25761.00, 26178.50, 25406.00, 26081.50, 580581, 259229
2026/2/3, 00:00:00, 26149.00, 26261.00, 25446.00, 25681.75, 698207, 268823
2026/2/4, 00:00:00, 25621.25, 25739.75, 25008.00, 25220.75, 746133, 274226
2026/2/5, 00:00:00, 25324.50, 25390.50, 24625.00, 24867.00, 777195, 277480
2026/2/6, 00:00:00, 24624.75, 25440.00, 24459.25, 25384.50, 658128, 266104
2026/2/9, 00:00:00, 25369.75, 25650.00, 25177.75, 25576.25, 494503, 261326
2026/2/10, 00:00:00, 25609.00, 25666.50, 25419.75, 25438.25, 478133, 263282
2026/2/11, 00:00:00, 25489.00, 25689.00, 25283.50, 25511.75, 532636, 263148
2026/2/12, 00:00:00, 25485.25, 25642.75, 24940.50, 24987.00, 671556, 271526
2026/2/13, 00:00:00, 25045.00, 25214.50, 24798.50, 25020.25, 690693, 269798
2026/2/17, 00:00:00, 25029.25, 25138.75, 24666.25, 24983.75, 757043, 272951
2026/2/18, 00:00:00, 24960.00, 25346.25, 24920.75, 25174.75, 542140, 267267
2026/2/19, 00:00:00, 25159.50, 25269.50, 24963.75, 25075.50, 516750, 277691
2026/2/20, 00:00:00, 25052.00, 25355.50, 24894.00, 25287.75, 618154, 271454
2026/2/23, 00:00:00, 25225.00, 25274.50, 24886.75, 24979.50, 597236, 273966
2026/2/24, 00:00:00, 25015.25, 25297.75, 24904.50, 25247.25, 521461, 270599
2026/2/25, 00:00:00, 25225.25, 25714.50, 25216.25, 25604.50, 418982, 272895
2026/2/26, 00:00:00, 25604.50, 25637.00, 25082.00, 25301.50, 609616, 275854
2026/2/27, 00:00:00, 25190.00, 25318.00, 25002.75, 25222.50, 566380, 272226
2026/3/2, 00:00:00, 24931.00, 25318.75, 24690.75, 25244.00, 635439, 275812
2026/3/3, 00:00:00, 25194.25, 25217.75, 24562.25, 24970.00, 734660, 273307
2026/3/4, 00:00:00, 24921.50, 25435.50, 24712.50, 25347.00, 611084, 273543
2026/3/5, 00:00:00, 25367.75, 25460.50, 24992.25, 25267.00, 690025, 273257
2026/3/6, 00:00:00, 25240.00, 25358.25, 24814.75, 24883.25, 650970, 273308
2026/3/9, 00:00:00, 24764.75, 25271.25, 24208.75, 25209.50, 719457, 264743
2026/3/10, 00:00:00, 25197.25, 25435.00, 25052.00, 25199.50, 571358, 259842
2026/3/11, 00:00:00, 25220.00, 25395.25, 25091.25, 25201.25, 484426, 262971
2026/3/12, 00:00:00, 25149.50, 25161.50, 24731.00, 24773.50, 585938, 266864
2026/3/13, 00:00:00, 24783.50, 25017.50, 24544.00, 24605.75, 696305, 274636
2026/3/16, 00:00:00, 24500.00, 25035.00, 24491.50, 24891.25, 854036, 295173
2026/3/17, 00:00:00, 24870.00, 25117.00, 24728.25, 25015.50, 686910, 300943
2026/3/18, 00:00:00, 25019.75, 25210.50, 24565.50, 24651.25, 619297, 301928
2026/3/19, 00:00:00, 24622.00, 24725.25, 24562.25, 24702.25, 39280, 0
