Date, Time, Open, High, Low, Last, Volume, NumberOfTrades, BidVolume, AskVolume
2025/11/19, 20:15:00, 24706.25, 24830.25, 24675.75, 24723.75, 78172, 72237, 39312, 38860
2025/11/19, 21:15:00, 24723.50, 24976.25, 24703.50, 24958.75, 39736, 34010, 19453, 20283
2025/11/19, 22:15:00, 24966.75, 25084.50, 24955.25, 25081.75, 6067, 5231, 2615, 3452
2025/11/19, 23:15:00, 25082.00, 25118.00, 25033.00, 25101.00, 11490, 10303, 5585, 5905
2025/11/20, 00:15:00, 25102.00, 25162.00, 25100.75, 25113.00, 9603, 8718, 4665, 4938
2025/11/20, 01:15:00, 25115.50, 25170.75, 25113.25, 25143.50, 6574, 5723, 3021, 3553
2025/11/20, 02:15:00, 25143.25, 25194.25, 25129.00, 25180.50, 5555, 5166, 2684, 2871
2025/11/20, 03:15:00, 25180.75, 25196.00, 25139.00, 25164.25, 5758, 5236, 3049, 2709
2025/11/20, 04:15:00, 25163.75, 25209.00, 25151.25, 25189.00, 4118, 3629, 1874, 2244
2025/11/20, 05:15:00, 25189.00, 25196.25, 25157.75, 25173.50, 3482, 3218, 1848, 1634
2025/11/20, 06:15:00, 25171.25, 25184.00, 25133.00, 25176.75, 5620, 5115, 2946, 2674
2025/11/20, 07:15:00, 25177.50, 25207.00, 25120.75, 25153.50, 8624, 7865, 4573, 4051
2025/11/20, 08:15:00, 25154.00, 25185.00, 25107.00, 25129.50, 7484, 7085, 3920, 3564
2025/11/20, 09:15:00, 25127.50, 25135.00, 25022.25, 25032.75, 8976, 8180, 4685, 4291
2025/11/20, 10:15:00, 25036.75, 25126.25, 25036.50, 25086.25, 8437, 7657, 4012, 4425
2025/11/20, 11:15:00, 25086.25, 25132.00, 25047.25, 25077.75, 10010, 9142, 5118, 4892
2025/11/20, 12:15:00, 25077.75, 25181.00, 25069.00, 25171.00, 9433, 8226, 4340, 5093
2025/11/20, 13:15:00, 25171.00, 25178.25, 25120.75, 25142.25, 4228, 3863, 2166, 2062
2025/11/20, 13:30:00, 25130.75, 25264.75, 25130.00, 25210.75, 35117, 31428, 17724, 17393
2025/11/20, 14:30:00, 25211.50, 25299.75, 25146.00, 25258.25, 135202, 125604, 68067, 67135
2025/11/20, 15:30:00, 25258.50, 25310.00, 24886.25, 24905.00, 147940, 136785, 75266, 72674
2025/11/20, 16:30:00, 24906.25, 24928.00, 24353.75, 24449.50, 185276, 169276, 93763, 91513
2025/11/20, 17:30:00, 24448.75, 24598.75, 24308.50, 24501.00, 117671, 109200, 59271, 58400
2025/11/20, 18:30:00, 24498.25, 24522.00, 24205.00, 24347.50, 85415, 78438, 43493, 41922
2025/11/20, 19:30:00, 24345.50, 24402.00, 24260.25, 24298.00, 51658, 47764, 26013, 25645
2025/11/20, 20:15:00, 24297.00, 24348.00, 24088.75, 24114.25, 91358, 82643, 46496, 44862
2025/11/20, 21:15:00, 24113.75, 24123.00, 24073.25, 24073.75, 10435, 9274, 5345, 5090
2025/11/20, 22:15:00, 24110.00, 24131.75, 24018.00, 24073.50, 6243, 5393, 3224, 3019
2025/11/20, 23:15:00, 24072.50, 24178.25, 24072.25, 24169.25, 14767, 13720, 7177, 7590
2025/11/21, 00:15:00, 24171.00, 24207.75, 24157.75, 24184.50, 9518, 8788, 4751, 4767
2025/11/21, 01:15:00, 24183.00, 24235.25, 24155.75, 24166.75, 10081, 9163, 5213, 4868
2025/11/21, 02:15:00, 24167.25, 24219.50, 24159.50, 24182.75, 6627, 6092, 3426, 3201
2025/11/21, 03:15:00, 24183.00, 24238.50, 24163.00, 24181.50, 6650, 5952, 3311, 3339
2025/11/21, 04:15:00, 24180.75, 24210.00, 24095.00, 24193.25, 9804, 8888, 5047, 4757
2025/11/21, 05:15:00, 24191.00, 24206.50, 24127.50, 24162.75, 5825, 5465, 3008, 2817
2025/11/21, 06:15:00, 24164.00, 24201.75, 24129.00, 24164.50, 5352, 4969, 2637, 2715
2025/11/21, 07:15:00, 24164.75, 24199.00, 24060.25, 24164.75, 13956, 12717, 7047, 6909
2025/11/21, 08:15:00, 24166.00, 24217.00, 24105.75, 24188.00, 11347, 10536, 5531, 5816
2025/11/21, 09:15:00, 24188.75, 24189.25, 23930.00, 23967.00, 21884, 19784, 11392, 10492
2025/11/21, 10:15:00, 23968.00, 24147.75, 23904.50, 24145.00, 21381, 19581, 10780, 10601
2025/11/21, 11:15:00, 24146.00, 24153.25, 23969.75, 24017.25, 20066, 17773, 10149, 9917
2025/11/21, 12:15:00, 24018.50, 24261.50, 23952.50, 24220.25, 49913, 45265, 24953, 24960
2025/11/21, 13:15:00, 24220.75, 24292.00, 24190.75, 24195.00, 13222, 10724, 6685, 6537
2025/11/21, 13:30:00, 24196.00, 24277.75, 24180.50, 24203.00, 30345, 28035, 15206, 15139
2025/11/21, 14:30:00, 24203.50, 24298.00, 24027.25, 24045.75, 176901, 164512, 88902, 87999
2025/11/21, 15:30:00, 24045.25, 24177.50, 23927.25, 24175.75, 113084, 104097, 56181, 56903
2025/11/21, 16:30:00, 24175.00, 24392.00, 24139.75, 24358.50, 87015, 79663, 43278, 43737
2025/11/21, 17:30:00, 24357.75, 24415.50, 24203.50, 24264.75, 65546, 59939, 32638, 32908
2025/11/21, 18:30:00, 24264.75, 24596.25, 24248.25, 24580.25, 78832, 72250, 39262, 39570
2025/11/21, 19:30:00, 24581.25, 24594.75, 24427.50, 24477.75, 42179, 38387, 20941, 21238
2025/11/21, 20:15:00, 24476.25, 24494.50, 24285.00, 24324.00, 76354, 69639, 38381, 37973
2025/11/21, 21:15:00, 24324.50, 24358.25, 24310.25, 24349.00, 6344, 5897, 3113, 3231
2025/11/23, 22:15:00, 24455.75, 24555.25, 24455.75, 24487.25, 4311, 3771, 2123, 2188
2025/11/23, 23:15:00, 24488.00, 24507.00, 24423.00, 24438.75, 6965, 6603, 3665, 3300
2025/11/24, 00:15:00, 24439.00, 24475.00, 24404.00, 24460.00, 7676, 7069, 3747, 3929
2025/11/24, 01:15:00, 24459.50, 24482.75, 24427.00, 24437.25, 5932, 5499, 2927, 3005
2025/11/24, 02:15:00, 24437.00, 24522.25, 24436.50, 24518.00, 6817, 6208, 3230, 3587
2025/11/24, 03:15:00, 24517.00, 24522.75, 24445.75, 24453.25, 4526, 4243, 2534, 1992
2025/11/24, 04:15:00, 24453.25, 24505.00, 24431.75, 24500.25, 5777, 5398, 2809, 2968
2025/11/24, 05:15:00, 24501.25, 24511.00, 24475.50, 24477.00, 3403, 3232, 1813, 1590
2025/11/24, 06:15:00, 24478.25, 24496.00, 24450.50, 24474.00, 3326, 3175, 1681, 1645
2025/11/24, 07:15:00, 24473.00, 24525.00, 24456.25, 24503.50, 6101, 5767, 2997, 3104
2025/11/24, 08:15:00, 24505.00, 24563.25, 24504.25, 24516.25, 8523, 8002, 4239, 4284
2025/11/24, 09:15:00, 24518.25, 24532.75, 24365.00, 24403.25, 15259, 14063, 7740, 7519
2025/11/24, 10:15:00, 24402.50, 24430.25, 24361.75, 24391.00, 8698, 7931, 4347, 4351
2025/11/24, 11:15:00, 24391.00, 24462.50, 24385.25, 24431.75, 8309, 7871, 4092, 4217
2025/11/24, 12:15:00, 24431.75, 24550.00, 24423.00, 24546.50, 12149, 10950, 5910, 6239
2025/11/24, 13:15:00, 24546.75, 24559.00, 24526.00, 24551.75, 3450, 3191, 1809, 1641
2025/11/24, 13:30:00, 24553.25, 24574.50, 24491.00, 24522.75, 19420, 17637, 9684, 9736
2025/11/24, 14:30:00, 24522.25, 24769.75, 24516.75, 24739.25, 131767, 120802, 64906, 66861
2025/11/24, 15:30:00, 24737.75, 24882.00, 24710.75, 24864.00, 72458, 66019, 35800, 36658
2025/11/24, 16:30:00, 24863.75, 24892.25, 24829.00, 24883.75, 50420, 46394, 25014, 25406
2025/11/24, 17:30:00, 24883.75, 24953.75, 24881.75, 24931.00, 48275, 44117, 23861, 24414
2025/11/24, 18:30:00, 24931.00, 24961.00, 24914.00, 24932.75, 34922, 31842, 17175, 17747
2025/11/24, 19:30:00, 24933.00, 24952.00, 24893.00, 24939.75, 37885, 35086, 18642, 19243
2025/11/24, 20:15:00, 24939.50, 24993.50, 24925.00, 24960.00, 80805, 74574, 40118, 40687
2025/11/24, 21:15:00, 24959.75, 24975.50, 24948.25, 24962.75, 6678, 6064, 3462, 3216
2025/11/24, 22:15:00, 24966.25, 24982.75, 24955.25, 24965.00, 2197, 2022, 1025, 1172
2025/11/24, 23:15:00, 24964.75, 24986.50, 24931.50, 24936.50, 5982, 5589, 3072, 2910
2025/11/25, 00:15:00, 24937.25, 24967.50, 24918.75, 24942.50, 6415, 5915, 3178, 3237
2025/11/25, 01:15:00, 24942.75, 24952.25, 24919.25, 24935.75, 4000, 3800, 1957, 2043
2025/11/25, 02:15:00, 24936.00, 24956.00, 24928.00, 24951.50, 3096, 2877, 1529, 1567
2025/11/25, 03:15:00, 24951.00, 24959.00, 24915.25, 24936.25, 4018, 3810, 2085, 1933
2025/11/25, 04:15:00, 24938.50, 24953.75, 24925.00, 24951.25, 2101, 1981, 1004, 1097
2025/11/25, 05:15:00, 24952.50, 24955.25, 24913.25, 24930.00, 2802, 2615, 1449, 1353
2025/11/25, 06:15:00, 24928.75, 24928.75, 24880.75, 24891.25, 4485, 4159, 2511, 1974
2025/11/25, 07:15:00, 24891.00, 24937.75, 24885.00, 24887.75, 5908, 5452, 2876, 3032
2025/11/25, 08:15:00, 24888.25, 24927.25, 24856.50, 24881.50, 7245, 6920, 3744, 3501
2025/11/25, 09:15:00, 24882.75, 24883.50, 24822.00, 24868.00, 8441, 7844, 4205, 4236
2025/11/25, 10:15:00, 24868.25, 24897.75, 24835.75, 24889.00, 6069, 5589, 2834, 3235
2025/11/25, 11:15:00, 24889.25, 24934.25, 24844.75, 24926.00, 8334, 7606, 3891, 4443
2025/11/25, 12:15:00, 24926.50, 24975.25, 24881.25, 24910.75, 15988, 14750, 7897, 8091
2025/11/25, 13:15:00, 24911.00, 24950.25, 24906.25, 24936.00, 3992, 3662, 1907, 2085
2025/11/25, 13:30:00, 24942.25, 24960.00, 24842.00, 24856.75, 26644, 25115, 13621, 13023
2025/11/25, 14:30:00, 24857.25, 24879.50, 24602.00, 24781.25, 178463, 163883, 89936, 88527
2025/11/25, 15:30:00, 24780.50, 24883.25, 24761.25, 24854.25, 81726, 76023, 40781, 40945
2025/11/25, 16:30:00, 24853.75, 25017.00, 24839.75, 24991.25, 58913, 54437, 29061, 29852
2025/11/25, 17:30:00, 24991.50, 25060.75, 24976.75, 25022.25, 49276, 44582, 24914, 24362
2025/11/25, 18:30:00, 25023.50, 25049.50, 24955.00, 24982.25, 36411, 33654, 18542, 17869
2025/11/25, 19:30:00, 24982.00, 25045.50, 24938.00, 25029.75, 30802, 28787, 15473, 15329
2025/11/25, 20:15:00, 25030.00, 25135.25, 25024.25, 25077.25, 60736, 55703, 30017, 30719
2025/11/25, 21:15:00, 25077.50, 25082.00, 25059.50, 25064.50, 3744, 3480, 2062, 1682
2025/11/25, 22:15:00, 25071.25, 25094.00, 25065.50, 25088.00, 1639, 1513, 724, 915
2025/11/25, 23:15:00, 25087.50, 25093.25, 25061.25, 25081.75, 3739, 3509, 1898, 1841
2025/11/26, 00:15:00, 25082.25, 25144.00, 25081.50, 25142.50, 5032, 4694, 2169, 2863
2025/11/26, 01:15:00, 25143.50, 25171.00, 25136.00, 25164.25, 6060, 5576, 2867, 3193
2025/11/26, 02:15:00, 25165.00, 25196.50, 25156.25, 25173.00, 5295, 4907, 2404, 2891
2025/11/26, 03:15:00, 25173.75, 25188.50, 25168.25, 25181.75, 2718, 2561, 1304, 1414
2025/11/26, 04:15:00, 25182.50, 25190.75, 25160.50, 25184.25, 2534, 2406, 1250, 1284
2025/11/26, 05:15:00, 25183.75, 25202.50, 25183.25, 25196.75, 2913, 2790, 1418, 1495
2025/11/26, 06:15:00, 25196.00, 25221.50, 25186.75, 25214.50, 3157, 2975, 1470, 1687
2025/11/26, 07:15:00, 25214.25, 25235.75, 25181.75, 25207.25, 5914, 5511, 2995, 2919
2025/11/26, 08:15:00, 25207.25, 25224.75, 25153.75, 25163.00, 6812, 6429, 3487, 3325
2025/11/26, 09:15:00, 25163.50, 25188.00, 25137.50, 25182.50, 6646, 6158, 3286, 3360
2025/11/26, 10:15:00, 25183.25, 25203.50, 25160.00, 25197.25, 4141, 3917, 2033, 2108
2025/11/26, 11:15:00, 25198.00, 25215.25, 25120.50, 25133.00, 10211, 9500, 5375, 4836
2025/11/26, 12:15:00, 25134.00, 25191.75, 25118.50, 25186.75, 10646, 10096, 4837, 5809
2025/11/26, 13:15:00, 25186.75, 25210.00, 25182.00, 25197.50, 3027, 2801, 1462, 1565
2025/11/26, 13:30:00, 25196.25, 25229.50, 25173.00, 25222.00, 21385, 19951, 10590, 10795
2025/11/26, 14:30:00, 25222.25, 25280.25, 25133.75, 25191.00, 122107, 113100, 60299, 61808
2025/11/26, 15:30:00, 25191.25, 25338.75, 25191.25, 25323.25, 65460, 59999, 31898, 33562
2025/11/26, 16:30:00, 25323.25, 25376.00, 25309.00, 25338.75, 53249, 49539, 26760, 26489
2025/11/26, 17:30:00, 25338.50, 25369.25, 25281.00, 25347.00, 45676, 42895, 22735, 22941
2025/11/26, 18:30:00, 25347.75, 25348.75, 25286.50, 25344.75, 41416, 38703, 20534, 20882
2025/11/26, 19:30:00, 25345.25, 25355.50, 25307.75, 25354.75, 27838, 25377, 13907, 13931
2025/11/26, 20:15:00, 25355.25, 25360.75, 25293.25, 25313.25, 50963, 46955, 26385, 24578
2025/11/26, 21:15:00, 25313.75, 25325.00, 25301.00, 25314.00, 4813, 4501, 2485, 2328
2025/11/26, 22:15:00, 25313.00, 25336.75, 25312.00, 25315.50, 718, 646, 362, 356
2025/11/26, 23:15:00, 25316.50, 25333.25, 25312.00, 25328.50, 1876, 1774, 886, 990
2025/11/27, 00:15:00, 25328.50, 25339.25, 25311.25, 25317.00, 2128, 2007, 1046, 1082
2025/11/27, 01:15:00, 25315.75, 25338.50, 25304.00, 25333.00, 2274, 2124, 1071, 1203
2025/11/27, 02:15:00, 25332.50, 25337.00, 25305.00, 25308.75, 1382, 1310, 773, 609
2025/11/27, 03:15:00, 25309.50, 25324.00, 25306.00, 25311.50, 1063, 1005, 478, 585
2025/11/27, 04:15:00, 25312.25, 25334.75, 25308.75, 25333.75, 1116, 1022, 434, 682
2025/11/27, 05:15:00, 25332.25, 25337.25, 25315.50, 25315.75, 1238, 1188, 627, 611
2025/11/27, 06:15:00, 25316.25, 25321.25, 25298.00, 25311.00, 1849, 1736, 981, 868
2025/11/27, 07:15:00, 25309.75, 25326.25, 25293.25, 25310.50, 2396, 2246, 1141, 1255
2025/11/27, 08:15:00, 25310.50, 25329.00, 25296.50, 25301.75, 3064, 2811, 1465, 1599
2025/11/27, 09:15:00, 25301.00, 25326.50, 25297.50, 25304.00, 2059, 1917, 982, 1077
2025/11/27, 10:15:00, 25304.50, 25321.25, 25299.75, 25313.25, 1194, 1130, 581, 613
2025/11/27, 11:15:00, 25314.75, 25325.25, 25303.00, 25310.50, 1747, 1620, 882, 865
2025/11/27, 12:15:00, 25311.00, 25311.00, 25290.50, 25294.75, 2118, 1944, 1163, 955
2025/11/27, 13:15:00, 25294.25, 25302.00, 25290.25, 25298.25, 714, 674, 353, 361
2025/11/27, 13:30:00, 25298.25, 25315.50, 25291.00, 25301.50, 4767, 4454, 2335, 2432
2025/11/27, 14:30:00, 25301.50, 25317.75, 25287.00, 25303.50, 6805, 6434, 3339, 3466
2025/11/27, 15:30:00, 25303.75, 25304.50, 25285.75, 25301.50, 5216, 4812, 2585, 2631
2025/11/27, 16:30:00, 25301.75, 25302.00, 25290.75, 25295.75, 2056, 1935, 1057, 999
2025/11/27, 17:30:00, 25296.25, 25303.00, 25295.25, 25301.75, 986, 950, 478, 508
2025/11/27, 22:15:00, 25302.25, 25328.25, 25301.75, 25316.75, 1262, 1201, 534, 728
2025/11/27, 23:15:00, 25316.25, 25349.75, 25306.25, 25347.25, 2290, 2155, 1008, 1282
2025/11/28, 00:15:00, 25348.00, 25360.25, 25331.50, 25356.00, 2164, 1917, 981, 1183
2025/11/28, 01:15:00, 25354.75, 25368.00, 25331.75, 25337.75, 1542, 1385, 854, 688
2025/11/28, 02:15:00, 25339.00, 25350.50, 25339.00, 25347.75, 203, 196, 88, 115
2025/11/28, 13:30:00, 25368.50, 25399.00, 25347.75, 25359.00, 6241, 5390, 3265, 2976
2025/11/28, 14:30:00, 25358.00, 25422.00, 25331.00, 25369.50, 31792, 28880, 16224, 15568
2025/11/28, 15:30:00, 25368.50, 25436.25, 25359.50, 25389.25, 32553, 27543, 16246, 16307
2025/11/28, 16:30:00, 25388.75, 25440.00, 25373.75, 25420.00, 30119, 24556, 15716, 14403
2025/11/28, 17:30:00, 25420.50, 25499.75, 25394.25, 25484.50, 41365, 35943, 21557, 19808
2025/11/30, 22:15:00, 25482.50, 25546.00, 25457.50, 25501.75, 3926, 3415, 1844, 2082
2025/11/30, 23:15:00, 25502.25, 25524.25, 25401.75, 25415.00, 10924, 10134, 5753, 5171
2025/12/1, 00:15:00, 25414.50, 25425.50, 25266.00, 25301.25, 19026, 17421, 10116, 8910
2025/12/1, 01:15:00, 25299.75, 25344.25, 25294.75, 25305.75, 10484, 9851, 5088, 5396
2025/12/1, 02:15:00, 25307.50, 25312.00, 25244.25, 25250.00, 8840, 8174, 4630, 4210
2025/12/1, 03:15:00, 25249.75, 25269.75, 25237.25, 25250.50, 6557, 6230, 3291, 3266
2025/12/1, 04:15:00, 25249.50, 25261.50, 25206.25, 25219.25, 5441, 5127, 2827, 2614
2025/12/1, 05:15:00, 25219.25, 25259.00, 25193.25, 25249.50, 6349, 5945, 3133, 3216
2025/12/1, 06:15:00, 25249.75, 25275.50, 25246.75, 25251.75, 5211, 4786, 2711, 2500
2025/12/1, 07:15:00, 25251.75, 25314.25, 25238.25, 25310.50, 6653, 6176, 3146, 3507
2025/12/1, 08:15:00, 25312.25, 25342.75, 25298.75, 25321.25, 7741, 7216, 3761, 3980
2025/12/1, 09:15:00, 25322.75, 25333.50, 25273.25, 25312.75, 6167, 5745, 3184, 2983
2025/12/1, 10:15:00, 25312.25, 25333.50, 25288.00, 25313.75, 4663, 4424, 2386, 2277
2025/12/1, 11:15:00, 25312.75, 25319.75, 25247.00, 25265.75, 5923, 5593, 3134, 2789
2025/12/1, 12:15:00, 25265.25, 25272.00, 25210.75, 25250.00, 10969, 10373, 5520, 5449
2025/12/1, 13:15:00, 25249.75, 25261.75, 25238.00, 25246.75, 3438, 3256, 1696, 1742
2025/12/1, 13:30:00, 25246.25, 25299.50, 25235.00, 25254.25, 16332, 15386, 8204, 8128
2025/12/1, 14:30:00, 25255.00, 25389.00, 25209.25, 25323.75, 120542, 113344, 59957, 60585
2025/12/1, 15:30:00, 25324.25, 25420.00, 25267.50, 25381.25, 79586, 75041, 40000, 39586
2025/12/1, 16:30:00, 25380.25, 25467.50, 25379.25, 25453.00, 50215, 46526, 24635, 25580
2025/12/1, 17:30:00, 25453.00, 25495.75, 25440.75, 25462.50, 32747, 30530, 16478, 16269
2025/12/1, 18:30:00, 25463.25, 25492.75, 25391.25, 25395.75, 41443, 39144, 21132, 20311
2025/12/1, 19:30:00, 25396.50, 25415.00, 25357.00, 25410.25, 40636, 37962, 20264, 20372
2025/12/1, 20:15:00, 25410.00, 25421.25, 25365.00, 25389.50, 59833, 55072, 30368, 29465
2025/12/1, 21:15:00, 25389.25, 25407.00, 25388.00, 25399.75, 3619, 3331, 1663, 1956
2025/12/1, 22:15:00, 25411.50, 25423.25, 25378.50, 25387.50, 2158, 2050, 1226, 932
2025/12/1, 23:15:00, 25388.00, 25425.00, 25383.00, 25402.50, 4667, 4444, 2299, 2368
2025/12/2, 00:15:00, 25403.75, 25443.50, 25394.00, 25435.00, 4159, 3920, 1896, 2263
2025/12/2, 01:15:00, 25433.00, 25445.00, 25386.00, 25396.25, 4773, 4539, 2546, 2227
2025/12/2, 02:15:00, 25398.00, 25432.25, 25395.00, 25409.00, 3102, 2852, 1474, 1628
2025/12/2, 03:15:00, 25408.50, 25408.50, 25348.25, 25395.00, 6309, 5823, 3290, 3019
2025/12/2, 04:15:00, 25394.75, 25397.00, 25366.50, 25369.50, 2462, 2299, 1350, 1112
2025/12/2, 05:15:00, 25368.50, 25380.00, 25343.75, 25350.50, 2587, 2453, 1364, 1223
2025/12/2, 06:15:00, 25351.00, 25386.75, 25334.25, 25379.50, 3433, 3271, 1618, 1815
2025/12/2, 07:15:00, 25380.50, 25388.00, 25324.75, 25354.50, 4352, 4145, 2252, 2100
2025/12/2, 08:15:00, 25355.00, 25443.50, 25347.25, 25435.50, 7213, 6610, 3336, 3877
2025/12/2, 09:15:00, 25436.25, 25458.50, 25423.50, 25447.50, 4966, 4622, 2372, 2594
2025/12/2, 10:15:00, 25447.25, 25499.75, 25436.50, 25491.25, 5883, 5336, 2877, 3006
2025/12/2, 11:15:00, 25491.75, 25508.75, 25462.75, 25475.75, 5834, 5451, 2923, 2911
2025/12/2, 12:15:00, 25476.00, 25501.25, 25458.00, 25498.75, 6664, 6118, 3201, 3463
2025/12/2, 13:15:00, 25499.25, 25505.25, 25486.75, 25495.75, 1609, 1505, 808, 801
2025/12/2, 13:30:00, 25496.25, 25522.75, 25480.50, 25492.25, 15187, 13962, 7699, 7488
2025/12/2, 14:30:00, 25492.75, 25654.75, 25471.25, 25573.25, 118496, 109906, 58651, 59845
2025/12/2, 15:30:00, 25573.25, 25670.00, 25443.00, 25459.75, 109606, 101111, 55972, 53634
2025/12/2, 16:30:00, 25459.50, 25613.75, 25414.50, 25603.75, 74073, 69104, 36572, 37501
2025/12/2, 17:30:00, 25604.25, 25622.25, 25496.50, 25563.75, 51433, 47735, 26071, 25362
2025/12/2, 18:30:00, 25563.00, 25610.25, 25530.00, 25585.25, 38271, 35748, 19116, 19155
2025/12/2, 19:30:00, 25584.75, 25643.00, 25578.50, 25629.50, 27586, 25567, 13953, 13633
2025/12/2, 20:15:00, 25629.50, 25646.75, 25586.50, 25595.50, 45832, 42283, 23458, 22374
2025/12/2, 21:15:00, 25596.25, 25607.50, 25587.50, 25603.75, 3761, 3280, 1840, 1921
2025/12/2, 22:15:00, 25611.00, 25628.75, 25610.00, 25616.25, 1306, 1156, 662, 644
2025/12/2, 23:15:00, 25614.00, 25638.25, 25611.25, 25625.00, 3035, 2766, 1476, 1559
2025/12/3, 00:15:00, 25625.00, 25642.50, 25576.00, 25638.00, 6981, 6512, 3475, 3506
2025/12/3, 01:15:00, 25638.00, 25656.50, 25627.75, 25654.75, 3786, 3533, 1718, 2068
2025/12/3, 02:15:00, 25655.00, 25673.75, 25642.25, 25650.50, 4429, 3987, 2216, 2213
2025/12/3, 03:15:00, 25651.00, 25677.00, 25651.00, 25671.00, 2747, 2552, 1295, 1452
2025/12/3, 04:15:00, 25669.50, 25675.00, 25657.25, 25672.75, 1634, 1534, 792, 842
2025/12/3, 05:15:00, 25672.50, 25678.25, 25652.50, 25658.25, 1884, 1758, 962, 922
2025/12/3, 06:15:00, 25658.00, 25668.50, 25637.50, 25667.25, 2895, 2733, 1359, 1536
2025/12/3, 07:15:00, 25668.25, 25676.75, 25643.00, 25652.00, 3517, 3338, 1843, 1674
2025/12/3, 08:15:00, 25653.25, 25667.75, 25613.25, 25631.00, 6032, 5586, 3039, 2993
2025/12/3, 09:15:00, 25631.75, 25650.75, 25613.75, 25640.75, 4976, 4548, 2539, 2437
2025/12/3, 10:15:00, 25639.50, 25646.50, 25605.25, 25622.50, 3628, 3389, 1852, 1776
2025/12/3, 11:15:00, 25623.00, 25648.25, 25614.75, 25646.25, 4115, 3848, 2014, 2101
2025/12/3, 12:15:00, 25645.75, 25676.50, 25637.25, 25676.25, 5618, 5145, 2601, 3017
2025/12/3, 13:15:00, 25676.25, 25677.75, 25639.50, 25662.00, 3445, 3179, 1824, 1621
2025/12/3, 13:30:00, 25661.25, 25671.75, 25421.50, 25495.00, 49404, 45555, 24831, 24573
2025/12/3, 14:30:00, 25495.25, 25574.50, 25430.00, 25528.50, 112207, 103910, 55781, 56426
2025/12/3, 15:30:00, 25527.25, 25605.50, 25500.50, 25566.75, 74313, 69333, 36388, 37925
2025/12/3, 16:30:00, 25566.75, 25633.50, 25530.00, 25619.75, 55927, 52146, 27839, 28088
2025/12/3, 17:30:00, 25619.75, 25638.25, 25598.25, 25626.75, 31903, 29081, 16061, 15842
2025/12/3, 18:30:00, 25627.25, 25658.00, 25622.25, 25649.00, 30532, 27866, 15074, 15458
2025/12/3, 19:30:00, 25649.25, 25682.00, 25641.25, 25678.50, 22627, 20325, 11208, 11419
2025/12/3, 20:15:00, 25678.25, 25685.25, 25640.75, 25649.00, 44754, 41245, 22873, 21881
2025/12/3, 21:15:00, 25649.00, 25654.50, 25636.00, 25645.75, 4170, 4016, 2188, 1982
2025/12/3, 22:15:00, 25650.25, 25658.75, 25633.75, 25647.25, 1673, 1514, 831, 842
2025/12/3, 23:15:00, 25647.50, 25666.00, 25641.25, 25657.00, 2541, 2358, 1244, 1297
2025/12/4, 00:15:00, 25656.75, 25663.75, 25622.00, 25655.25, 3568, 3305, 1900, 1668
2025/12/4, 01:15:00, 25654.00, 25660.50, 25622.75, 25625.25, 3358, 3125, 1807, 1551
2025/12/4, 02:15:00, 25624.75, 25657.50, 25619.25, 25642.75, 2473, 2327, 1124, 1349
2025/12/4, 03:15:00, 25641.50, 25641.50, 25613.25, 25632.75, 2598, 2439, 1459, 1139
2025/12/4, 04:15:00, 25633.25, 25648.00, 25618.50, 25646.00, 2225, 2151, 1070, 1155
2025/12/4, 05:15:00, 25646.25, 25655.25, 25628.25, 25647.25, 2146, 2034, 1065, 1081
2025/12/4, 06:15:00, 25646.50, 25669.75, 25640.25, 25653.75, 2455, 2214, 1074, 1381
2025/12/4, 07:15:00, 25653.25, 25669.75, 25626.00, 25636.00, 3287, 3015, 1747, 1540
2025/12/4, 08:15:00, 25636.00, 25652.25, 25603.25, 25635.25, 5176, 4953, 2635, 2541
2025/12/4, 09:15:00, 25635.00, 25692.50, 25611.50, 25675.00, 5911, 5276, 2729, 3182
2025/12/4, 10:15:00, 25674.50, 25681.25, 25627.00, 25639.75, 4485, 4260, 2515, 1970
2025/12/4, 11:15:00, 25638.50, 25667.50, 25626.25, 25664.75, 4193, 3917, 2047, 2146
2025/12/4, 12:15:00, 25665.75, 25674.50, 25637.25, 25638.25, 5048, 4680, 2637, 2411
2025/12/4, 13:15:00, 25639.25, 25657.50, 25635.75, 25654.75, 1012, 963, 435, 577
2025/12/4, 13:30:00, 25653.50, 25732.50, 25618.25, 25711.75, 22794, 20843, 10968, 11826
2025/12/4, 14:30:00, 25712.00, 25713.00, 25520.50, 25591.00, 114095, 106107, 57712, 56383
2025/12/4, 15:30:00, 25590.50, 25639.25, 25505.00, 25582.50, 80014, 73540, 40769, 39245
2025/12/4, 16:30:00, 25582.75, 25653.25, 25564.50, 25600.75, 54598, 51435, 27492, 27106
2025/12/4, 17:30:00, 25601.00, 25626.50, 25574.75, 25621.25, 37726, 35329, 18905, 18821
2025/12/4, 18:30:00, 25621.25, 25632.50, 25488.75, 25532.50, 49411, 46671, 25336, 24075
2025/12/4, 19:30:00, 25532.50, 25611.50, 25524.75, 25587.75, 40896, 38341, 20210, 20686
2025/12/4, 20:15:00, 25587.75, 25635.00, 25560.50, 25632.25, 49185, 45720, 24126, 25059
2025/12/4, 21:15:00, 25632.50, 25637.75, 25624.75, 25632.50, 3542, 3155, 1709, 1833
2025/12/4, 22:15:00, 25629.75, 25648.75, 25627.00, 25631.50, 1438, 1356, 652, 786
2025/12/4, 23:15:00, 25632.25, 25635.50, 25608.50, 25617.00, 2625, 2464, 1360, 1265
2025/12/5, 00:15:00, 25618.00, 25672.00, 25616.75, 25663.25, 3847, 3615, 1715, 2132
2025/12/5, 01:15:00, 25663.50, 25692.00, 25660.00, 25692.00, 3316, 3096, 1489, 1827
2025/12/5, 02:15:00, 25692.00, 25713.25, 25682.25, 25687.75, 3966, 3563, 2019, 1947
2025/12/5, 03:15:00, 25687.00, 25717.25, 25683.75, 25712.50, 2497, 2405, 1137, 1360
2025/12/5, 04:15:00, 25712.00, 25721.50, 25696.75, 25715.50, 2482, 2300, 1229, 1253
2025/12/5, 05:15:00, 25715.00, 25730.00, 25708.00, 25724.25, 2116, 1935, 1017, 1099
2025/12/5, 06:15:00, 25724.25, 25729.75, 25702.25, 25714.25, 3306, 3054, 1711, 1595
2025/12/5, 07:15:00, 25713.50, 25745.25, 25710.00, 25735.25, 4433, 3974, 2053, 2380
2025/12/5, 08:15:00, 25734.00, 25755.75, 25712.00, 25717.25, 5430, 5095, 2900, 2530
2025/12/5, 09:15:00, 25716.50, 25736.75, 25706.25, 25722.25, 3403, 3102, 1694, 1709
2025/12/5, 10:15:00, 25723.00, 25731.50, 25704.25, 25720.25, 2426, 2249, 1325, 1101
2025/12/5, 11:15:00, 25721.25, 25736.00, 25710.50, 25712.75, 3293, 3055, 1604, 1689
2025/12/5, 12:15:00, 25713.25, 25717.50, 25688.50, 25704.25, 5642, 5290, 3010, 2632
2025/12/5, 13:15:00, 25704.50, 25705.00, 25676.25, 25687.00, 2656, 2416, 1558, 1098
2025/12/5, 13:30:00, 25686.00, 25689.00, 25579.75, 25680.25, 26106, 23971, 12783, 13323
2025/12/5, 14:30:00, 25680.00, 25868.00, 25673.50, 25837.50, 107058, 98804, 53654, 53404
2025/12/5, 15:30:00, 25836.75, 25861.25, 25683.25, 25697.75, 92537, 86319, 47695, 44842
2025/12/5, 16:30:00, 25698.00, 25761.50, 25651.25, 25695.00, 60044, 56483, 30120, 29924
2025/12/5, 17:30:00, 25695.00, 25747.25, 25664.75, 25744.00, 41768, 38826, 20799, 20969
2025/12/5, 18:30:00, 25744.00, 25758.50, 25706.75, 25722.25, 32816, 30942, 16941, 15875
2025/12/5, 19:30:00, 25722.75, 25743.75, 25702.50, 25724.75, 23574, 22266, 11910, 11664
2025/12/5, 20:15:00, 25724.00, 25743.75, 25677.75, 25733.50, 47767, 44616, 24397, 23370
2025/12/5, 21:15:00, 25734.00, 25740.00, 25729.75, 25735.00, 3637, 3280, 1730, 1907
2025/12/7, 22:15:00, 25750.00, 25770.00, 25719.50, 25729.75, 2366, 2049, 1142, 1224
2025/12/7, 23:15:00, 25728.25, 25756.50, 25700.25, 25714.00, 4457, 4180, 2306, 2151
2025/12/8, 00:15:00, 25712.75, 25765.00, 25710.25, 25747.50, 4115, 3741, 1880, 2235
2025/12/8, 01:15:00, 25746.50, 25773.50, 25743.00, 25769.25, 3000, 2731, 1320, 1680
2025/12/8, 02:15:00, 25769.75, 25787.00, 25769.50, 25786.50, 3284, 2910, 1519, 1765
2025/12/8, 03:15:00, 25785.75, 25797.75, 25780.50, 25796.75, 2371, 2150, 1095, 1276
2025/12/8, 04:15:00, 25796.50, 25803.25, 25791.00, 25798.00, 1721, 1557, 843, 878
2025/12/8, 05:15:00, 25798.75, 25807.25, 25785.50, 25806.75, 2111, 1933, 996, 1115
2025/12/8, 06:15:00, 25806.75, 25811.50, 25775.25, 25793.00, 3008, 2703, 1550, 1458
2025/12/8, 07:15:00, 25794.50, 25821.25, 25788.25, 25791.00, 4154, 3728, 2020, 2134
2025/12/8, 08:15:00, 25791.75, 25804.00, 25768.25, 25790.25, 4336, 4044, 2210, 2126
2025/12/8, 09:15:00, 25788.75, 25798.00, 25762.50, 25776.50, 3997, 3569, 2142, 1855
2025/12/8, 10:15:00, 25777.25, 25799.00, 25767.00, 25794.50, 3478, 2946, 1564, 1914
2025/12/8, 11:15:00, 25793.25, 25797.75, 25764.75, 25782.25, 3699, 3392, 1902, 1797
2025/12/8, 12:15:00, 25781.75, 25815.00, 25780.75, 25812.75, 4061, 3720, 1957, 2104
2025/12/8, 13:15:00, 25813.25, 25833.00, 25798.75, 25808.25, 4079, 3821, 1977, 2102
2025/12/8, 13:30:00, 25808.75, 25824.00, 25782.00, 25791.75, 13733, 12622, 6762, 6971
2025/12/8, 14:30:00, 25791.00, 25860.75, 25657.00, 25700.50, 101863, 93113, 51334, 50529
2025/12/8, 15:30:00, 25700.25, 25723.75, 25626.25, 25662.00, 63244, 58460, 32309, 30935
2025/12/8, 16:30:00, 25661.75, 25670.25, 25593.75, 25617.00, 46032, 42459, 23798, 22234
2025/12/8, 17:30:00, 25617.50, 25696.25, 25612.00, 25629.75, 55118, 50797, 27458, 27660
2025/12/8, 18:30:00, 25629.25, 25641.75, 25564.75, 25598.25, 45669, 42088, 23347, 22322
2025/12/8, 19:30:00, 25598.00, 25622.25, 25582.50, 25602.75, 24433, 22365, 12461, 11972
2025/12/8, 20:15:00, 25603.25, 25674.75, 25590.00, 25661.00, 50565, 46744, 25415, 25150
2025/12/8, 21:15:00, 25661.00, 25707.50, 25656.50, 25706.75, 12151, 11127, 5547, 6604
2025/12/8, 22:15:00, 25713.00, 25724.75, 25698.00, 25700.50, 2844, 2643, 1482, 1362
2025/12/8, 23:15:00, 25701.25, 25728.50, 25692.00, 25720.00, 3808, 3377, 1864, 1944
2025/12/9, 00:15:00, 25719.50, 25725.75, 25703.00, 25725.00, 3935, 3535, 2028, 1907
2025/12/9, 01:15:00, 25724.25, 25729.50, 25675.25, 25692.25, 4615, 4403, 2496, 2119
2025/12/9, 02:15:00, 25692.75, 25708.50, 25684.50, 25694.00, 2530, 2422, 1218, 1312
2025/12/9, 03:15:00, 25693.25, 25702.25, 25685.50, 25692.25, 2364, 2244, 1218, 1146
2025/12/9, 04:15:00, 25692.25, 25697.00, 25670.50, 25675.75, 2188, 2022, 1223, 965
2025/12/9, 05:15:00, 25675.25, 25679.25, 25647.50, 25656.50, 2492, 2286, 1331, 1161
2025/12/9, 06:15:00, 25655.75, 25695.00, 25646.75, 25687.75, 2785, 2633, 1274, 1511
2025/12/9, 07:15:00, 25686.75, 25706.25, 25676.25, 25700.00, 2582, 2376, 1247, 1335
2025/12/9, 08:15:00, 25702.00, 25712.50, 25672.75, 25680.25, 3670, 3465, 1823, 1847
2025/12/9, 09:15:00, 25680.75, 25682.75, 25650.00, 25670.75, 3067, 2846, 1578, 1489
2025/12/9, 10:15:00, 25671.50, 25692.50, 25601.00, 25645.25, 10405, 9405, 5456, 4949
2025/12/9, 11:15:00, 25645.75, 25681.75, 25630.75, 25666.50, 4538, 3952, 2180, 2358
2025/12/9, 12:15:00, 25667.00, 25672.50, 25645.50, 25656.00, 4170, 3611, 2086, 2084
2025/12/9, 13:15:00, 25656.00, 25658.50, 25637.50, 25650.00, 1782, 1614, 947, 835
2025/12/9, 13:30:00, 25649.00, 25651.50, 25588.50, 25618.00, 14591, 13349, 7494, 7097
2025/12/9, 14:30:00, 25618.50, 25670.00, 25560.00, 25656.75, 91214, 84726, 45956, 45258
2025/12/9, 15:30:00, 25656.75, 25709.75, 25635.50, 25690.00, 53755, 50128, 26645, 27110
2025/12/9, 16:30:00, 25690.25, 25733.00, 25668.25, 25707.25, 48943, 45751, 24878, 24065
2025/12/9, 17:30:00, 25707.75, 25732.25, 25689.25, 25725.75, 35070, 32620, 17432, 17638
2025/12/9, 18:30:00, 25726.25, 25735.75, 25690.75, 25711.00, 38360, 34952, 20391, 17969
2025/12/9, 19:30:00, 25711.00, 25717.00, 25683.00, 25701.25, 19468, 18383, 10083, 9385
2025/12/9, 20:15:00, 25701.00, 25722.00, 25681.50, 25684.50, 38206, 35308, 19670, 18536
2025/12/9, 21:15:00, 25684.25, 25686.25, 25674.75, 25676.25, 3579, 3345, 1890, 1689
2025/12/9, 22:15:00, 25680.00, 25691.50, 25673.75, 25676.75, 1338, 1159, 677, 661
2025/12/9, 23:15:00, 25677.75, 25693.75, 25668.50, 25686.75, 2895, 2685, 1365, 1530
2025/12/10, 00:15:00, 25685.00, 25686.00, 25639.25, 25650.25, 4069, 3784, 2323, 1746
2025/12/10, 01:15:00, 25650.25, 25663.75, 25643.75, 25661.00, 3184, 2735, 1335, 1849
2025/12/10, 02:15:00, 25661.25, 25686.50, 25657.75, 25676.75, 2239, 2097, 967, 1272
2025/12/10, 03:15:00, 25677.25, 25685.50, 25662.75, 25681.75, 1934, 1798, 948, 986
2025/12/10, 04:15:00, 25682.25, 25710.00, 25668.25, 25674.00, 2829, 2644, 1336, 1493
2025/12/10, 05:15:00, 25673.50, 25707.75, 25673.50, 25704.50, 2209, 2094, 931, 1278
2025/12/10, 06:15:00, 25704.50, 25713.25, 25697.25, 25706.00, 1890, 1801, 870, 1020
2025/12/10, 07:15:00, 25705.00, 25745.75, 25704.50, 25735.00, 3850, 3393, 1710, 2140
2025/12/10, 08:15:00, 25733.00, 25743.25, 25705.25, 25718.75, 3981, 3700, 2034, 1947
2025/12/10, 09:15:00, 25718.50, 25734.00, 25696.75, 25704.00, 4158, 3951, 2100, 2058
2025/12/10, 10:15:00, 25703.25, 25707.75, 25616.00, 25672.75, 10629, 9792, 5392, 5237
2025/12/10, 11:15:00, 25672.00, 25677.25, 25632.00, 25641.50, 4145, 3935, 2155, 1990
2025/12/10, 12:15:00, 25643.00, 25666.50, 25627.25, 25665.25, 4153, 3907, 1929, 2224
2025/12/10, 13:15:00, 25664.75, 25715.50, 25662.50, 25708.75, 3814, 3407, 1708, 2106
2025/12/10, 13:30:00, 25709.00, 25720.00, 25639.50, 25647.25, 13593, 12820, 7008, 6585
2025/12/10, 14:30:00, 25647.25, 25672.25, 25567.00, 25635.75, 92337, 86893, 46083, 46254
2025/12/10, 15:30:00, 25635.50, 25651.25, 25528.75, 25647.75, 75133, 70136, 37094, 38039
2025/12/10, 16:30:00, 25647.25, 25658.25, 25610.00, 25623.75, 36121, 33808, 18296, 17825
2025/12/10, 17:30:00, 25623.00, 25682.25, 25596.00, 25607.00, 31965, 29528, 16266, 15699
2025/12/10, 18:30:00, 25606.75, 25741.00, 25595.00, 25668.00, 66721, 61275, 33801, 32920
2025/12/10, 19:30:00, 25668.25, 25863.00, 25611.00, 25858.00, 97172, 89285, 48418, 48754
2025/12/10, 20:15:00, 25858.50, 25870.75, 25758.75, 25788.25, 61476, 56643, 30899, 30577
2025/12/10, 21:15:00, 25787.50, 25811.25, 25778.00, 25800.50, 6274, 5789, 2982, 3292
2025/12/10, 22:15:00, 25769.50, 25796.00, 25736.50, 25747.25, 2465, 2208, 1414, 1051
2025/12/10, 23:15:00, 25746.00, 25747.50, 25710.00, 25724.25, 4269, 3836, 2182, 2087
2025/12/11, 00:15:00, 25724.25, 25734.00, 25659.50, 25671.00, 5591, 5126, 2977, 2614
2025/12/11, 01:15:00, 25672.25, 25682.00, 25622.75, 25636.25, 5262, 4715, 2736, 2526
2025/12/11, 02:15:00, 25635.00, 25641.50, 25383.00, 25433.00, 19293, 17930, 10226, 9067
2025/12/11, 03:15:00, 25433.00, 25534.00, 25427.75, 25517.75, 11339, 10468, 5393, 5946
2025/12/11, 04:15:00, 25516.75, 25525.75, 25490.50, 25495.00, 4993, 4607, 2552, 2441
2025/12/11, 05:15:00, 25495.75, 25523.50, 25483.50, 25508.00, 3763, 3482, 1946, 1817
2025/12/11, 06:15:00, 25507.25, 25514.75, 25470.75, 25504.75, 4358, 4031, 2207, 2151
2025/12/11, 07:15:00, 25504.75, 25543.00, 25477.25, 25494.75, 6330, 5844, 3088, 3242
2025/12/11, 08:15:00, 25495.00, 25573.00, 25474.25, 25569.25, 8227, 7644, 3800, 4427
2025/12/11, 09:15:00, 25570.00, 25623.75, 25559.50, 25610.75, 7583, 6818, 3623, 3960
2025/12/11, 10:15:00, 25611.00, 25616.50, 25588.75, 25607.00, 3858, 3598, 1877, 1981
2025/12/11, 11:15:00, 25607.00, 25647.00, 25595.00, 25642.75, 5239, 4698, 2455, 2784
2025/12/11, 12:15:00, 25643.00, 25701.00, 25641.25, 25675.75, 11121, 9921, 5385, 5736
2025/12/11, 13:15:00, 25675.75, 25684.50, 25667.75, 25672.75, 1348, 1269, 688, 660
2025/12/11, 13:30:00, 25673.50, 25687.00, 25632.00, 25642.75, 15812, 14679, 7731, 8081
2025/12/11, 14:30:00, 25643.50, 25650.25, 25390.25, 25599.00, 166628, 153915, 81982, 84646
2025/12/11, 15:30:00, 25599.50, 25610.50, 25455.50, 25467.00, 89163, 83594, 44730, 44433
2025/12/11, 16:30:00, 25467.00, 25637.00, 25464.00, 25604.00, 68036, 63465, 32780, 35256
2025/12/11, 17:30:00, 25604.25, 25647.50, 25579.00, 25623.00, 43311, 39806, 21671, 21640
2025/12/11, 18:30:00, 25623.00, 25702.25, 25612.00, 25698.25, 39629, 36642, 19300, 20329
2025/12/11, 19:30:00, 25698.00, 25722.75, 25688.00, 25692.00, 23229, 21429, 11785, 11444
2025/12/11, 20:15:00, 25691.75, 25748.50, 25660.50, 25744.00, 47270, 42786, 24120, 23150
2025/12/11, 21:15:00, 25744.25, 25861.50, 25744.25, 25834.75, 14586, 12963, 6406, 8180
2025/12/11, 22:15:00, 25701.00, 25733.25, 25653.00, 25661.25, 4575, 4019, 2610, 1965
2025/12/11, 23:15:00, 25661.50, 25694.00, 25640.75, 25653.75, 5944, 5344, 3059, 2885
2025/12/12, 00:15:00, 25652.75, 25686.25, 25642.50, 25657.50, 4487, 3969, 2224, 2263
2025/12/12, 01:15:00, 25658.50, 25702.50, 25656.75, 25698.75, 3132, 2765, 1329, 1803
2025/12/12, 02:15:00, 25697.75, 25703.75, 25679.75, 25684.00, 2137, 1886, 1091, 1046
2025/12/12, 03:15:00, 25682.75, 25684.00, 25657.00, 25661.75, 2234, 1989, 1273, 961
2025/12/12, 04:15:00, 25661.25, 25673.00, 25653.75, 25663.00, 2619, 2131, 1124, 1495
2025/12/12, 05:15:00, 25663.00, 25699.25, 25663.00, 25693.50, 2236, 1962, 1020, 1216
2025/12/12, 06:15:00, 25693.25, 25704.25, 25669.00, 25671.00, 2718, 2211, 1382, 1336
2025/12/12, 07:15:00, 25671.25, 25682.75, 25652.25, 25678.25, 3495, 3037, 1745, 1750
2025/12/12, 08:15:00, 25677.75, 25682.00, 25613.25, 25638.75, 4618, 4251, 2392, 2226
2025/12/12, 09:15:00, 25638.75, 25643.00, 25562.00, 25617.50, 7716, 6950, 3884, 3832
2025/12/12, 10:15:00, 25619.50, 25619.75, 25564.00, 25577.50, 4370, 4086, 2247, 2123
2025/12/12, 11:15:00, 25578.25, 25588.50, 25532.50, 25570.00, 6284, 5837, 3106, 3178
2025/12/12, 12:15:00, 25570.00, 25598.50, 25550.75, 25588.00, 7690, 7180, 3579, 4111
2025/12/12, 13:15:00, 25588.50, 25600.00, 25582.25, 25588.25, 1498, 1374, 744, 754
2025/12/12, 13:30:00, 25588.50, 25632.25, 25556.75, 25559.50, 16351, 14888, 8322, 8029
2025/12/12, 14:30:00, 25560.25, 25619.50, 25315.00, 25320.25, 154543, 142445, 79312, 75231
2025/12/12, 15:30:00, 25319.50, 25402.00, 25134.00, 25224.25, 147335, 135609, 74111, 73224
2025/12/12, 16:30:00, 25224.75, 25299.75, 25118.00, 25222.75, 80875, 74337, 40343, 40532
2025/12/12, 17:30:00, 25222.00, 25372.50, 25192.75, 25339.75, 63507, 58193, 31437, 32070
2025/12/12, 18:30:00, 25339.50, 25344.50, 25215.25, 25227.00, 47746, 42929, 24850, 22896
2025/12/12, 19:30:00, 25227.50, 25266.00, 25223.75, 25224.50, 31835, 28979, 16194, 15641
2025/12/12, 20:15:00, 25224.00, 25241.00, 25145.50, 25216.50, 73843, 67046, 37944, 35899
2025/12/12, 21:15:00, 25217.00, 25221.00, 25199.50, 25202.50, 6246, 5659, 2944, 3302
2025/12/14, 22:15:00, 25223.50, 25245.25, 25132.50, 25154.00, 3846, 3169, 2269, 1577
2025/12/14, 23:15:00, 25154.00, 25213.50, 25145.75, 25206.00, 3756, 3385, 1692, 2064
2025/12/15, 00:15:00, 25206.75, 25242.00, 25190.00, 25234.00, 3566, 3176, 1712, 1854
2025/12/15, 01:15:00, 25233.75, 25273.50, 25226.50, 25268.00, 3504, 3019, 1499, 2005
2025/12/15, 02:15:00, 25268.00, 25284.25, 25250.00, 25256.25, 3184, 2620, 1665, 1519
2025/12/15, 03:15:00, 25256.00, 25260.75, 25237.75, 25238.50, 1574, 1454, 807, 767
2025/12/15, 04:15:00, 25238.50, 25275.00, 25233.25, 25269.25, 1909, 1653, 769, 1140
2025/12/15, 05:15:00, 25267.00, 25282.50, 25249.25, 25256.00, 1429, 1343, 768, 661
2025/12/15, 06:15:00, 25261.25, 25282.25, 25252.00, 25258.25, 1725, 1553, 835, 890
2025/12/15, 07:15:00, 25257.50, 25266.25, 25230.25, 25235.50, 2488, 2342, 1374, 1114
2025/12/15, 08:15:00, 25236.25, 25313.00, 25231.00, 25310.25, 2716, 2494, 1230, 1486
2025/12/15, 09:15:00, 25310.50, 25333.50, 25298.50, 25332.25, 2174, 1904, 1033, 1141
2025/12/15, 10:15:00, 25332.00, 25346.00, 25324.00, 25333.25, 2211, 1624, 972, 1239
2025/12/15, 11:15:00, 25334.75, 25357.50, 25324.00, 25330.50, 2385, 2072, 1238, 1147
2025/12/15, 12:15:00, 25329.75, 25361.50, 25325.50, 25354.00, 2915, 2397, 1260, 1655
2025/12/15, 13:15:00, 25354.25, 25356.25, 25336.25, 25348.00, 796, 753, 396, 400
2025/12/15, 13:30:00, 25350.75, 25409.50, 25348.00, 25408.50, 10218, 8329, 4758, 5460
2025/12/15, 14:30:00, 25408.00, 25410.00, 25033.25, 25068.25, 62874, 56717, 33425, 29449
2025/12/15, 15:30:00, 25068.75, 25266.75, 25055.00, 25254.00, 35808, 31942, 17994, 17814
2025/12/15, 16:30:00, 25255.25, 25260.75, 25119.00, 25149.75, 23320, 21165, 12108, 11212
2025/12/15, 17:30:00, 25149.50, 25187.75, 25084.25, 25098.00, 19495, 17690, 9958, 9537
2025/12/15, 18:30:00, 25098.75, 25181.50, 25080.25, 25136.00, 16394, 14743, 8213, 8181
2025/12/15, 19:30:00, 25137.00, 25157.25, 25106.25, 25136.00, 10558, 9520, 5349, 5209
2025/12/15, 20:15:00, 25136.50, 25150.75, 25077.00, 25097.75, 21618, 18665, 11029, 10589
2025/12/15, 21:15:00, 25098.25, 25103.25, 25085.75, 25101.50, 1519, 1262, 770, 749
2025/12/15, 22:15:00, 25101.25, 25122.00, 25101.25, 25110.75, 473, 445, 177, 296
2025/12/15, 23:15:00, 25110.50, 25117.25, 25010.50, 25019.25, 2131, 1946, 1058, 1073
2025/12/16, 00:15:00, 25016.75, 25046.50, 24982.50, 24999.25, 2221, 1970, 1139, 1082
2025/12/16, 01:15:00, 25000.00, 25011.25, 24864.75, 24916.75, 3976, 3504, 1961, 2015
2025/12/16, 02:15:00, 24919.00, 24937.00, 24881.00, 24889.25, 2028, 1805, 1091, 937
2025/12/16, 03:15:00, 24889.50, 24921.75, 24855.75, 24889.75, 1687, 1466, 818, 869
2025/12/16, 04:15:00, 24889.00, 24927.50, 24885.00, 24896.75, 814, 687, 428, 386
2025/12/16, 05:15:00, 24897.25, 24909.00, 24857.75, 24882.00, 920, 833, 470, 450
2025/12/16, 06:15:00, 24882.25, 24899.00, 24861.50, 24878.00, 734, 614, 318, 416
2025/12/16, 07:15:00, 24878.00, 24918.75, 24828.00, 24910.50, 1777, 1497, 898, 879
2025/12/16, 08:15:00, 24912.25, 24984.00, 24901.75, 24984.00, 1953, 1556, 939, 1014
2025/12/16, 09:15:00, 24981.50, 24984.25, 24919.50, 24965.00, 1396, 1157, 706, 690
2025/12/16, 10:15:00, 24966.00, 25025.25, 24966.00, 24996.50, 1114, 924, 537, 577
2025/12/16, 11:15:00, 25001.00, 25065.75, 24988.75, 25062.00, 1361, 1130, 556, 805
2025/12/16, 12:15:00, 25062.00, 25075.00, 25015.25, 25036.50, 1578, 1389, 781, 797
2025/12/16, 13:15:00, 25034.75, 25069.50, 25014.75, 25065.00, 673, 576, 267, 406
2025/12/16, 13:30:00, 25069.75, 25135.25, 24980.00, 24988.00, 6726, 5744, 3398, 3328
2025/12/16, 14:30:00, 24989.25, 25164.50, 24937.25, 24999.50, 26158, 23065, 13875, 12283
2025/12/16, 15:30:00, 24999.25, 25100.75, 24953.00, 24991.75, 12756, 11284, 6526, 6230
2025/12/16, 16:30:00, 24990.00, 25111.25, 24972.50, 25030.50, 10651, 9489, 5261, 5390
2025/12/16, 17:30:00, 25029.75, 25077.00, 24933.00, 24961.75, 8682, 7726, 4563, 4119
2025/12/16, 18:30:00, 24963.50, 25105.50, 24963.50, 25042.25, 9900, 7551, 4963, 4937
2025/12/16, 19:30:00, 25040.50, 25128.50, 25033.75, 25094.75, 3745, 3351, 1998, 1747
2025/12/16, 20:15:00, 25095.25, 25202.50, 25090.50, 25104.50, 11056, 8925, 5466, 5590
2025/12/16, 21:15:00, 25105.50, 25105.75, 25069.25, 25084.75, 1104, 936, 544, 560
2025/12/16, 22:15:00, 25091.75, 25114.00, 25059.00, 25078.25, 247, 232, 128, 119
2025/12/16, 23:15:00, 25081.25, 25120.25, 25026.25, 25047.75, 667, 609, 359, 308
2025/12/17, 00:15:00, 25052.25, 25110.75, 25039.50, 25097.00, 651, 612, 298, 353
2025/12/17, 01:15:00, 25101.75, 25117.25, 25070.00, 25097.00, 744, 711, 365, 379
2025/12/17, 02:15:00, 25098.75, 25133.25, 25089.25, 25127.25, 898, 844, 501, 397
2025/12/17, 03:15:00, 25128.25, 25139.00, 25100.75, 25120.00, 536, 520, 339, 197
2025/12/17, 04:15:00, 25117.25, 25119.75, 25055.00, 25080.00, 452, 416, 227, 225
2025/12/17, 05:15:00, 25080.25, 25159.50, 25061.25, 25157.75, 799, 662, 390, 409
2025/12/17, 06:15:00, 25161.00, 25192.25, 25142.75, 25186.25, 522, 450, 262, 260
2025/12/17, 07:15:00, 25182.25, 25189.00, 25149.75, 25161.75, 515, 453, 248, 267
2025/12/17, 08:15:00, 25170.00, 25195.25, 25153.75, 25179.50, 449, 414, 196, 253
2025/12/17, 09:15:00, 25183.75, 25240.50, 25182.00, 25234.50, 652, 488, 183, 469
2025/12/17, 10:15:00, 25231.00, 25255.50, 25221.00, 25231.75, 625, 509, 275, 350
2025/12/17, 11:15:00, 25230.50, 25257.50, 25224.25, 25254.75, 588, 467, 311, 277
2025/12/17, 12:15:00, 25254.50, 25266.00, 25199.75, 25214.75, 715, 543, 359, 356
2025/12/17, 13:15:00, 25212.50, 25232.75, 25152.00, 25202.75, 1228, 980, 599, 629
2025/12/17, 13:30:00, 25200.75, 25251.00, 25175.00, 25180.50, 1664, 1504, 795, 869
2025/12/17, 14:30:00, 25182.00, 25205.00, 25011.50, 25085.75, 13700, 12558, 6670, 7030
2025/12/17, 15:30:00, 25084.00, 25097.75, 24780.75, 24841.50, 12236, 11134, 6464, 5772
2025/12/17, 16:30:00, 24837.75, 24851.00, 24756.25, 24813.75, 11165, 10199, 5832, 5333
2025/12/17, 17:30:00, 24816.50, 24856.00, 24757.50, 24785.25, 5790, 5428, 2854, 2936
2025/12/17, 18:30:00, 24781.25, 24789.00, 24705.75, 24716.25, 3884, 3446, 1796, 2088
2025/12/17, 19:30:00, 24713.75, 24759.00, 24695.75, 24728.50, 2239, 2054, 863, 1376
2025/12/17, 20:15:00, 24726.75, 24763.50, 24654.50, 24760.25, 10629, 9533, 5998, 4631
2025/12/17, 21:15:00, 24759.75, 24760.25, 24708.50, 24735.00, 911, 820, 510, 401
2025/12/17, 22:15:00, 24744.00, 24768.00, 24728.50, 24734.25, 164, 149, 67, 97
2025/12/17, 23:15:00, 24734.50, 24748.75, 24675.50, 24714.50, 600, 591, 308, 292
2025/12/18, 00:15:00, 24717.75, 24768.75, 24711.00, 24746.50, 721, 704, 331, 390
2025/12/18, 01:15:00, 24746.00, 24777.00, 24722.75, 24752.00, 668, 635, 320, 348
2025/12/18, 02:15:00, 24752.75, 24783.25, 24695.25, 24699.75, 505, 481, 266, 239
2025/12/18, 03:15:00, 24699.25, 24740.75, 24677.00, 24715.50, 560, 538, 276, 284
2025/12/18, 04:15:00, 24720.00, 24765.75, 24720.00, 24762.00, 218, 196, 90, 128
2025/12/18, 05:15:00, 24756.75, 24763.00, 24736.00, 24756.75, 228, 202, 89, 139
2025/12/18, 06:15:00, 24752.50, 24797.75, 24726.25, 24787.75, 366, 307, 154, 212
2025/12/18, 07:15:00, 24792.00, 24811.25, 24786.00, 24799.50, 461, 403, 225, 236
2025/12/18, 08:15:00, 24799.25, 24844.50, 24780.75, 24822.00, 476, 427, 244, 232
2025/12/18, 09:15:00, 24817.00, 24870.75, 24804.50, 24848.25, 337, 308, 221, 116
2025/12/18, 10:15:00, 24846.75, 24871.25, 24841.00, 24863.50, 189, 165, 101, 88
2025/12/18, 11:15:00, 24868.25, 24886.00, 24849.00, 24869.50, 292, 268, 167, 125
2025/12/18, 12:15:00, 24871.25, 24884.00, 24837.25, 24881.50, 635, 511, 368, 267
2025/12/18, 13:15:00, 24877.00, 24890.00, 24871.00, 24876.25, 202, 186, 125, 77
2025/12/18, 13:30:00, 24881.50, 25052.50, 24876.50, 25047.25, 3363, 2808, 1591, 1772
2025/12/18, 14:30:00, 25048.00, 25103.25, 24929.50, 25087.75, 14343, 13546, 6899, 7444
2025/12/18, 15:30:00, 25091.00, 25178.00, 25075.50, 25119.50, 6575, 6131, 3016, 3559
2025/12/18, 16:30:00, 25120.00, 25176.25, 24953.00, 24997.25, 8819, 7897, 4843, 3976
2025/12/18, 17:30:00, 24997.50, 25138.75, 24984.00, 25129.25, 5095, 4883, 2504, 2591
2025/12/18, 18:30:00, 25130.25, 25168.00, 25024.75, 25044.75, 5128, 4660, 2618, 2510
2025/12/18, 19:30:00, 25045.50, 25055.50, 24960.75, 25054.50, 3960, 3706, 1977, 1983
2025/12/18, 20:15:00, 25053.50, 25107.00, 24974.00, 24976.25, 5973, 5313, 3170, 2803
2025/12/18, 21:15:00, 24975.50, 24991.25, 24964.75, 24976.00, 340, 263, 164, 176
2025/12/18, 22:15:00, 25002.50, 25014.25, 24977.50, 25000.75, 59, 56, 21, 38
2025/12/18, 23:15:00, 25001.00, 25032.50, 24983.75, 25003.25, 221, 179, 82, 139
2025/12/19, 00:15:00, 25006.25, 25013.00, 24982.25, 25001.75, 198, 169, 98, 100
2025/12/19, 01:15:00, 25006.00, 25044.25, 24983.75, 25044.25, 181, 150, 84, 97
2025/12/19, 02:15:00, 25040.25, 25049.00, 25011.25, 25035.00, 86, 79, 35, 51
2025/12/19, 03:15:00, 25012.50, 25083.25, 25012.25, 25081.50, 145, 112, 47, 98
2025/12/19, 04:15:00, 25075.25, 25075.50, 25052.75, 25054.25, 96, 76, 27, 69
2025/12/19, 05:15:00, 25046.75, 25075.75, 25045.25, 25050.00, 63, 46, 49, 14
2025/12/19, 06:15:00, 25050.00, 25133.75, 25032.25, 25130.25, 208, 162, 39, 169
2025/12/19, 07:15:00, 25132.00, 25141.25, 25090.00, 25127.50, 221, 157, 153, 68
2025/12/19, 08:15:00, 25133.50, 25153.25, 25110.00, 25130.25, 148, 125, 52, 96
2025/12/19, 09:15:00, 25133.25, 25160.00, 25125.00, 25140.00, 122, 96, 64, 58
2025/12/19, 10:15:00, 25149.00, 25152.25, 25090.25, 25112.75, 107, 89, 54, 53
2025/12/19, 11:15:00, 25108.25, 25133.50, 25083.00, 25097.75, 162, 140, 93, 69
2025/12/19, 12:15:00, 25102.25, 25110.00, 25045.50, 25070.00, 193, 187, 89, 104
2025/12/19, 13:15:00, 25069.00, 25082.75, 25069.00, 25075.50, 15, 15, 10, 5
2025/12/19, 13:30:00, 25080.25, 25143.25, 25066.00, 25135.75, 395, 376, 160, 235
