Date, Time, Open, High, Low, Last, Volume, OpenInterest
2022/5/23, 00:00:00, 12750.00, 12750.00, 12750.00, 12750.00, 661541, 251914
2022/5/24, 00:00:00, 12482.00, 12482.00, 12482.00, 12482.00, 719103, 255244
2022/5/25, 00:00:00, 12654.00, 12654.00, 12654.00, 12654.00, 672489, 252734
2022/5/26, 00:00:00, 12994.00, 12994.00, 12994.00, 12994.00, 613899, 258734
2022/5/27, 00:00:00, 13544.00, 13544.00, 13544.00, 13544.00, 621680, 265825
2022/5/31, 00:00:00, 13514.00, 13514.00, 13514.00, 13514.00, 834860, 263080
2022/6/1, 00:00:00, 13474.00, 13474.00, 13474.00, 13474.00, 685500, 265778
2022/6/2, 00:00:00, 13816.00, 13816.00, 13816.00, 13816.00, 622331, 267389
2022/6/3, 00:00:00, 13600.00, 13600.00, 13600.00, 13600.00, 655494, 269517
2022/6/6, 00:00:00, 13705.00, 13705.00, 13705.00, 13705.00, 541608, 267182
2022/6/7, 00:00:00, 13813.00, 13813.00, 13813.00, 13813.00, 585631, 268293
2022/6/8, 00:00:00, 13715.00, 13715.00, 13715.00, 13715.00, 595447, 269294
2022/6/9, 00:00:00, 13374.00, 13374.00, 13374.00, 13374.00, 751226, 277684
2022/6/10, 00:00:00, 12939.00, 12939.00, 12939.00, 12939.00, 998619, 288072
2022/6/13, 00:00:00, 12509.00, 12509.00, 12509.00, 12509.00, 1268064, 304352
2022/6/14, 00:00:00, 12535.00, 12535.00, 12535.00, 12535.00, 1068690, 302267
2022/6/15, 00:00:00, 12757.00, 12757.00, 12757.00, 12757.00, 1012092, 296461
2022/6/16, 00:00:00, 12286.00, 12286.00, 12286.00, 12286.00, 979051, 298916
2022/6/17, 00:00:00, 12450.00, 12450.00, 12450.00, 12450.00, 732884, 235100
2022/6/21, 00:00:00, 12068.00, 12068.00, 12068.00, 12068.00, 657866, 236624
2022/6/22, 00:00:00, 12719.00, 12719.00, 12719.00, 12719.00, 639520, 245181
2022/6/23, 00:00:00, 12729.00, 12729.00, 12729.00, 12729.00, 630825, 246302
2022/6/24, 00:00:00, 13132.00, 13132.00, 13132.00, 13132.00, 563995, 239475
2022/6/27, 00:00:00, 13134.00, 13134.00, 13134.00, 13134.00, 566457, 242126
2022/6/28, 00:00:00, 12806.00, 12806.00, 12806.00, 12806.00, 635353, 248045
2022/6/29, 00:00:00, 12771.00, 12771.00, 12771.00, 12771.00, 591062, 250776
2022/6/30, 00:00:00, 12506.00, 12506.00, 12506.00, 12506.00, 739085, 254509
2022/7/1, 00:00:00, 12597.00, 12597.00, 12597.00, 12597.00, 605977, 257658
2022/7/5, 00:00:00, 12653.50, 12653.50, 12653.50, 12653.50, 791659, 259449
2022/7/6, 00:00:00, 12737.00, 12737.00, 12737.00, 12737.00, 650683, 251547
2022/7/7, 00:00:00, 13013.50, 13013.50, 13013.50, 13013.50, 551062, 254190
2022/7/8, 00:00:00, 13038.00, 13038.00, 13038.00, 13038.00, 641298, 251177
2022/7/11, 00:00:00, 12766.00, 12766.00, 12766.00, 12766.00, 578686, 254936
2022/7/12, 00:00:00, 12658.00, 12658.00, 12658.00, 12658.00, 608407, 254260
2022/7/13, 00:00:00, 12648.00, 12648.00, 12648.00, 12648.00, 733038, 254892
2022/7/14, 00:00:00, 12681.00, 12681.00, 12681.00, 12681.00, 655162, 256566
2022/7/15, 00:00:00, 12950.00, 12950.00, 12950.00, 12950.00, 561716, 255246
2022/7/18, 00:00:00, 12910.00, 12910.00, 12910.00, 12910.00, 554404, 252666
2022/7/19, 00:00:00, 13277.00, 13277.00, 13277.00, 13277.00, 586231, 256388
2022/7/20, 00:00:00, 13468.00, 13468.00, 13468.00, 13468.00, 644304, 263270
2022/7/21, 00:00:00, 13643.00, 13643.00, 13643.00, 13643.00, 605822, 264256
2022/7/22, 00:00:00, 13424.00, 13424.00, 13424.00, 13424.00, 635246, 262945
2022/7/25, 00:00:00, 13352.00, 13352.00, 13352.00, 13352.00, 491924, 265766
2022/7/26, 00:00:00, 13014.50, 13014.50, 13014.50, 13014.50, 536743, 267158
2022/7/27, 00:00:00, 13524.00, 13524.00, 13524.00, 13524.00, 636019, 258021
2022/7/28, 00:00:00, 13642.00, 13642.00, 13642.00, 13642.00, 645919, 262511
2022/7/29, 00:00:00, 13894.50, 13894.50, 13894.50, 13894.50, 593359, 260662
2022/8/1, 00:00:00, 13885.00, 13885.00, 13885.00, 13885.00, 623157, 263373
2022/8/2, 00:00:00, 13852.00, 13852.00, 13852.00, 13852.00, 675240, 262325
2022/8/3, 00:00:00, 14262.00, 14262.00, 14262.00, 14262.00, 690897, 262902
2022/8/4, 00:00:00, 14317.00, 14317.00, 14317.00, 14317.00, 543057, 264437
2022/8/5, 00:00:00, 14317.00, 14317.00, 14317.00, 14317.00, 688231, 259041
2022/8/8, 00:00:00, 14272.00, 14272.00, 14272.00, 14272.00, 597601, 258057
2022/8/9, 00:00:00, 14120.00, 14120.00, 14120.00, 14120.00, 555226, 258784
2022/8/10, 00:00:00, 14480.00, 14480.00, 14480.00, 14480.00, 602923, 263785
2022/8/11, 00:00:00, 14409.00, 14409.00, 14409.00, 14409.00, 615934, 263065
2022/8/12, 00:00:00, 14675.00, 14675.00, 14675.00, 14675.00, 501270, 269276
2022/8/15, 00:00:00, 14778.00, 14778.00, 14778.00, 14778.00, 464466, 270947
2022/8/16, 00:00:00, 14788.00, 14788.00, 14788.00, 14788.00, 556637, 267796
2022/8/17, 00:00:00, 14643.00, 14643.00, 14643.00, 14643.00, 611606, 260553
2022/8/18, 00:00:00, 14669.00, 14669.00, 14669.00, 14669.00, 531285, 258478
2022/8/19, 00:00:00, 14414.00, 14414.00, 14414.00, 14414.00, 619528, 253518
2022/8/22, 00:00:00, 14052.00, 14052.00, 14052.00, 14052.00, 601090, 258642
2022/8/23, 00:00:00, 14037.00, 14037.00, 14037.00, 14037.00, 571180, 262158
2022/8/24, 00:00:00, 14072.00, 14072.00, 14072.00, 14072.00, 503681, 262498
2022/8/25, 00:00:00, 14298.00, 14298.00, 14298.00, 14298.00, 544868, 261269
2022/8/26, 00:00:00, 13763.00, 13763.00, 13763.00, 13763.00, 756446, 265110
2022/8/29, 00:00:00, 13635.00, 13635.00, 13635.00, 13635.00, 694815, 266015
2022/8/30, 00:00:00, 13501.00, 13501.00, 13501.00, 13501.00, 799298, 263641
2022/8/31, 00:00:00, 13448.00, 13448.00, 13448.00, 13448.00, 674018, 269001
2022/9/1, 00:00:00, 13495.00, 13495.00, 13495.00, 13495.00, 823710, 273474
2022/9/2, 00:00:00, 13305.00, 13305.00, 13305.00, 13305.00, 839264, 280491
2022/9/6, 00:00:00, 13221.00, 13221.00, 13221.00, 13221.00, 905258, 286754
2022/9/7, 00:00:00, 13465.00, 13465.00, 13465.00, 13465.00, 686563, 281378
2022/9/8, 00:00:00, 13525.00, 13525.00, 13525.00, 13525.00, 792270, 284391
2022/9/9, 00:00:00, 13800.00, 13800.00, 13800.00, 13800.00, 828200, 295426
2022/9/12, 00:00:00, 13983.00, 13983.00, 13983.00, 13983.00, 929714, 308994
2022/9/13, 00:00:00, 13283.00, 13283.00, 13283.00, 13283.00, 1183394, 314969
2022/9/14, 00:00:00, 13429.00, 13429.00, 13429.00, 13429.00, 948308, 315081
2022/9/15, 00:00:00, 13244.00, 13244.00, 13244.00, 13244.00, 920247, 326000
2022/9/16, 00:00:00, 13170.00, 13170.00, 13170.00, 13170.00, 755508, 264471
2022/9/19, 00:00:00, 13262.00, 13262.00, 13262.00, 13262.00, 633198, 268712
2022/9/20, 00:00:00, 13190.00, 13190.00, 13190.00, 13190.00, 705301, 271815
2022/9/21, 00:00:00, 12993.00, 12993.00, 12993.00, 12993.00, 823522, 278510
2022/9/22, 00:00:00, 12848.00, 12848.00, 12848.00, 12848.00, 786969, 280961
2022/9/23, 00:00:00, 12658.00, 12658.00, 12658.00, 12658.00, 800017, 280982
2022/9/26, 00:00:00, 12618.00, 12618.00, 12618.00, 12618.00, 810624, 281029
2022/9/27, 00:00:00, 12635.00, 12635.00, 12635.00, 12635.00, 841910, 282054
2022/9/28, 00:00:00, 12857.00, 12857.00, 12857.00, 12857.00, 898901, 274526
2022/9/29, 00:00:00, 12526.00, 12526.00, 12526.00, 12526.00, 892858, 286651
2022/9/30, 00:00:00, 12334.00, 12334.00, 12334.00, 12334.00, 878576, 280910
2022/10/3, 00:00:00, 12684.00, 12684.00, 12684.00, 12684.00, 758234, 277257
2022/10/4, 00:00:00, 12894.00, 12894.00, 12894.00, 12894.00, 773715, 272171
2022/10/5, 00:00:00, 12877.00, 12877.00, 12877.00, 12877.00, 701458, 272840
2022/10/6, 00:00:00, 12847.00, 12847.00, 12847.00, 12847.00, 776452, 276651
2022/10/7, 00:00:00, 12353.00, 12353.00, 12353.00, 12353.00, 760061, 284528
2022/10/10, 00:00:00, 12247.00, 12247.00, 12247.00, 12247.00, 758575, 282272
2022/10/11, 00:00:00, 12106.00, 12106.00, 12106.00, 12106.00, 834870, 281284
2022/10/12, 00:00:00, 12101.00, 12101.00, 12101.00, 12101.00, 731936, 276174
2022/10/13, 00:00:00, 12350.00, 12350.00, 12350.00, 12350.00, 1051712, 279777
2022/10/14, 00:00:00, 12040.00, 12040.00, 12040.00, 12040.00, 844398, 281328
2022/10/17, 00:00:00, 12408.00, 12408.00, 12408.00, 12408.00, 639273, 274267
2022/10/18, 00:00:00, 12497.00, 12497.00, 12497.00, 12497.00, 833001, 274388
2022/10/19, 00:00:00, 12453.00, 12453.00, 12453.00, 12453.00, 734270, 274658
2022/10/20, 00:00:00, 12489.00, 12489.00, 12489.00, 12489.00, 740365, 277748
2022/10/21, 00:00:00, 12756.00, 12756.00, 12756.00, 12756.00, 841538, 284610
2022/10/24, 00:00:00, 12879.00, 12879.00, 12879.00, 12879.00, 715781, 280784
2022/10/25, 00:00:00, 13114.00, 13114.00, 13114.00, 13114.00, 661844, 281590
2022/10/26, 00:00:00, 13044.00, 13044.00, 13044.00, 13044.00, 785818, 279786
2022/10/27, 00:00:00, 12631.00, 12631.00, 12631.00, 12631.00, 770386, 288615
2022/10/28, 00:00:00, 12986.00, 12986.00, 12986.00, 12986.00, 729836, 287298
2022/10/31, 00:00:00, 12847.00, 12847.00, 12847.00, 12847.00, 608258, 283319
2022/11/1, 00:00:00, 12672.00, 12672.00, 12672.00, 12672.00, 606030, 282466
2022/11/2, 00:00:00, 12282.00, 12282.00, 12282.00, 12282.00, 772297, 285541
2022/11/3, 00:00:00, 12062.00, 12062.00, 12062.00, 12062.00, 705791, 286489
2022/11/4, 00:00:00, 12165.00, 12165.00, 12165.00, 12165.00, 882496, 283674
2022/11/7, 00:00:00, 12290.00, 12290.00, 12290.00, 12290.00, 555421, 280096
2022/11/8, 00:00:00, 12390.00, 12390.00, 12390.00, 12390.00, 730046, 273054
2022/11/9, 00:00:00, 12125.00, 12125.00, 12125.00, 12125.00, 670395, 271284
2022/11/10, 00:00:00, 12931.00, 12931.00, 12931.00, 12931.00, 864212, 278099
2022/11/11, 00:00:00, 13153.00, 13153.00, 13153.00, 13153.00, 683860, 272472
2022/11/14, 00:00:00, 13040.00, 13040.00, 13040.00, 13040.00, 577748, 266755
2022/11/15, 00:00:00, 13180.00, 13180.00, 13180.00, 13180.00, 774569, 268428
2022/11/16, 00:00:00, 13019.00, 13019.00, 13019.00, 13019.00, 579154, 263769
2022/11/17, 00:00:00, 12990.00, 12990.00, 12990.00, 12990.00, 659373, 252057
2022/11/18, 00:00:00, 12988.00, 12988.00, 12988.00, 12988.00, 586741, 249851
2022/11/21, 00:00:00, 12868.00, 12868.00, 12868.00, 12868.00, 478686, 249676
2022/11/22, 00:00:00, 13037.00, 13037.00, 13037.00, 13037.00, 531720, 252712
2022/11/23, 00:00:00, 13149.00, 13149.00, 13149.00, 13149.00, 475411, 253313
2022/11/25, 00:00:00, 13069.00, 13069.00, 13069.00, 13069.00, 252958, 252240
2022/11/28, 00:00:00, 12870.00, 12870.00, 12870.00, 12870.00, 508097, 251940
2022/11/29, 00:00:00, 12779.00, 12779.00, 12779.00, 12779.00, 557436, 254245
2022/11/30, 00:00:00, 13300.00, 13300.00, 13300.00, 13300.00, 773424, 256803
2022/12/1, 00:00:00, 13320.00, 13320.00, 13320.00, 13320.00, 635800, 252557
2022/12/2, 00:00:00, 13268.00, 13268.00, 13268.00, 13268.00, 593517, 246396
2022/12/5, 00:00:00, 13064.00, 13064.00, 13064.00, 13064.00, 545108, 246845
2022/12/6, 00:00:00, 12824.00, 12824.00, 12824.00, 12824.00, 680548, 250102
2022/12/7, 00:00:00, 12767.00, 12767.00, 12767.00, 12767.00, 665299, 252922
2022/12/8, 00:00:00, 12903.00, 12903.00, 12903.00, 12903.00, 664975, 262598
2022/12/9, 00:00:00, 12827.00, 12827.00, 12827.00, 12827.00, 751824, 268878
2022/12/12, 00:00:00, 12969.00, 12969.00, 12969.00, 12969.00, 741134, 300939
2022/12/13, 00:00:00, 13099.00, 13099.00, 13099.00, 13099.00, 1167344, 312984
2022/12/14, 00:00:00, 13009.00, 13009.00, 13009.00, 13009.00, 810367, 312503
2022/12/15, 00:00:00, 12551.00, 12551.00, 12551.00, 12551.00, 853486, 311206
2022/12/16, 00:00:00, 12438.00, 12438.00, 12438.00, 12438.00, 666086, 235727
2022/12/19, 00:00:00, 12287.00, 12287.00, 12287.00, 12287.00, 563212, 241262
2022/12/20, 00:00:00, 12270.00, 12270.00, 12270.00, 12270.00, 625532, 245045
2022/12/21, 00:00:00, 12445.00, 12445.00, 12445.00, 12445.00, 631520, 246335
2022/12/22, 00:00:00, 12146.00, 12146.00, 12146.00, 12146.00, 715195, 250804
2022/12/23, 00:00:00, 12168.00, 12168.00, 12168.00, 12168.00, 535010, 248572
2022/12/27, 00:00:00, 11995.00, 11995.00, 11995.00, 11995.00, 500206, 250781
2022/12/28, 00:00:00, 11842.00, 11842.00, 11842.00, 11842.00, 637123, 247791
2022/12/29, 00:00:00, 12128.00, 12128.00, 12128.00, 12128.00, 470427, 245268
2022/12/30, 00:00:00, 12107.00, 12107.00, 12107.00, 12107.00, 462872, 241785
2023/1/3, 00:00:00, 12030.00, 12030.00, 12030.00, 12030.00, 659301, 244658
2023/1/4, 00:00:00, 12084.00, 12084.00, 12084.00, 12084.00, 759006, 245722
2023/1/5, 00:00:00, 11906.00, 11906.00, 11906.00, 11906.00, 695282, 251087
2023/1/6, 00:00:00, 12199.00, 12199.00, 12199.00, 12199.00, 737420, 251407
2023/1/9, 00:00:00, 12272.00, 12272.00, 12272.00, 12272.00, 646955, 250824
2023/1/10, 00:00:00, 12368.00, 12368.00, 12368.00, 12368.00, 559679, 253625
2023/1/11, 00:00:00, 12563.00, 12563.00, 12563.00, 12563.00, 500555, 256607
2023/1/12, 00:00:00, 12621.00, 12621.00, 12621.00, 12621.00, 755704, 261423
2023/1/13, 00:00:00, 12694.00, 12694.00, 12694.00, 12694.00, 482885, 269366
2023/1/17, 00:00:00, 12712.00, 12712.00, 12712.00, 12712.00, 576814, 275015
2023/1/18, 00:00:00, 12563.00, 12563.00, 12563.00, 12563.00, 621599, 271468
2023/1/19, 00:00:00, 12443.00, 12443.00, 12443.00, 12443.00, 595316, 267767
2023/1/20, 00:00:00, 12765.00, 12765.00, 12765.00, 12765.00, 578793, 273500
2023/1/23, 00:00:00, 13025.00, 13025.00, 13025.00, 13025.00, 594979, 274688
2023/1/24, 00:00:00, 13000.00, 13000.00, 13000.00, 13000.00, 511944, 273887
2023/1/25, 00:00:00, 12963.00, 12963.00, 12963.00, 12963.00, 634438, 269697
2023/1/26, 00:00:00, 13199.00, 13199.00, 13199.00, 13199.00, 622165, 272092
2023/1/27, 00:00:00, 13315.00, 13315.00, 13315.00, 13315.00, 589251, 272127
2023/1/30, 00:00:00, 13060.00, 13060.00, 13060.00, 13060.00, 635484, 271390
2023/1/31, 00:00:00, 13244.00, 13244.00, 13244.00, 13244.00, 585798, 278449
2023/2/1, 00:00:00, 13509.00, 13509.00, 13509.00, 13509.00, 669663, 278753
2023/2/2, 00:00:00, 13946.00, 13946.00, 13946.00, 13946.00, 820329, 280074
2023/2/3, 00:00:00, 13731.00, 13731.00, 13731.00, 13731.00, 826044, 281061
2023/2/6, 00:00:00, 13672.00, 13672.00, 13672.00, 13672.00, 535860, 277103
2023/2/7, 00:00:00, 13938.00, 13938.00, 13938.00, 13938.00, 746211, 279306
2023/2/8, 00:00:00, 13704.00, 13704.00, 13704.00, 13704.00, 591183, 276914
2023/2/9, 00:00:00, 13584.00, 13584.00, 13584.00, 13584.00, 613289, 276227
2023/2/10, 00:00:00, 13506.00, 13506.00, 13506.00, 13506.00, 601050, 274997
2023/2/13, 00:00:00, 13702.00, 13702.00, 13702.00, 13702.00, 468433, 273974
2023/2/14, 00:00:00, 13792.00, 13792.00, 13792.00, 13792.00, 720684, 276184
2023/2/15, 00:00:00, 13922.00, 13922.00, 13922.00, 13922.00, 569503, 275049
2023/2/16, 00:00:00, 13675.00, 13675.00, 13675.00, 13675.00, 684178, 267782
2023/2/17, 00:00:00, 13581.00, 13581.00, 13581.00, 13581.00, 630819, 265020
2023/2/21, 00:00:00, 13286.00, 13286.00, 13286.00, 13286.00, 610649, 268297
2023/2/22, 00:00:00, 13286.00, 13286.00, 13286.00, 13286.00, 642614, 265892
2023/2/23, 00:00:00, 13456.00, 13456.00, 13456.00, 13456.00, 643242, 264278
2023/2/24, 00:00:00, 13282.00, 13282.00, 13282.00, 13282.00, 645325, 263574
2023/2/27, 00:00:00, 13388.00, 13388.00, 13388.00, 13388.00, 580266, 264339
2023/2/28, 00:00:00, 13377.00, 13377.00, 13377.00, 13377.00, 648139, 268253
2023/3/1, 00:00:00, 13265.00, 13265.00, 13265.00, 13265.00, 763373, 263665
2023/3/2, 00:00:00, 13365.00, 13365.00, 13365.00, 13365.00, 755506, 265192
2023/3/3, 00:00:00, 13615.00, 13615.00, 13615.00, 13615.00, 678630, 265384
2023/3/6, 00:00:00, 13629.00, 13629.00, 13629.00, 13629.00, 620981, 264471
2023/3/7, 00:00:00, 13476.00, 13476.00, 13476.00, 13476.00, 704068, 260810
2023/3/8, 00:00:00, 13536.00, 13536.00, 13536.00, 13536.00, 652094, 263934
2023/3/9, 00:00:00, 13301.00, 13301.00, 13301.00, 13301.00, 881472, 262877
2023/3/10, 00:00:00, 13126.00, 13126.00, 13126.00, 13126.00, 1194899, 267552
2023/3/13, 00:00:00, 13126.00, 13126.00, 13126.00, 13126.00, 1482604, 286121
2023/3/14, 00:00:00, 13408.00, 13408.00, 13408.00, 13408.00, 1112419, 306461
2023/3/15, 00:00:00, 13448.00, 13448.00, 13448.00, 13448.00, 1095319, 303392
2023/3/16, 00:00:00, 13788.00, 13788.00, 13788.00, 13788.00, 918537, 305296
2023/3/17, 00:00:00, 13717.00, 13717.00, 13717.00, 13717.00, 734613, 220146
2023/3/20, 00:00:00, 13760.00, 13760.00, 13760.00, 13760.00, 695319, 213456
2023/3/21, 00:00:00, 13947.00, 13947.00, 13947.00, 13947.00, 566250, 214876
2023/3/22, 00:00:00, 13787.00, 13787.00, 13787.00, 13787.00, 713731, 219575
2023/3/23, 00:00:00, 13891.00, 13891.00, 13891.00, 13891.00, 839133, 221435
2023/3/24, 00:00:00, 13927.00, 13927.00, 13927.00, 13927.00, 677024, 224864
2023/3/27, 00:00:00, 13819.00, 13819.00, 13819.00, 13819.00, 563091, 221543
2023/3/28, 00:00:00, 13748.00, 13748.00, 13748.00, 13748.00, 538284, 220074
2023/3/29, 00:00:00, 13998.00, 13998.00, 13998.00, 13998.00, 567201, 226607
2023/3/30, 00:00:00, 14113.00, 14113.00, 14113.00, 14113.00, 583965, 229132
2023/3/31, 00:00:00, 14357.00, 14357.00, 14357.00, 14357.00, 625799, 237351
2023/4/3, 00:00:00, 14327.00, 14327.00, 14327.00, 14327.00, 543336, 229991
2023/4/4, 00:00:00, 14272.00, 14272.00, 14272.00, 14272.00, 577461, 232186
2023/4/5, 00:00:00, 14132.00, 14132.00, 14132.00, 14132.00, 595317, 236895
2023/4/6, 00:00:00, 14224.00, 14224.00, 14224.00, 14224.00, 598816, 235247
2023/4/7, 00:00:00, 14224.00, 14224.00, 14224.00, 14224.00, 41250, 235255
2023/4/10, 00:00:00, 14216.00, 14216.00, 14216.00, 14216.00, 553414, 238720
2023/4/11, 00:00:00, 14133.00, 14133.00, 14133.00, 14133.00, 549454, 237470
2023/4/12, 00:00:00, 14008.00, 14008.00, 14008.00, 14008.00, 685556, 238654
2023/4/13, 00:00:00, 14267.00, 14267.00, 14267.00, 14267.00, 558746, 245061
2023/4/14, 00:00:00, 14242.00, 14242.00, 14242.00, 14242.00, 628306, 232369
2023/4/17, 00:00:00, 14247.00, 14247.00, 14247.00, 14247.00, 541017, 241704
2023/4/18, 00:00:00, 14255.00, 14255.00, 14255.00, 14255.00, 577343, 245059
2023/4/19, 00:00:00, 14245.00, 14245.00, 14245.00, 14245.00, 529852, 250451
2023/4/20, 00:00:00, 14135.00, 14135.00, 14135.00, 14135.00, 680806, 248529
2023/4/21, 00:00:00, 14151.00, 14151.00, 14151.00, 14151.00, 594494, 247537
2023/4/24, 00:00:00, 14118.00, 14118.00, 14118.00, 14118.00, 582773, 242851
2023/4/25, 00:00:00, 13838.00, 13838.00, 13838.00, 13838.00, 694874, 247654
2023/4/26, 00:00:00, 13918.00, 13918.00, 13918.00, 13918.00, 755832, 251964
2023/4/27, 00:00:00, 14263.00, 14263.00, 14263.00, 14263.00, 729011, 265466
2023/4/28, 00:00:00, 14352.00, 14352.00, 14352.00, 14352.00, 671753, 262074
2023/5/1, 00:00:00, 14371.00, 14371.00, 14371.00, 14371.00, 488293, 258219
2023/5/2, 00:00:00, 14243.00, 14243.00, 14243.00, 14243.00, 665457, 246962
2023/5/3, 00:00:00, 14159.00, 14159.00, 14159.00, 14159.00, 649319, 248537
2023/5/4, 00:00:00, 14089.00, 14089.00, 14089.00, 14089.00, 657323, 250173
2023/5/5, 00:00:00, 14367.00, 14367.00, 14367.00, 14367.00, 574409, 265585
2023/5/8, 00:00:00, 14401.00, 14401.00, 14401.00, 14401.00, 506645, 261087
2023/5/9, 00:00:00, 14313.00, 14313.00, 14313.00, 14313.00, 552544, 255173
2023/5/10, 00:00:00, 14463.00, 14463.00, 14463.00, 14463.00, 841417, 259291
2023/5/11, 00:00:00, 14493.00, 14493.00, 14493.00, 14493.00, 654451, 259972
2023/5/12, 00:00:00, 14450.00, 14450.00, 14450.00, 14450.00, 628793, 259524
2023/5/15, 00:00:00, 14530.00, 14530.00, 14530.00, 14530.00, 497101, 267708
2023/5/16, 00:00:00, 14546.00, 14546.00, 14546.00, 14546.00, 562822, 273355
2023/5/17, 00:00:00, 14706.00, 14706.00, 14706.00, 14706.00, 622655, 280685
2023/5/18, 00:00:00, 14976.00, 14976.00, 14976.00, 14976.00, 751051, 283193
2023/5/19, 00:00:00, 14980.00, 14980.00, 14980.00, 14980.00, 661107, 275687
2023/5/22, 00:00:00, 15030.00, 15030.00, 15030.00, 15030.00, 539233, 278424
2023/5/23, 00:00:00, 14856.00, 14856.00, 14856.00, 14856.00, 660692, 275175
2023/5/24, 00:00:00, 14778.00, 14778.00, 14778.00, 14778.00, 707910, 277518
2023/5/25, 00:00:00, 15144.00, 15144.00, 15144.00, 15144.00, 822859, 281480
2023/5/26, 00:00:00, 15549.00, 15549.00, 15549.00, 15549.00, 733560, 291553
2023/5/30, 00:00:00, 15615.00, 15615.00, 15615.00, 15615.00, 888816, 298403
2023/5/31, 00:00:00, 15515.00, 15515.00, 15515.00, 15515.00, 684809, 299220
2023/6/1, 00:00:00, 15687.00, 15687.00, 15687.00, 15687.00, 626617, 297471
2023/6/2, 00:00:00, 15809.00, 15809.00, 15809.00, 15809.00, 628638, 297383
2023/6/5, 00:00:00, 15823.00, 15823.00, 15823.00, 15823.00, 632623, 304153
2023/6/6, 00:00:00, 15820.00, 15820.00, 15820.00, 15820.00, 585675, 306736
2023/6/7, 00:00:00, 15561.00, 15561.00, 15561.00, 15561.00, 796860, 293542
2023/6/8, 00:00:00, 15733.00, 15733.00, 15733.00, 15733.00, 684248, 296021
2023/6/9, 00:00:00, 15787.00, 15787.00, 15787.00, 15787.00, 768105, 290526
2023/6/12, 00:00:00, 16037.00, 16037.00, 16037.00, 16037.00, 930910, 306716
2023/6/13, 00:00:00, 16177.00, 16177.00, 16177.00, 16177.00, 1070732, 322087
2023/6/14, 00:00:00, 16320.00, 16320.00, 16320.00, 16320.00, 936978, 335680
2023/6/15, 00:00:00, 16495.00, 16495.00, 16495.00, 16495.00, 875044, 333425
2023/6/16, 00:00:00, 16391.00, 16391.00, 16391.00, 16391.00, 637614, 250983
2023/6/20, 00:00:00, 16429.00, 16429.00, 16429.00, 16429.00, 653900, 247591
2023/6/21, 00:00:00, 16214.00, 16214.00, 16214.00, 16214.00, 642641, 250291
2023/6/22, 00:00:00, 16385.00, 16385.00, 16385.00, 16385.00, 613083, 250640
2023/6/23, 00:00:00, 16229.00, 16229.00, 16229.00, 16229.00, 622253, 253198
2023/6/26, 00:00:00, 16018.00, 16018.00, 16018.00, 16018.00, 651431, 249344
2023/6/27, 00:00:00, 16297.00, 16297.00, 16297.00, 16297.00, 570252, 256666
2023/6/28, 00:00:00, 16329.00, 16329.00, 16329.00, 16329.00, 663068, 252872
2023/6/29, 00:00:00, 16325.00, 16325.00, 16325.00, 16325.00, 594940, 251186
2023/6/30, 00:00:00, 16588.00, 16588.00, 16588.00, 16588.00, 533079, 249607
2023/7/3, 00:00:00, 16636.00, 16636.00, 16636.00, 16636.00, 265975, 248698
2023/7/5, 00:00:00, 16632.00, 16632.00, 16632.00, 16632.00, 520911, 252405
2023/7/6, 00:00:00, 16509.00, 16509.00, 16509.00, 16509.00, 575954, 257260
2023/7/7, 00:00:00, 16452.00, 16452.00, 16452.00, 16452.00, 556287, 252395
2023/7/10, 00:00:00, 16438.00, 16438.00, 16438.00, 16438.00, 611426, 258310
2023/7/11, 00:00:00, 16508.00, 16508.00, 16508.00, 16508.00, 553743, 259491
2023/7/12, 00:00:00, 16688.00, 16688.00, 16688.00, 16688.00, 651200, 256174
2023/7/13, 00:00:00, 16925.00, 16925.00, 16925.00, 16925.00, 565814, 256364
2023/7/14, 00:00:00, 16913.00, 16913.00, 16913.00, 16913.00, 631257, 258655
2023/7/17, 00:00:00, 17059.00, 17059.00, 17059.00, 17059.00, 523275, 263201
2023/7/18, 00:00:00, 17194.00, 17194.00, 17194.00, 17194.00, 634858, 264119
2023/7/19, 00:00:00, 17178.00, 17178.00, 17178.00, 17178.00, 683557, 268740
2023/7/20, 00:00:00, 16808.00, 16808.00, 16808.00, 16808.00, 812037, 269671
2023/7/21, 00:00:00, 16755.00, 16755.00, 16755.00, 16755.00, 706502, 262402
2023/7/24, 00:00:00, 16777.00, 16777.00, 16777.00, 16777.00, 562885, 258097
2023/7/25, 00:00:00, 16890.00, 16890.00, 16890.00, 16890.00, 556605, 260623
2023/7/26, 00:00:00, 16837.00, 16837.00, 16837.00, 16837.00, 684907, 259665
2023/7/27, 00:00:00, 16797.00, 16797.00, 16797.00, 16797.00, 850521, 260940
2023/7/28, 00:00:00, 17075.00, 17075.00, 17075.00, 17075.00, 692146, 264428
2023/7/31, 00:00:00, 17098.00, 17098.00, 17098.00, 17098.00, 525277, 260515
2023/8/1, 00:00:00, 17058.00, 17058.00, 17058.00, 17058.00, 530333, 262908
2023/8/2, 00:00:00, 16713.00, 16713.00, 16713.00, 16713.00, 775844, 268948
2023/8/3, 00:00:00, 16679.00, 16679.00, 16679.00, 16679.00, 661677, 265651
2023/8/4, 00:00:00, 16594.00, 16594.00, 16594.00, 16594.00, 775745, 263798
2023/8/7, 00:00:00, 16717.00, 16717.00, 16717.00, 16717.00, 580090, 269729
2023/8/8, 00:00:00, 16583.00, 16583.00, 16583.00, 16583.00, 641460, 267797
2023/8/9, 00:00:00, 16407.00, 16407.00, 16407.00, 16407.00, 655688, 271620
2023/8/10, 00:00:00, 16429.00, 16429.00, 16429.00, 16429.00, 809333, 266343
2023/8/11, 00:00:00, 16323.00, 16323.00, 16323.00, 16323.00, 615406, 269279
2023/8/14, 00:00:00, 16498.00, 16498.00, 16498.00, 16498.00, 557385, 270473
2023/8/15, 00:00:00, 16333.00, 16333.00, 16333.00, 16333.00, 595758, 267495
2023/8/16, 00:00:00, 16168.00, 16168.00, 16168.00, 16168.00, 644068, 265323
2023/8/17, 00:00:00, 16003.00, 16003.00, 16003.00, 16003.00, 683843, 268453
2023/8/18, 00:00:00, 15965.00, 15965.00, 15965.00, 15965.00, 734732, 268245
2023/8/21, 00:00:00, 16210.00, 16210.00, 16210.00, 16210.00, 643919, 264639
2023/8/22, 00:00:00, 16183.00, 16183.00, 16183.00, 16183.00, 625688, 263420
2023/8/23, 00:00:00, 16423.00, 16423.00, 16423.00, 16423.00, 608443, 266540
2023/8/24, 00:00:00, 16088.00, 16088.00, 16088.00, 16088.00, 851391, 264014
2023/8/25, 00:00:00, 16206.00, 16206.00, 16206.00, 16206.00, 826940, 262493
2023/8/28, 00:00:00, 16320.00, 16320.00, 16320.00, 16320.00, 587980, 263880
2023/8/29, 00:00:00, 16647.00, 16647.00, 16647.00, 16647.00, 620015, 265968
2023/8/30, 00:00:00, 16733.00, 16733.00, 16733.00, 16733.00, 592979, 264115
2023/8/31, 00:00:00, 16772.00, 16772.00, 16772.00, 16772.00, 587859, 266220
2023/9/1, 00:00:00, 16749.00, 16749.00, 16749.00, 16749.00, 576416, 269877
2023/9/5, 00:00:00, 16769.00, 16769.00, 16769.00, 16769.00, 615460, 274701
2023/9/6, 00:00:00, 16633.00, 16633.00, 16633.00, 16633.00, 611167, 269973
2023/9/7, 00:00:00, 16515.00, 16515.00, 16515.00, 16515.00, 669949, 264947
2023/9/8, 00:00:00, 16531.00, 16531.00, 16531.00, 16531.00, 763854, 267852
2023/9/11, 00:00:00, 16711.00, 16711.00, 16711.00, 16711.00, 1018070, 305328
2023/9/12, 00:00:00, 16541.00, 16541.00, 16541.00, 16541.00, 896646, 303321
2023/9/13, 00:00:00, 16591.00, 16591.00, 16591.00, 16591.00, 943227, 308470
2023/9/14, 00:00:00, 16711.00, 16711.00, 16711.00, 16711.00, 759015, 308418
2023/9/15, 00:00:00, 16429.00, 16429.00, 16429.00, 16429.00, 709614, 237397
2023/9/18, 00:00:00, 16449.00, 16449.00, 16449.00, 16449.00, 510708, 241297
2023/9/19, 00:00:00, 16410.00, 16410.00, 16410.00, 16410.00, 552964, 236252
2023/9/20, 00:00:00, 16186.00, 16186.00, 16186.00, 16186.00, 606077, 237870
2023/9/21, 00:00:00, 15904.00, 15904.00, 15904.00, 15904.00, 703638, 238059
2023/9/22, 00:00:00, 15909.00, 15909.00, 15909.00, 15909.00, 625025, 229434
2023/9/25, 00:00:00, 15975.00, 15975.00, 15975.00, 15975.00, 569442, 233658
2023/9/26, 00:00:00, 15754.00, 15754.00, 15754.00, 15754.00, 668506, 241018
2023/9/27, 00:00:00, 15778.00, 15778.00, 15778.00, 15778.00, 717488, 242792
2023/9/28, 00:00:00, 15899.00, 15899.00, 15899.00, 15899.00, 735380, 243116
2023/9/29, 00:00:00, 15905.00, 15905.00, 15905.00, 15905.00, 746830, 244429
2023/10/2, 00:00:00, 16024.00, 16024.00, 16024.00, 16024.00, 763864, 247116
2023/10/3, 00:00:00, 15752.00, 15752.00, 15752.00, 15752.00, 763865, 254924
2023/10/4, 00:00:00, 15962.00, 15962.00, 15962.00, 15962.00, 804405, 251020
2023/10/5, 00:00:00, 15899.00, 15899.00, 15899.00, 15899.00, 677410, 251068
2023/10/6, 00:00:00, 16171.00, 16171.00, 16171.00, 16171.00, 842063, 258382
2023/10/9, 00:00:00, 16246.00, 16246.00, 16246.00, 16246.00, 617869, 254225
2023/10/10, 00:00:00, 16331.00, 16331.00, 16331.00, 16331.00, 649393, 256528
2023/10/11, 00:00:00, 16440.50, 16440.50, 16440.50, 16440.50, 615627, 256799
2023/10/12, 00:00:00, 16377.00, 16377.00, 16377.00, 16377.00, 748484, 255793
2023/10/13, 00:00:00, 16178.00, 16178.00, 16178.00, 16178.00, 777816, 257072
2023/10/16, 00:00:00, 16348.00, 16348.00, 16348.00, 16348.00, 641874, 259557
2023/10/17, 00:00:00, 16300.00, 16300.00, 16300.00, 16300.00, 782420, 256786
2023/10/18, 00:00:00, 16081.75, 16081.75, 16081.75, 16081.75, 854411, 256736
2023/10/19, 00:00:00, 15945.75, 15945.75, 15945.75, 15945.75, 1021037, 254597
2023/10/20, 00:00:00, 15715.75, 15715.75, 15715.75, 15715.75, 847664, 258626
2023/10/23, 00:00:00, 15758.25, 15758.25, 15758.25, 15758.25, 766612, 259425
2023/10/24, 00:00:00, 15892.25, 15892.25, 15892.25, 15892.25, 704273, 253055
2023/10/25, 00:00:00, 15518.25, 15518.25, 15518.25, 15518.25, 822024, 262794
2023/10/26, 00:00:00, 15230.00, 15230.00, 15230.00, 15230.00, 989559, 264288
2023/10/27, 00:00:00, 15295.75, 15295.75, 15295.75, 15295.75, 783081, 260589
2023/10/30, 00:00:00, 15446.75, 15446.75, 15446.75, 15446.75, 706257, 257229
2023/10/31, 00:00:00, 15519.75, 15519.75, 15519.75, 15519.75, 713726, 259306
2023/11/1, 00:00:00, 15774.75, 15774.75, 15774.75, 15774.75, 743531, 253655
2023/11/2, 00:00:00, 16036.75, 16036.75, 16036.75, 16036.75, 654273, 254786
2023/11/3, 00:00:00, 16218.00, 16218.00, 16218.00, 16218.00, 635465, 259083
2023/11/6, 00:00:00, 16271.50, 16271.50, 16271.50, 16271.50, 497102, 261756
2023/11/7, 00:00:00, 16413.50, 16413.50, 16413.50, 16413.50, 586493, 268597
2023/11/8, 00:00:00, 16425.50, 16425.50, 16425.50, 16425.50, 548559, 268500
2023/11/9, 00:00:00, 16294.25, 16294.25, 16294.25, 16294.25, 711744, 270181
2023/11/10, 00:00:00, 16635.25, 16635.25, 16635.25, 16635.25, 681273, 274422
2023/11/13, 00:00:00, 16586.25, 16586.25, 16586.25, 16586.25, 534074, 270749
2023/11/14, 00:00:00, 16925.50, 16925.50, 16925.50, 16925.50, 657466, 273787
2023/11/15, 00:00:00, 16940.50, 16940.50, 16940.50, 16940.50, 686380, 277664
2023/11/16, 00:00:00, 16947.50, 16947.50, 16947.50, 16947.50, 635135, 285193
2023/11/17, 00:00:00, 16974.00, 16974.00, 16974.00, 16974.00, 563098, 284579
2023/11/20, 00:00:00, 17188.50, 17188.50, 17188.50, 17188.50, 560797, 287547
2023/11/21, 00:00:00, 17089.50, 17089.50, 17089.50, 17089.50, 576853, 284312
2023/11/22, 00:00:00, 17151.00, 17151.00, 17151.00, 17151.00, 626361, 282969
2023/11/24, 00:00:00, 17122.00, 17122.00, 17122.00, 17122.00, 297151, 282986
2023/11/27, 00:00:00, 17109.50, 17109.50, 17109.50, 17109.50, 503813, 288006
2023/11/28, 00:00:00, 17148.00, 17148.00, 17148.00, 17148.00, 601140, 293315
2023/11/29, 00:00:00, 17123.00, 17123.00, 17123.00, 17123.00, 637731, 286844
2023/11/30, 00:00:00, 17083.00, 17083.00, 17083.00, 17083.00, 696953, 286362
2023/12/1, 00:00:00, 17121.00, 17121.00, 17121.00, 17121.00, 626181, 284035
2023/12/4, 00:00:00, 16945.00, 16945.00, 16945.00, 16945.00, 736308, 272698
2023/12/5, 00:00:00, 16985.00, 16985.00, 16985.00, 16985.00, 701994, 277746
2023/12/6, 00:00:00, 16892.00, 16892.00, 16892.00, 16892.00, 687371, 275260
2023/12/7, 00:00:00, 17116.00, 17116.00, 17116.00, 17116.00, 665258, 289536
2023/12/8, 00:00:00, 17179.00, 17179.00, 17179.00, 17179.00, 794297, 287458
2023/12/11, 00:00:00, 17330.00, 17330.00, 17330.00, 17330.00, 935392, 302593
2023/12/12, 00:00:00, 17466.00, 17466.00, 17466.00, 17466.00, 868436, 337236
2023/12/13, 00:00:00, 17665.50, 17665.50, 17665.50, 17665.50, 827671, 342450
2023/12/14, 00:00:00, 17639.75, 17639.75, 17639.75, 17639.75, 919283, 326520
2023/12/15, 00:00:00, 17708.00, 17708.00, 17708.00, 17708.00, 669081, 265921
2023/12/18, 00:00:00, 17830.00, 17830.00, 17830.00, 17830.00, 463796, 273849
2023/12/19, 00:00:00, 17912.00, 17912.00, 17912.00, 17912.00, 496920, 276654
2023/12/20, 00:00:00, 17652.00, 17652.00, 17652.00, 17652.00, 654825, 272325
2023/12/21, 00:00:00, 17843.00, 17843.00, 17843.00, 17843.00, 640222, 274103
2023/12/22, 00:00:00, 17865.00, 17865.00, 17865.00, 17865.00, 487086, 274165
2023/12/26, 00:00:00, 17968.50, 17968.50, 17968.50, 17968.50, 292293, 278055
2023/12/27, 00:00:00, 17998.00, 17998.00, 17998.00, 17998.00, 424625, 284331
2023/12/28, 00:00:00, 17973.00, 17973.00, 17973.00, 17973.00, 358057, 284385
2023/12/29, 00:00:00, 17898.50, 17898.50, 17898.50, 17898.50, 471189, 284312
2024/1/2, 00:00:00, 17594.00, 17594.00, 17594.00, 17594.00, 653501, 272832
2024/1/3, 00:00:00, 17410.50, 17410.50, 17410.50, 17410.50, 678230, 273013
2024/1/4, 00:00:00, 17317.50, 17317.50, 17317.50, 17317.50, 560240, 273935
2024/1/5, 00:00:00, 17278.00, 17278.00, 17278.00, 17278.00, 628597, 274345
2024/1/8, 00:00:00, 17623.00, 17623.00, 17623.00, 17623.00, 550711, 277961
2024/1/9, 00:00:00, 17649.50, 17649.50, 17649.50, 17649.50, 606560, 277732
2024/1/10, 00:00:00, 17766.00, 17766.00, 17766.00, 17766.00, 551192, 278037
2024/1/11, 00:00:00, 17787.00, 17787.00, 17787.00, 17787.00, 757221, 277525
2024/1/12, 00:00:00, 17789.00, 17789.00, 17789.00, 17789.00, 594331, 277272
2024/1/16, 00:00:00, 17787.00, 17787.00, 17787.00, 17787.00, 816798, 273460
2024/1/17, 00:00:00, 17690.50, 17690.50, 17690.50, 17690.50, 723511, 272008
2024/1/18, 00:00:00, 17933.00, 17933.00, 17933.00, 17933.00, 853242, 278479
2024/1/19, 00:00:00, 18288.75, 18288.75, 18288.75, 18288.75, 759252, 294263
2024/1/22, 00:00:00, 18310.75, 18310.75, 18310.75, 18310.75, 638223, 288408
2024/1/23, 00:00:00, 18385.75, 18385.75, 18385.75, 18385.75, 508703, 289392
2024/1/24, 00:00:00, 18475.75, 18475.75, 18475.75, 18475.75, 722699, 297935
2024/1/25, 00:00:00, 18489.25, 18489.25, 18489.25, 18489.25, 711492, 296805
2024/1/26, 00:00:00, 18389.00, 18389.00, 18389.00, 18389.00, 632293, 295644
2024/1/29, 00:00:00, 18574.00, 18574.00, 18574.00, 18574.00, 569307, 300637
2024/1/30, 00:00:00, 18458.00, 18458.00, 18458.00, 18458.00, 555202, 294510
2024/1/31, 00:00:00, 18109.50, 18109.50, 18109.50, 18109.50, 817450, 288047
2024/2/1, 00:00:00, 18301.25, 18301.25, 18301.25, 18301.25, 706409, 286674
2024/2/2, 00:00:00, 18602.50, 18602.50, 18602.50, 18602.50, 762474, 286421
2024/2/5, 00:00:00, 18570.00, 18570.00, 18570.00, 18570.00, 622249, 286568
2024/2/6, 00:00:00, 18529.00, 18529.00, 18529.00, 18529.00, 623908, 285062
2024/2/7, 00:00:00, 18711.00, 18711.00, 18711.00, 18711.00, 614294, 297478
2024/2/8, 00:00:00, 18773.25, 18773.25, 18773.25, 18773.25, 471848, 299697
2024/2/9, 00:00:00, 18948.00, 18948.00, 18948.00, 18948.00, 500153, 308119
2024/2/12, 00:00:00, 18874.00, 18874.00, 18874.00, 18874.00, 538950, 303521
2024/2/13, 00:00:00, 18585.00, 18585.00, 18585.00, 18585.00, 859794, 295946
2024/2/14, 00:00:00, 18792.00, 18792.00, 18792.00, 18792.00, 689235, 296091
2024/2/15, 00:00:00, 18828.00, 18828.00, 18828.00, 18828.00, 658885, 288380
2024/2/16, 00:00:00, 18662.00, 18662.00, 18662.00, 18662.00, 745977, 288200
2024/2/20, 00:00:00, 18522.00, 18522.00, 18522.00, 18522.00, 891102, 287130
2024/2/21, 00:00:00, 18452.00, 18452.00, 18452.00, 18452.00, 732893, 286248
2024/2/22, 00:00:00, 18989.00, 18989.00, 18989.00, 18989.00, 761731, 296287
2024/2/23, 00:00:00, 18933.00, 18933.00, 18933.00, 18933.00, 661273, 286029
2024/2/26, 00:00:00, 18920.00, 18920.00, 18920.00, 18920.00, 527448, 285463
2024/2/27, 00:00:00, 18965.00, 18965.00, 18965.00, 18965.00, 569412, 288075
2024/2/28, 00:00:00, 18859.00, 18859.00, 18859.00, 18859.00, 555727, 290127
2024/2/29, 00:00:00, 19071.00, 19071.00, 19071.00, 19071.00, 684020, 296613
2024/3/1, 00:00:00, 19331.00, 19331.00, 19331.00, 19331.00, 642770, 307790
2024/3/4, 00:00:00, 19258.00, 19258.00, 19258.00, 19258.00, 575596, 299269
2024/3/5, 00:00:00, 18921.00, 18921.00, 18921.00, 18921.00, 813988, 289047
2024/3/6, 00:00:00, 19036.00, 19036.00, 19036.00, 19036.00, 817488, 294997
2024/3/7, 00:00:00, 19297.00, 19297.00, 19297.00, 19297.00, 783769, 303280
2024/3/8, 00:00:00, 19027.00, 19027.00, 19027.00, 19027.00, 1212886, 300602
2024/3/11, 00:00:00, 18944.00, 18944.00, 18944.00, 18944.00, 1196307, 329489
2024/3/12, 00:00:00, 19207.00, 19207.00, 19207.00, 19207.00, 1045376, 331912
2024/3/13, 00:00:00, 19067.00, 19067.00, 19067.00, 19067.00, 934242, 323087
2024/3/14, 00:00:00, 19010.50, 19010.50, 19010.50, 19010.50, 928985, 328910
2024/3/15, 00:00:00, 18810.50, 18810.50, 18810.50, 18810.50, 706792, 252201
2024/3/18, 00:00:00, 18975.25, 18975.25, 18975.25, 18975.25, 657387, 252577
2024/3/19, 00:00:00, 19013.75, 19013.75, 19013.75, 19013.75, 661459, 250194
2024/3/20, 00:00:00, 19222.75, 19222.75, 19222.75, 19222.75, 619986, 250968
2024/3/21, 00:00:00, 19308.75, 19308.75, 19308.75, 19308.75, 607739, 252106
2024/3/22, 00:00:00, 19320.75, 19320.75, 19320.75, 19320.75, 512353, 253366
2024/3/25, 00:00:00, 19277.25, 19277.25, 19277.25, 19277.25, 456517, 255296
2024/3/26, 00:00:00, 19212.75, 19212.75, 19212.75, 19212.75, 516743, 254474
2024/3/27, 00:00:00, 19267.75, 19267.75, 19267.75, 19267.75, 606104, 259395
2024/3/28, 00:00:00, 19250.75, 19250.75, 19250.75, 19250.75, 515550, 261568
2024/4/1, 00:00:00, 19271.75, 19271.75, 19271.75, 19271.75, 572570, 260863
2024/4/2, 00:00:00, 19101.50, 19101.50, 19101.50, 19101.50, 619467, 259439
2024/4/3, 00:00:00, 19145.00, 19145.00, 19145.00, 19145.00, 598441, 257531
2024/4/4, 00:00:00, 18846.50, 18846.50, 18846.50, 18846.50, 778133, 261686
2024/4/5, 00:00:00, 19070.50, 19070.50, 19070.50, 19070.50, 810102, 261262
2024/4/8, 00:00:00, 19065.50, 19065.50, 19065.50, 19065.50, 524650, 261747
2024/4/9, 00:00:00, 19129.75, 19129.75, 19129.75, 19129.75, 696663, 260430
2024/4/10, 00:00:00, 18970.75, 18970.75, 18970.75, 18970.75, 881783, 256271
2024/4/11, 00:00:00, 19260.75, 19260.75, 19260.75, 19260.75, 729993, 262460
2024/4/12, 00:00:00, 18954.75, 18954.75, 18954.75, 18954.75, 788165, 253687
2024/4/15, 00:00:00, 18653.75, 18653.75, 18653.75, 18653.75, 798927, 257219
2024/4/16, 00:00:00, 18657.25, 18657.25, 18657.25, 18657.25, 767368, 255698
2024/4/17, 00:00:00, 18434.00, 18434.00, 18434.00, 18434.00, 846887, 257193
2024/4/18, 00:00:00, 18320.25, 18320.25, 18320.25, 18320.25, 757358, 263656
2024/4/19, 00:00:00, 17946.25, 17946.25, 17946.25, 17946.25, 1025300, 268110
2024/4/22, 00:00:00, 18116.25, 18116.25, 18116.25, 18116.25, 647363, 261739
2024/4/23, 00:00:00, 18371.75, 18371.75, 18371.75, 18371.75, 602547, 256222
2024/4/24, 00:00:00, 18429.75, 18429.75, 18429.75, 18429.75, 668279, 254382
2024/4/25, 00:00:00, 18332.75, 18332.75, 18332.75, 18332.75, 820919, 256479
2024/4/26, 00:00:00, 18611.75, 18611.75, 18611.75, 18611.75, 629045, 249256
2024/4/29, 00:00:00, 18669.25, 18669.25, 18669.25, 18669.25, 529260, 250250
2024/4/30, 00:00:00, 18335.75, 18335.75, 18335.75, 18335.75, 678492, 253154
2024/5/1, 00:00:00, 18200.75, 18200.75, 18200.75, 18200.75, 792537, 242956
2024/5/2, 00:00:00, 18411.75, 18411.75, 18411.75, 18411.75, 636221, 238529
2024/5/3, 00:00:00, 18766.75, 18766.75, 18766.75, 18766.75, 558380, 239141
2024/5/6, 00:00:00, 18962.75, 18962.75, 18962.75, 18962.75, 396193, 237463
2024/5/7, 00:00:00, 18967.25, 18967.25, 18967.25, 18967.25, 470376, 235162
2024/5/8, 00:00:00, 18954.25, 18954.25, 18954.25, 18954.25, 454357, 239698
2024/5/9, 00:00:00, 18982.25, 18982.25, 18982.25, 18982.25, 471765, 241785
2024/5/10, 00:00:00, 19027.25, 19027.25, 19027.25, 19027.25, 474625, 241735
2024/5/13, 00:00:00, 19068.50, 19068.50, 19068.50, 19068.50, 411927, 243672
2024/5/14, 00:00:00, 19188.75, 19188.75, 19188.75, 19188.75, 556369, 248611
2024/5/15, 00:00:00, 19468.75, 19468.75, 19468.75, 19468.75, 607266, 253920
2024/5/16, 00:00:00, 19428.75, 19428.75, 19428.75, 19428.75, 549281, 248655
2024/5/17, 00:00:00, 19415.75, 19415.75, 19415.75, 19415.75, 489937, 249862
2024/5/20, 00:00:00, 19543.75, 19543.75, 19543.75, 19543.75, 471332, 248665
2024/5/21, 00:00:00, 19626.50, 19626.50, 19626.50, 19626.50, 427185, 249754
2024/5/22, 00:00:00, 19616.50, 19616.50, 19616.50, 19616.50, 580084, 253817
2024/5/23, 00:00:00, 19536.50, 19536.50, 19536.50, 19536.50, 853870, 249117
2024/5/24, 00:00:00, 19717.00, 19717.00, 19717.00, 19717.00, 553676, 255143
2024/5/28, 00:00:00, 19782.00, 19782.00, 19782.00, 19782.00, 644482, 254317
2024/5/29, 00:00:00, 19643.25, 19643.25, 19643.25, 19643.25, 575686, 257304
2024/5/30, 00:00:00, 19444.75, 19444.75, 19444.75, 19444.75, 621606, 256720
2024/5/31, 00:00:00, 19428.75, 19428.75, 19428.75, 19428.75, 837465, 256033
2024/6/3, 00:00:00, 19482.75, 19482.75, 19482.75, 19482.75, 672071, 250293
2024/6/4, 00:00:00, 19537.50, 19537.50, 19537.50, 19537.50, 620550, 246536
2024/6/5, 00:00:00, 19913.75, 19913.75, 19913.75, 19913.75, 580857, 257251
2024/6/6, 00:00:00, 19900.75, 19900.75, 19900.75, 19900.75, 529177, 253139
2024/6/7, 00:00:00, 19878.75, 19878.75, 19878.75, 19878.75, 619548, 251855
2024/6/10, 00:00:00, 19951.75, 19951.75, 19951.75, 19951.75, 578273, 254264
2024/6/11, 00:00:00, 20085.75, 20085.75, 20085.75, 20085.75, 574919, 258002
2024/6/12, 00:00:00, 20346.25, 20346.25, 20346.25, 20346.25, 717218, 259270
2024/6/13, 00:00:00, 20456.25, 20456.25, 20456.25, 20456.25, 685784, 269282
2024/6/14, 00:00:00, 20536.25, 20536.25, 20536.25, 20536.25, 826263, 286687
2024/6/17, 00:00:00, 20782.50, 20782.50, 20782.50, 20782.50, 1071428, 310506
2024/6/18, 00:00:00, 20887.75, 20887.75, 20887.75, 20887.75, 780912, 334035
2024/6/20, 00:00:00, 21129.00, 21129.00, 21129.00, 21129.00, 1054959, 318669
2024/6/21, 00:00:00, 21078.00, 21078.00, 21078.00, 21078.00, 591426, 244481
2024/6/24, 00:00:00, 20846.00, 20846.00, 20846.00, 20846.00, 685137, 243578
2024/6/25, 00:00:00, 21067.25, 21067.25, 21067.25, 21067.25, 575389, 246417
2024/6/26, 00:00:00, 21108.00, 21108.00, 21108.00, 21108.00, 590991, 247692
2024/6/27, 00:00:00, 21135.00, 21135.00, 21135.00, 21135.00, 590446, 244822
2024/6/28, 00:00:00, 21023.00, 21023.00, 21023.00, 21023.00, 751733, 239092
2024/7/1, 00:00:00, 21148.00, 21148.00, 21148.00, 21148.00, 640342, 245768
2024/7/2, 00:00:00, 21353.00, 21353.00, 21353.00, 21353.00, 622657, 258776
2024/7/3, 00:00:00, 21509.25, 21509.25, 21509.25, 21509.25, 395609, 256920
2024/7/5, 00:00:00, 21722.75, 21722.75, 21722.75, 21722.75, 601024, 266272
2024/7/8, 00:00:00, 21762.75, 21762.75, 21762.75, 21762.75, 497776, 260956
2024/7/9, 00:00:00, 21783.25, 21783.25, 21783.25, 21783.25, 570536, 264298
2024/7/10, 00:00:00, 22004.75, 22004.75, 22004.75, 22004.75, 577751, 273660
2024/7/11, 00:00:00, 21528.75, 21528.75, 21528.75, 21528.75, 907942, 262908
2024/7/12, 00:00:00, 21612.25, 21612.25, 21612.25, 21612.25, 725742, 259002
2024/7/15, 00:00:00, 21672.25, 21672.25, 21672.25, 21672.25, 704435, 254662
2024/7/16, 00:00:00, 21687.50, 21687.50, 21687.50, 21687.50, 630856, 256571
2024/7/17, 00:00:00, 21084.00, 21084.00, 21084.00, 21084.00, 856236, 255866
2024/7/18, 00:00:00, 20985.50, 20985.50, 20985.50, 20985.50, 965889, 251550
2024/7/19, 00:00:00, 20799.50, 20799.50, 20799.50, 20799.50, 775840, 250090
2024/7/22, 00:00:00, 21087.50, 21087.50, 21087.50, 21087.50, 659051, 249767
2024/7/23, 00:00:00, 21011.50, 21011.50, 21011.50, 21011.50, 602773, 243913
2024/7/24, 00:00:00, 20289.75, 20289.75, 20289.75, 20289.75, 849972, 251181
2024/7/25, 00:00:00, 20078.75, 20078.75, 20078.75, 20078.75, 996228, 249505
2024/7/26, 00:00:00, 20261.00, 20261.00, 20261.00, 20261.00, 696712, 250693
2024/7/29, 00:00:00, 20296.00, 20296.00, 20296.00, 20296.00, 601427, 255625
2024/7/30, 00:00:00, 20023.25, 20023.25, 20023.25, 20023.25, 748400, 256592
2024/7/31, 00:00:00, 20592.25, 20592.25, 20592.25, 20592.25, 764477, 246164
2024/8/1, 00:00:00, 20100.50, 20100.50, 20100.50, 20100.50, 923983, 243765
2024/8/2, 00:00:00, 19599.25, 19599.25, 19599.25, 19599.25, 845571, 249602
2024/8/5, 00:00:00, 19054.00, 19054.00, 19054.00, 19054.00, 941974, 256998
2024/8/6, 00:00:00, 19214.50, 19214.50, 19214.50, 19214.50, 699233, 249366
2024/8/7, 00:00:00, 18998.25, 18998.25, 18998.25, 18998.25, 727638, 247025
2024/8/8, 00:00:00, 19558.50, 19558.50, 19558.50, 19558.50, 666922, 241713
2024/8/9, 00:00:00, 19650.25, 19650.25, 19650.25, 19650.25, 503010, 237122
2024/8/12, 00:00:00, 19673.25, 19673.25, 19673.25, 19673.25, 471095, 240049
2024/8/13, 00:00:00, 20138.25, 20138.25, 20138.25, 20138.25, 498985, 244061
2024/8/14, 00:00:00, 20149.25, 20149.25, 20149.25, 20149.25, 555561, 243455
2024/8/15, 00:00:00, 20619.50, 20619.50, 20619.50, 20619.50, 524073, 242421
2024/8/16, 00:00:00, 20643.25, 20643.25, 20643.25, 20643.25, 460012, 236499
2024/8/19, 00:00:00, 20896.00, 20896.00, 20896.00, 20896.00, 430229, 243997
2024/8/20, 00:00:00, 20848.25, 20848.25, 20848.25, 20848.25, 486268, 244230
2024/8/21, 00:00:00, 20947.50, 20947.50, 20947.50, 20947.50, 480301, 241549
2024/8/22, 00:00:00, 20614.50, 20614.50, 20614.50, 20614.50, 631633, 240523
2024/8/23, 00:00:00, 20827.25, 20827.25, 20827.25, 20827.25, 583371, 242617
2024/8/26, 00:00:00, 20627.25, 20627.25, 20627.25, 20627.25, 474788, 239654
2024/8/27, 00:00:00, 20691.25, 20691.25, 20691.25, 20691.25, 442200, 244523
2024/8/28, 00:00:00, 20450.25, 20450.25, 20450.25, 20450.25, 540218, 245209
2024/8/29, 00:00:00, 20428.25, 20428.25, 20428.25, 20428.25, 673589, 248564
2024/8/30, 00:00:00, 20658.75, 20658.75, 20658.75, 20658.75, 497312, 250357
2024/9/3, 00:00:00, 20037.25, 20037.25, 20037.25, 20037.25, 702652, 254089
2024/9/4, 00:00:00, 19992.00, 19992.00, 19992.00, 19992.00, 588548, 253685
2024/9/5, 00:00:00, 19993.25, 19993.25, 19993.25, 19993.25, 591000, 252655
2024/9/6, 00:00:00, 19480.00, 19480.00, 19480.00, 19480.00, 736925, 256875
2024/9/9, 00:00:00, 19614.25, 19614.25, 19614.25, 19614.25, 545325, 259867
2024/9/10, 00:00:00, 19786.75, 19786.75, 19786.75, 19786.75, 544827, 259424
2024/9/11, 00:00:00, 20197.75, 20197.75, 20197.75, 20197.75, 751059, 262073
2024/9/12, 00:00:00, 20383.25, 20383.25, 20383.25, 20383.25, 610878, 261949
2024/9/13, 00:00:00, 20473.25, 20473.25, 20473.25, 20473.25, 598601, 256897
2024/9/16, 00:00:00, 20370.00, 20370.00, 20370.00, 20370.00, 716340, 265439
2024/9/17, 00:00:00, 20376.25, 20376.25, 20376.25, 20376.25, 763423, 267450
2024/9/18, 00:00:00, 20284.50, 20284.50, 20284.50, 20284.50, 698607, 285428
2024/9/19, 00:00:00, 20793.00, 20793.00, 20793.00, 20793.00, 750910, 293892
2024/9/20, 00:00:00, 20735.25, 20735.25, 20735.25, 20735.25, 479931, 223720
2024/9/23, 00:00:00, 20786.25, 20786.25, 20786.25, 20786.25, 395371, 225709
2024/9/24, 00:00:00, 20872.25, 20872.25, 20872.25, 20872.25, 457669, 227746
2024/9/25, 00:00:00, 20892.25, 20892.25, 20892.25, 20892.25, 405637, 232456
2024/9/26, 00:00:00, 21052.25, 21128.25, 21052.25, 21052.25, 510499, 235922
2024/9/27, 00:00:00, 20927.25, 20927.25, 20927.25, 20927.25, 436474, 235109
2024/9/30, 00:00:00, 20967.25, 20967.25, 20967.25, 20967.25, 511160, 238261
2024/10/1, 00:00:00, 20680.25, 20680.25, 20680.25, 20680.25, 663780, 234108
2024/10/2, 00:00:00, 20715.25, 20715.25, 20715.25, 20715.25, 476501, 237642
2024/10/3, 00:00:00, 20696.25, 20696.25, 20696.25, 20696.25, 527338, 240743
2024/10/4, 00:00:00, 20946.00, 20946.00, 20946.00, 20946.00, 561452, 245390
2024/10/7, 00:00:00, 20713.50, 20713.50, 20713.50, 20713.50, 451693, 240087
2024/10/8, 00:00:00, 21019.75, 21019.75, 21019.75, 21019.75, 445747, 250139
2024/10/9, 00:00:00, 21188.50, 21188.50, 21188.50, 21188.50, 422124, 253733
2024/10/10, 00:00:00, 21154.00, 21154.00, 21154.00, 21154.00, 451037, 251541
2024/10/11, 00:00:00, 21175.00, 21175.00, 21175.00, 21175.00, 385589, 252485
2024/10/14, 00:00:00, 21366.75, 21366.75, 21366.75, 21366.75, 396161, 255162
2024/10/15, 00:00:00, 21084.00, 21084.00, 21084.00, 21084.00, 523553, 241191
2024/10/16, 00:00:00, 21076.00, 21076.00, 21076.00, 21076.00, 418125, 243433
2024/10/17, 00:00:00, 21096.00, 21096.00, 21096.00, 21096.00, 536307, 249689
2024/10/18, 00:00:00, 21212.00, 21212.00, 21212.00, 21212.00, 386141, 239304
2024/10/21, 00:00:00, 21276.25, 21276.25, 21276.25, 21276.25, 456703, 240681
2024/10/22, 00:00:00, 21298.75, 21298.75, 21270.25, 21298.75, 476952, 245897
2024/10/23, 00:00:00, 20976.00, 20976.00, 20976.00, 20976.00, 619995, 247333
2024/10/24, 00:00:00, 21136.00, 21136.00, 21136.00, 21136.00, 463222, 244489
2024/10/25, 00:00:00, 21254.75, 21329.50, 21254.75, 21254.75, 587364, 249345
2024/10/28, 00:00:00, 21255.25, 21287.00, 21255.25, 21255.25, 430763, 250628
2024/10/29, 00:00:00, 21455.00, 21455.00, 21455.00, 21455.00, 498654, 257382
2024/10/30, 00:00:00, 21293.00, 21293.00, 21293.00, 21293.00, 520156, 258509
2024/10/31, 00:00:00, 20775.00, 20775.00, 20775.00, 20775.00, 688382, 257178
2024/11/1, 00:00:00, 20906.25, 20912.00, 20906.25, 20906.25, 554751, 250834
2024/11/4, 00:00:00, 20838.50, 20838.50, 20838.50, 20838.50, 521151, 254314
2024/11/5, 00:00:00, 21096.00, 21096.00, 21096.00, 21096.00, 451053, 252753
2024/11/6, 00:00:00, 21652.25, 21652.25, 21652.25, 21652.25, 634645, 263178
2024/11/7, 00:00:00, 21989.25, 21989.25, 21989.25, 21989.25, 463751, 271811
2024/11/8, 00:00:00, 22020.50, 22067.25, 22020.50, 22020.50, 402402, 273338
2024/11/11, 00:00:00, 22007.50, 22007.50, 22007.50, 22007.50, 456901, 271091
2024/11/12, 00:00:00, 21981.25, 21981.25, 21981.25, 21981.25, 512161, 277197
2024/11/13, 00:00:00, 21951.25, 21951.25, 21951.25, 21951.25, 534468, 284111
2024/11/14, 00:00:00, 21806.50, 21806.50, 21806.50, 21806.50, 565347, 294878
2024/11/15, 00:00:00, 21296.25, 21296.25, 21296.25, 21296.25, 693964, 281289
2024/11/18, 00:00:00, 21435.50, 21435.50, 21435.50, 21435.50, 526468, 273111
2024/11/19, 00:00:00, 21566.75, 21566.75, 21566.75, 21566.75, 554970, 275071
2024/11/20, 00:00:00, 21547.50, 21547.50, 21518.50, 21547.50, 621497, 282023
2024/11/21, 00:00:00, 21627.00, 21627.00, 21546.25, 21627.00, 700249, 276968
2024/11/22, 00:00:00, 21651.50, 21651.50, 21651.50, 21651.50, 542897, 277851
2024/11/25, 00:00:00, 21681.75, 21777.75, 21681.75, 21681.75, 545867, 274283
2024/11/26, 00:00:00, 21798.00, 21798.00, 21798.00, 21798.00, 506355, 275658
2024/11/27, 00:00:00, 21613.00, 21613.00, 21613.00, 21613.00, 521791, 275645
2024/11/29, 00:00:00, 21804.00, 21804.00, 21804.00, 21804.00, 341103, 279262
2024/12/2, 00:00:00, 22050.75, 22050.75, 22050.75, 22050.75, 478477, 291591
2024/12/3, 00:00:00, 22115.25, 22115.25, 22115.25, 22115.25, 446459, 293572
2024/12/4, 00:00:00, 22370.25, 22370.25, 22370.25, 22370.25, 466318, 305732
2024/12/5, 00:00:00, 22309.25, 22309.25, 22309.25, 22309.25, 424351, 301224
2024/12/6, 00:00:00, 22493.25, 22493.25, 22493.25, 22493.25, 463307, 302458
2024/12/9, 00:00:00, 22321.25, 22321.25, 22321.25, 22321.25, 524321, 294176
2024/12/10, 00:00:00, 22241.25, 22241.25, 22241.25, 22241.25, 549221, 291787
2024/12/11, 00:00:00, 22631.00, 22631.00, 22631.00, 22631.00, 557750, 300216
2024/12/12, 00:00:00, 22487.00, 22487.00, 22487.00, 22487.00, 530500, 287594
2024/12/13, 00:00:00, 22647.00, 22647.00, 22647.00, 22647.00, 757696, 293101
2024/12/16, 00:00:00, 22980.50, 22980.50, 22980.50, 22980.50, 918008, 316422
2024/12/17, 00:00:00, 22890.25, 22890.25, 22890.25, 22890.25, 845941, 324728
2024/12/18, 00:00:00, 22077.50, 22077.50, 22077.50, 22077.50, 943482, 331323
2024/12/19, 00:00:00, 21949.25, 22196.25, 21949.25, 21949.25, 868482, 336564
2024/12/20, 00:00:00, 22142.25, 22297.75, 22142.25, 22142.25, 866032, 237622
2024/12/23, 00:00:00, 22330.25, 22330.25, 22330.25, 22330.25, 509458, 239272
2024/12/24, 00:00:00, 22605.25, 22605.25, 22605.25, 22605.25, 261628, 246014
2024/12/26, 00:00:00, 22587.25, 22587.25, 22587.25, 22587.25, 408648, 243227
2024/12/27, 00:00:00, 22235.75, 22371.00, 22235.75, 22371.00, 573826, 243781
2024/12/30, 00:00:00, 22075.00, 22075.00, 22063.75, 22075.00, 533090, 250183
2024/12/31, 00:00:00, 21888.00, 21888.00, 21888.00, 21888.00, 478582, 252471
2025/1/2, 00:00:00, 21827.00, 21952.50, 21827.00, 21827.00, 666289, 254592
2025/1/3, 00:00:00, 22182.50, 22182.50, 22182.50, 22182.50, 489360, 251859
2025/1/6, 00:00:00, 22410.00, 22410.00, 22410.00, 22410.00, 575393, 244604
2025/1/7, 00:00:00, 22025.00, 22025.00, 22025.00, 22025.00, 646657, 241165
2025/1/8, 00:00:00, 22024.00, 22024.00, 21973.00, 22024.00, 639260, 240951
2025/1/9, 00:00:00, 22024.00, 22024.00, 21973.00, 22024.00, 77325, 241275
2025/1/10, 00:00:00, 21678.75, 21678.75, 21678.75, 21678.75, 705405, 243223
2025/1/13, 00:00:00, 21479.25, 21610.25, 21439.75, 21610.25, 619618, 252868
2025/1/14, 00:00:00, 21582.00, 21618.25, 21582.00, 21582.00, 677797, 253879
2025/1/15, 00:00:00, 22065.75, 22065.75, 22065.75, 22065.75, 552935, 254737
2025/1/16, 00:00:00, 21914.25, 21914.25, 21914.25, 21914.25, 599680, 253918
2025/1/17, 00:00:00, 22259.50, 22259.50, 22259.50, 22259.50, 594886, 258411
2025/1/21, 00:00:00, 22375.25, 22375.25, 22375.25, 22375.25, 663600, 254361
2025/1/22, 00:00:00, 22600.00, 22675.00, 22600.00, 22675.00, 509302, 253370
2025/1/23, 00:00:00, 22712.75, 22712.75, 22712.75, 22712.75, 476576, 254113
2025/1/24, 00:00:00, 22585.25, 22585.25, 22585.25, 22585.25, 523430, 255402
2025/1/27, 00:00:00, 21926.50, 21926.50, 21926.50, 21926.50, 1058625, 269586
2025/1/28, 00:00:00, 22249.75, 22249.75, 22249.75, 22249.75, 664719, 267882
2025/1/29, 00:00:00, 22193.00, 22193.00, 22193.00, 22193.00, 630792, 259523
2025/1/30, 00:00:00, 22295.00, 22295.00, 22295.00, 22295.00, 619023, 259682
2025/1/31, 00:00:00, 22261.00, 22448.25, 22261.00, 22261.00, 657082, 257322
2025/2/3, 00:00:00, 22074.75, 22074.75, 21801.00, 22074.75, 730538, 260957
2025/2/4, 00:00:00, 22370.00, 22370.00, 22343.50, 22343.50, 498304, 259061
2025/2/5, 00:00:00, 22437.75, 22437.75, 22324.25, 22437.75, 498679, 260459
2025/2/6, 00:00:00, 22546.50, 22546.50, 22546.50, 22546.50, 439507, 260875
2025/2/7, 00:00:00, 22638.75, 22638.75, 22264.75, 22264.75, 600170, 258655
2025/2/10, 00:00:00, 22344.50, 22522.75, 22344.50, 22522.75, 392281, 264502
2025/2/11, 00:00:00, 22462.25, 22462.25, 22462.25, 22462.25, 423703, 263509
2025/2/12, 00:00:00, 22480.00, 22480.00, 22341.50, 22480.00, 547061, 268182
2025/2/13, 00:00:00, 22790.00, 22790.00, 22790.00, 22790.00, 537945, 279354
2025/2/14, 00:00:00, 22875.75, 22875.75, 22875.75, 22875.75, 433988, 286098
2025/2/18, 00:00:00, 22911.25, 22911.25, 22911.25, 22911.25, 568222, 289760
2025/2/19, 00:00:00, 22930.00, 22930.00, 22930.00, 22930.00, 497009, 297760
2025/2/20, 00:00:00, 22819.25, 22819.25, 22776.00, 22819.25, 564604, 296276
2025/2/21, 00:00:00, 22350.50, 22350.50, 22350.50, 22350.50, 710533, 284281
2025/2/24, 00:00:00, 22092.25, 22092.25, 22092.25, 22092.25, 673314, 286734
2025/2/25, 00:00:00, 21818.50, 21818.50, 21810.25, 21818.50, 809330, 286114
2025/2/26, 00:00:00, 21856.00, 21897.00, 21856.00, 21856.00, 648777, 284902
2025/2/27, 00:00:00, 21264.50, 21866.00, 21264.50, 21264.50, 858271, 287002
2025/2/28, 00:00:00, 21573.75, 21573.75, 21573.75, 21573.75, 849741, 290705
2025/3/3, 00:00:00, 21118.00, 21118.00, 21118.00, 21118.00, 838506, 287629
2025/3/4, 00:00:00, 21044.25, 21044.25, 21044.25, 21044.25, 966911, 288147
2025/3/5, 00:00:00, 21312.75, 21312.75, 21312.75, 21312.75, 788776, 281550
2025/3/6, 00:00:00, 20725.00, 20725.00, 20725.00, 20725.00, 771592, 283349
2025/3/7, 00:00:00, 20865.00, 20865.00, 20535.50, 20865.00, 774995, 283737
2025/3/10, 00:00:00, 20100.00, 20100.00, 20028.75, 20069.25, 813707, 303104
2025/3/11, 00:00:00, 19800.00, 20017.50, 19800.00, 20017.50, 882424, 303084
2025/3/12, 00:00:00, 20178.75, 20178.75, 20178.75, 20178.75, 724645, 298761
2025/3/13, 00:00:00, 19806.75, 19806.75, 19806.75, 19806.75, 799059, 291464
2025/3/14, 00:00:00, 20276.75, 20276.75, 20276.75, 20276.75, 849711, 292642
2025/3/17, 00:00:00, 20437.75, 20437.75, 20437.75, 20437.75, 1094020, 296806
2025/3/18, 00:00:00, 20096.75, 20096.75, 20096.75, 20096.75, 930036, 301517
2025/3/19, 00:00:00, 20346.50, 20404.50, 20346.50, 20346.50, 785353, 292653
2025/3/20, 00:00:00, 20277.00, 20350.50, 20277.00, 20277.00, 723609, 287969
2025/3/21, 00:00:00, 20357.00, 20357.00, 20135.50, 20357.00, 605795, 225720
2025/3/24, 00:00:00, 20632.75, 20779.75, 20632.75, 20773.50, 555563, 226585
2025/3/25, 00:00:00, 20891.00, 20891.00, 20710.00, 20891.00, 471609, 224189
2025/3/26, 00:00:00, 20519.00, 20915.25, 20461.00, 20519.00, 621604, 227486
2025/3/27, 00:00:00, 20498.00, 20573.25, 20354.75, 20391.00, 635617, 233593
2025/3/28, 00:00:00, 20000.25, 20012.00, 19802.75, 19845.00, 698142, 240148
2025/3/31, 00:00:00, 19613.00, 19834.75, 19388.00, 19833.50, 843821, 245407
2025/4/1, 00:00:00, 19835.00, 20000.00, 19645.50, 19977.00, 792233, 247658
2025/4/2, 00:00:00, 20138.00, 20292.25, 19616.75, 20138.00, 837686, 246414
2025/4/3, 00:00:00, 19280.50, 19515.50, 18984.75, 19042.00, 895831, 263636
2025/4/4, 00:00:00, 19039.50, 19041.50, 17827.25, 17890.00, 1203009, 268585
2025/4/7, 00:00:00, 16900.00, 18531.00, 16873.00, 17916.00, 1143591, 261690
2025/4/8, 00:00:00, 18650.00, 18662.25, 17320.75, 17575.50, 959276, 254563
2025/4/9, 00:00:00, 17125.50, 19658.25, 17080.50, 19658.25, 1090825, 244017
2025/4/10, 00:00:00, 19400.00, 19709.00, 18286.75, 18839.25, 977049, 235271
2025/4/11, 00:00:00, 19171.50, 19201.75, 18444.50, 19171.50, 669057, 234076
2025/4/14, 00:00:00, 19302.75, 19585.00, 19116.50, 19302.75, 571036, 235508
2025/4/15, 00:00:00, 19325.75, 19475.75, 19195.00, 19325.75, 526183, 235406
2025/4/16, 00:00:00, 18979.75, 19189.25, 18490.00, 18750.50, 684026, 241557
2025/4/17, 00:00:00, 18749.00, 18979.00, 18626.75, 18749.00, 629840, 237820
2025/4/21, 00:00:00, 18281.50, 18281.50, 18065.25, 18281.50, 485431, 242476
2025/4/22, 00:00:00, 18398.25, 18839.50, 18230.75, 18745.75, 619876, 242084
2025/4/23, 00:00:00, 19234.50, 19503.00, 19169.25, 19169.25, 734786, 239260
2025/4/24, 00:00:00, 19548.25, 19710.25, 18973.50, 19693.75, 600091, 240870
2025/4/25, 00:00:00, 19790.00, 19907.00, 19599.50, 19907.00, 588335, 244473
2025/4/28, 00:00:00, 19850.00, 19962.75, 19640.50, 19899.75, 515090, 246243
2025/4/29, 00:00:00, 19945.50, 20028.50, 19762.25, 20013.75, 566039, 246874
2025/4/30, 00:00:00, 19947.00, 20220.50, 19530.75, 20030.25, 714646, 251919
2025/5/1, 00:00:00, 20214.00, 20466.75, 20187.25, 20251.00, 589751, 251705
2025/5/2, 00:00:00, 20139.50, 20633.00, 20132.50, 20579.75, 518760, 257914
2025/5/5, 00:00:00, 20405.00, 20548.75, 20363.25, 20439.25, 419419, 257701
2025/5/6, 00:00:00, 20250.00, 20256.25, 20129.25, 20256.25, 515392, 258249
2025/5/7, 00:00:00, 20341.25, 20482.75, 20067.50, 20341.25, 598171, 259114
2025/5/8, 00:00:00, 20575.75, 20697.25, 20302.50, 20532.50, 568655, 262779
2025/5/9, 00:00:00, 20604.50, 20645.00, 20454.00, 20522.50, 454076, 261558
2025/5/12, 00:00:00, 20801.00, 21388.50, 20801.00, 21349.00, 639896, 276586
2025/5/13, 00:00:00, 21550.00, 21748.25, 21243.00, 21683.75, 527626, 283667
2025/5/14, 00:00:00, 21697.50, 21837.50, 21660.50, 21816.00, 514492, 292809
2025/5/15, 00:00:00, 21828.75, 21948.00, 21633.75, 21828.75, 543831, 288341
2025/5/16, 00:00:00, 21763.50, 21939.75, 21761.50, 21939.75, 420847, 285896
2025/5/19, 00:00:00, 21759.75, 21992.75, 21560.25, 21964.25, 521392, 283723
2025/5/20, 00:00:00, 21945.00, 21989.50, 21750.00, 21886.00, 438452, 279368
2025/5/21, 00:00:00, 21730.00, 21992.75, 21520.00, 21592.00, 607056, 281349
2025/5/22, 00:00:00, 21603.00, 21756.75, 21480.75, 21613.25, 513605, 279741
2025/5/23, 00:00:00, 21500.00, 21651.50, 21167.75, 21404.75, 529692, 271735
2025/5/27, 00:00:00, 21530.25, 21909.75, 21400.00, 21896.75, 532576, 275143
2025/5/28, 00:00:00, 21905.00, 21989.50, 21797.00, 21817.75, 422753, 270386
2025/5/29, 00:00:00, 22153.00, 22286.25, 21753.50, 21847.25, 566169, 269756
2025/5/30, 00:00:00, 21778.25, 21854.75, 21515.50, 21815.00, 552998, 268914
2025/6/2, 00:00:00, 21780.00, 21972.50, 21614.75, 21972.50, 436493, 274595
2025/6/3, 00:00:00, 22066.50, 22190.50, 21846.50, 22144.00, 429405, 277034
2025/6/4, 00:00:00, 22125.25, 22228.75, 22088.75, 22205.75, 405253, 275689
2025/6/5, 00:00:00, 22160.00, 22365.75, 21956.25, 22020.50, 595361, 273583
2025/6/6, 00:00:00, 22203.00, 22305.50, 21930.50, 22231.00, 469818, 275499
2025/6/9, 00:00:00, 22245.25, 22328.50, 22171.25, 22263.00, 357820, 273358
2025/6/10, 00:00:00, 22290.00, 22421.75, 22182.50, 22404.00, 444686, 276888
2025/6/11, 00:00:00, 22374.00, 22531.75, 22238.75, 22329.00, 534244, 277748
2025/6/12, 00:00:00, 22303.50, 22411.75, 22164.00, 22375.50, 422394, 289470
2025/6/13, 00:00:00, 22312.00, 22312.00, 21939.25, 22076.75, 675860, 288121
2025/6/16, 00:00:00, 22045.50, 22427.25, 22040.00, 22384.00, 756513, 309655
2025/6/17, 00:00:00, 22330.50, 22340.00, 22134.25, 22172.50, 649544, 311779
2025/6/18, 00:00:00, 22100.00, 22300.25, 22075.00, 22162.00, 598660, 310725
2025/6/20, 00:00:00, 22070.00, 22341.50, 21874.75, 22058.25, 650276, 234148
2025/6/23, 00:00:00, 21879.25, 22306.50, 21793.25, 22288.25, 550371, 240805
2025/6/24, 00:00:00, 22274.25, 22664.75, 22274.25, 22629.25, 448678, 253330
2025/6/25, 00:00:00, 22607.75, 22764.50, 22603.75, 22676.75, 397959, 253031
2025/6/26, 00:00:00, 22660.25, 22910.00, 22654.50, 22886.75, 422812, 260095
2025/6/27, 00:00:00, 22899.25, 23039.00, 22818.50, 22971.50, 488449, 261274
2025/6/30, 00:00:00, 23013.50, 23152.50, 22983.50, 23114.75, 434952, 269290
2025/7/1, 00:00:00, 23089.50, 23136.75, 22816.50, 22911.25, 495772, 265393
2025/7/2, 00:00:00, 22915.00, 23074.00, 22803.25, 23063.25, 409290, 265259
2025/7/3, 00:00:00, 23076.00, 23328.00, 23049.00, 23289.75, 269698, 271474
2025/7/7, 00:00:00, 23201.75, 23245.75, 23007.75, 23109.75, 538641, 269672
2025/7/8, 00:00:00, 23073.25, 23196.00, 23038.75, 23123.50, 421132, 270422
2025/7/9, 00:00:00, 23132.25, 23337.75, 23072.75, 23280.50, 450903, 269764
2025/7/10, 00:00:00, 23259.75, 23316.00, 23129.00, 23241.00, 392049, 267862
2025/7/11, 00:00:00, 23230.00, 23274.00, 23059.75, 23186.75, 461738, 270612
2025/7/14, 00:00:00, 23082.00, 23293.75, 23035.75, 23264.50, 414873, 276603
2025/7/15, 00:00:00, 23250.75, 23451.25, 23227.00, 23289.25, 525104, 271661
2025/7/16, 00:00:00, 23253.75, 23330.25, 23067.25, 23308.25, 549230, 268534
2025/7/17, 00:00:00, 23275.00, 23512.00, 23250.00, 23485.00, 446103, 286688
2025/7/18, 00:00:00, 23480.00, 23553.00, 23407.50, 23458.50, 451427, 274931
2025/7/21, 00:00:00, 23483.00, 23658.50, 23443.25, 23577.25, 399265, 278054
2025/7/22, 00:00:00, 23581.75, 23600.00, 23346.00, 23461.50, 538310, 270972
2025/7/23, 00:00:00, 23412.00, 23652.25, 23383.75, 23547.25, 513726, 271853
2025/7/24, 00:00:00, 23640.75, 23659.50, 23536.75, 23614.75, 435905, 274686
2025/7/25, 00:00:00, 23624.00, 23711.00, 23569.50, 23658.50, 395838, 276172
2025/7/28, 00:00:00, 23766.25, 23822.50, 23665.00, 23728.25, 424662, 281396
2025/7/29, 00:00:00, 23745.00, 23887.75, 23659.25, 23688.50, 538731, 281762
2025/7/30, 00:00:00, 23702.00, 23927.75, 23597.25, 23719.25, 539676, 284469
2025/7/31, 00:00:00, 23927.50, 24087.00, 23534.00, 23604.25, 741046, 281277
2025/8/1, 00:00:00, 23578.75, 23583.00, 23016.50, 23109.00, 805777, 274125
2025/8/4, 00:00:00, 23106.00, 23576.75, 23048.75, 23523.25, 473453, 278978
2025/8/5, 00:00:00, 23546.00, 23629.50, 23308.25, 23359.00, 543488, 277507
2025/8/6, 00:00:00, 23292.50, 23672.00, 23274.50, 23651.75, 528398, 286409
2025/8/7, 00:00:00, 23645.00, 23903.00, 23562.50, 23727.00, 562983, 283788
2025/8/8, 00:00:00, 23791.75, 24003.75, 23737.25, 23949.25, 454964, 292500
2025/8/11, 00:00:00, 23992.50, 24038.50, 23824.00, 23872.50, 444559, 291919
2025/8/12, 00:00:00, 23872.00, 24185.00, 23831.50, 24172.50, 489756, 303576
2025/8/13, 00:00:00, 24169.25, 24302.25, 24115.25, 24179.50, 454736, 299408
2025/8/14, 00:00:00, 24169.50, 24239.25, 24028.75, 24166.50, 493218, 301957
2025/8/15, 00:00:00, 24135.00, 24196.00, 23970.50, 24040.75, 442870, 294187
2025/8/18, 00:00:00, 24068.00, 24118.25, 23952.75, 24034.25, 400033, 295888
2025/8/19, 00:00:00, 24057.75, 24071.00, 23660.00, 23702.25, 558253, 289577
2025/8/20, 00:00:00, 23703.00, 23716.25, 23266.00, 23556.75, 715524, 283497
2025/8/21, 00:00:00, 23558.75, 23601.75, 23353.75, 23453.50, 527989, 283607
2025/8/22, 00:00:00, 23475.00, 23882.50, 23313.75, 23805.25, 492558, 282920
2025/8/25, 00:00:00, 23823.00, 23861.50, 23680.25, 23733.75, 400195, 284630
2025/8/26, 00:00:00, 23749.00, 23845.50, 23605.50, 23827.75, 445121, 284355
2025/8/27, 00:00:00, 23849.50, 23915.00, 23673.00, 23864.00, 437332, 282869
2025/8/28, 00:00:00, 23751.00, 24040.00, 23725.25, 24007.75, 487463, 291229
2025/8/29, 00:00:00, 23988.25, 23996.00, 23636.75, 23696.25, 540693, 283648
2025/9/2, 00:00:00, 23655.00, 23785.75, 23251.50, 23506.25, 747520, 282221
2025/9/3, 00:00:00, 23617.00, 23760.00, 23534.75, 23682.00, 565867, 283253
2025/9/4, 00:00:00, 23693.75, 23942.25, 23642.75, 23903.75, 487593, 289104
2025/9/5, 00:00:00, 23938.00, 24136.25, 23736.25, 23915.50, 679063, 291712
2025/9/8, 00:00:00, 23901.75, 24120.50, 23885.50, 24033.00, 461954, 292409
2025/9/9, 00:00:00, 24042.75, 24152.00, 23960.75, 24108.00, 479005, 296970
2025/9/10, 00:00:00, 24130.00, 24276.75, 24017.50, 24110.50, 530953, 294045
2025/9/11, 00:00:00, 24092.75, 24281.25, 24083.75, 24248.25, 463486, 301191
2025/9/12, 00:00:00, 24255.75, 24395.75, 24200.75, 24351.00, 491658, 315208
2025/9/15, 00:00:00, 24353.00, 24556.75, 24317.75, 24550.75, 726381, 343734
2025/9/16, 00:00:00, 24533.75, 24647.25, 24499.25, 24522.25, 642857, 351421
2025/9/17, 00:00:00, 24526.75, 24553.00, 24242.00, 24465.25, 781811, 343827
2025/9/18, 00:00:00, 24498.50, 24816.00, 24495.25, 24705.50, 664511, 340391
2025/9/19, 00:00:00, 24717.75, 24888.00, 24655.00, 24866.25, 505939, 278226
2025/9/22, 00:00:00, 24850.00, 25027.25, 24748.75, 25003.00, 481393, 277692
2025/9/23, 00:00:00, 24995.00, 25026.00, 24780.50, 24827.25, 564579, 274695
2025/9/24, 00:00:00, 24839.50, 24913.50, 24627.00, 24739.25, 530853, 274312
2025/9/25, 00:00:00, 24746.00, 24793.50, 24422.50, 24629.25, 710863, 276236
2025/9/26, 00:00:00, 24642.50, 24747.50, 24520.00, 24726.75, 549258, 271468
2025/9/29, 00:00:00, 24726.50, 24975.50, 24721.75, 24837.75, 508811, 273122
2025/9/30, 00:00:00, 24817.75, 24913.75, 24722.25, 24901.75, 513704, 278188
2025/10/1, 00:00:00, 24843.00, 25036.75, 24633.25, 25017.50, 475056, 283342
2025/10/2, 00:00:00, 25009.25, 25180.00, 24993.75, 25110.00, 460731, 282871
2025/10/3, 00:00:00, 25101.50, 25196.50, 24923.25, 24992.00, 491230, 279370
2025/10/6, 00:00:00, 25000.00, 25252.75, 24995.00, 25184.75, 415275, 286784
2025/10/7, 00:00:00, 25184.50, 25275.00, 24984.75, 25039.25, 539852, 285401
2025/10/8, 00:00:00, 25059.75, 25364.75, 25026.25, 25331.00, 451748, 289992
2025/10/9, 00:00:00, 25351.50, 25394.00, 25160.75, 25289.25, 501487, 287513
2025/10/10, 00:00:00, 25287.75, 25388.00, 24158.50, 24397.00, 936141, 282457
2025/10/13, 00:00:00, 24542.00, 24965.00, 24542.00, 24922.25, 661356, 277006
2025/10/14, 00:00:00, 24913.75, 25044.25, 24421.00, 24762.50, 730064, 278830
2025/10/15, 00:00:00, 24754.00, 25115.00, 24663.25, 24924.50, 637794, 282174
2025/10/16, 00:00:00, 24937.00, 25179.50, 24643.50, 24831.25, 739709, 282734
2025/10/17, 00:00:00, 24793.75, 25055.75, 24410.00, 24986.50, 744695, 284839
2025/10/20, 00:00:00, 25065.75, 25354.50, 24955.75, 25305.25, 437680, 290571
2025/10/21, 00:00:00, 25326.75, 25368.00, 25203.25, 25294.75, 441891, 289838
2025/10/22, 00:00:00, 25283.75, 25338.25, 24804.75, 25039.25, 695963, 279609
2025/10/23, 00:00:00, 25012.25, 25296.00, 24937.00, 25254.00, 527912, 283565
2025/10/24, 00:00:00, 25283.25, 25570.75, 25276.00, 25509.25, 468501, 292317
2025/10/27, 00:00:00, 25723.50, 26013.50, 25700.00, 25963.75, 435920, 293369
2025/10/28, 00:00:00, 26002.50, 26231.50, 25943.00, 26163.50, 452725, 299186
2025/10/29, 00:00:00, 26179.75, 26379.75, 26049.25, 26262.50, 558826, 299695
2025/10/30, 00:00:00, 26154.50, 26399.00, 25853.00, 25882.75, 667037, 296973
2025/10/31, 00:00:00, 26150.50, 26274.00, 25888.75, 26004.00, 599089, 291812
2025/11/3, 00:00:00, 26028.25, 26266.00, 26012.75, 26103.25, 474289, 293302
2025/11/4, 00:00:00, 26104.50, 26104.50, 25522.75, 25575.25, 670606, 292709
2025/11/5, 00:00:00, 25545.00, 25880.00, 25282.00, 25746.25, 619499, 291975
2025/11/6, 00:00:00, 25738.50, 25822.25, 25197.75, 25244.25, 755759, 298945
2025/11/7, 00:00:00, 25314.75, 25354.75, 24709.25, 25166.25, 766713, 297552
2025/11/10, 00:00:00, 25320.75, 25760.50, 25269.00, 25714.50, 627300, 296639
2025/11/11, 00:00:00, 25722.25, 25768.75, 25478.50, 25640.75, 538705, 295835
2025/11/12, 00:00:00, 25668.00, 25830.00, 25488.75, 25623.75, 607138, 298734
2025/11/13, 00:00:00, 25624.00, 25721.50, 25002.50, 25094.75, 776293, 305182
2025/11/14, 00:00:00, 25095.25, 25293.25, 24626.00, 25094.00, 863807, 294670
2025/11/17, 00:00:00, 25142.25, 25361.25, 24731.75, 24879.00, 740250, 295084
2025/11/18, 00:00:00, 24905.50, 24959.50, 24376.25, 24595.75, 872920, 299587
2025/11/19, 00:00:00, 24551.00, 24988.00, 24445.00, 24721.75, 772139, 295289
2025/11/20, 00:00:00, 24966.75, 25310.00, 24073.25, 24131.50, 998704, 304450
2025/11/21, 00:00:00, 24110.00, 24596.25, 23904.50, 24305.50, 921338, 301739
2025/11/24, 00:00:00, 24455.75, 24993.50, 24361.75, 24948.25, 605592, 300040
2025/11/25, 00:00:00, 24966.25, 25135.25, 24602.00, 25085.50, 632120, 296684
2025/11/26, 00:00:00, 25071.25, 25376.00, 25061.25, 25302.25, 523626, 300491
2025/11/28, 00:00:00, 25324.50, 25499.75, 25285.75, 25482.00, 200268, 303169
2025/12/1, 00:00:00, 25482.50, 25546.00, 25193.25, 25391.25, 576518, 304326
2025/12/2, 00:00:00, 25411.50, 25670.00, 25324.75, 25606.00, 564116, 308211
2025/12/3, 00:00:00, 25611.00, 25685.25, 25421.50, 25657.50, 497224, 312162
2025/12/4, 00:00:00, 25650.25, 25732.50, 25488.75, 25622.75, 511632, 314352
2025/12/5, 00:00:00, 25629.75, 25868.00, 25579.75, 25732.00, 500995, 315813
2025/12/8, 00:00:00, 25750.00, 25860.75, 25564.75, 25664.00, 477756, 320495
2025/12/9, 00:00:00, 25713.00, 25735.75, 25560.00, 25699.75, 412381, 325383
2025/12/10, 00:00:00, 25680.00, 25870.75, 25528.75, 25798.00, 571584, 330174
2025/12/11, 00:00:00, 25769.50, 25861.50, 25383.00, 25713.50, 665712, 324252
2025/12/12, 00:00:00, 25701.00, 25733.25, 25118.00, 25213.50, 849787, 332069
2025/12/15, 00:00:00, 25223.50, 25410.00, 25033.25, 25093.25, 947436, 348405
2025/12/16, 00:00:00, 25101.25, 25202.50, 24828.00, 25139.00, 920062, 378693
2025/12/17, 00:00:00, 25091.75, 25266.00, 24654.50, 24668.75, 834378, 386714
2025/12/18, 00:00:00, 24744.00, 25178.00, 24675.50, 25028.25, 823094, 372388
2025/12/19, 00:00:00, 25002.50, 25160.00, 24977.50, 25132.79, 503393, 269452
